3 0.18872700 0.41515000 0.07396100 0.04982100
3 0.48520800 0.42951900 0.03800100 0.03332800
3 0.61795500 0.42620300 0.03621500 0.03043700
3 0.78283600 0.43921100 0.00688600 0.00680200
3 0.78334600 0.43929600 0.00535600 0.00629100
3 0.74432500 0.45468500 0.00535600 0.00510100
2 0.49426200 0.49056300 0.10201500 0.09352200
2 0.61068600 0.47687500 0.08951800 0.07940800
2 0.21486900 0.51334800 0.16909000 0.15745600
0 0.22124500 0.60772000 0.22621800 0.44074100
0 0.49642900 0.53825900 0.15582800 0.26713100
0 0.64881400 0.51513300 0.19280800 0.21509900
0 0.78194300 0.45247400 0.02244300 0.03672800
