3 0.58870000 0.32889400 0.07210800 0.11864400
3 0.39982100 0.48210900 0.05273500 0.10384700
3 0.80071700 0.48305100 0.02834100 0.11864400
3 0.20089700 0.46610200 0.06887900 0.17567900
3 0.39865500 0.46287300 0.07121100 0.15200400
3 0.59856500 0.30360500 0.11372200 0.17406500
3 0.85928300 0.46529500 0.14260100 0.22356700
3 0.16627800 0.41175700 0.15748900 0.28544500
0 0.38672600 0.53443600 0.22923800 0.28544500
0 0.57793700 0.47646000 0.29991000 0.53215000
0 0.23174900 0.62792600 0.46349800 0.72639200
0 0.84538100 0.64568200 0.30923800 0.59994600
