3 0.26058100 0.31365400 0.09791300 0.17061100
3 0.26419000 0.33589100 0.08016400 0.12509800
3 0.39740600 0.43472000 0.08718500 0.15838800
3 0.39545500 0.46254900 0.07080200 0.10065000
3 0.52028500 0.36528000 0.11137100 0.18907700
3 0.51813900 0.40741200 0.07743300 0.10325100
3 0.73434800 0.40884300 0.10415400 0.19037700
3 0.72888600 0.44824400 0.08621000 0.10949300
0 0.22537500 0.47893400 0.23698100 0.50065000
0 0.55968400 0.50689200 0.19173000 0.47594300
0 0.43778000 0.53029900 0.18978000 0.34746400
0 0.75853300 0.54837500 0.27657500 0.47308200
