3 0.88287500 0.36333300 0.23425000 0.19000000
3 0.51562500 0.43350000 0.15425000 0.13200000
3 0.30162500 0.42558300 0.08925000 0.07516700
3 0.09262500 0.42383300 0.06175000 0.06433300
3 0.86725000 0.29625000 0.26550000 0.32416700
3 0.55387500 0.40566700 0.24425000 0.18266700
3 0.32287500 0.40691700 0.13525000 0.11750000
3 0.10825000 0.40325000 0.12050000 0.09083300
0 0.25687500 0.47375000 0.41025000 0.27150000
0 0.53287500 0.50550000 0.65525000 0.39433300
0 0.15862500 0.45166700 0.23475000 0.17800000
0 0.64850000 0.57550000 0.70300000 0.84900000
