3 0.09217900 0.72191800 0.05439800 0.06560600
3 0.09995000 0.72751000 0.03852500 0.05243500
3 0.55853200 0.67196800 0.04828000 0.07355900
3 0.45957300 0.23620800 0.04480800 0.09617300
3 0.46172300 0.25422500 0.03554900 0.05914500
3 0.69022800 0.31175400 0.04976900 0.09120300
3 0.68378000 0.33051700 0.03554900 0.05069600
3 0.80795300 0.53280300 0.04414700 0.08051700
3 0.80605200 0.54845900 0.03207700 0.04771400
0 0.10598500 0.77137200 0.13591300 0.45725600
0 0.56200400 0.75621275 0.13822800 0.48757450
0 0.45949100 0.46769400 0.13359800 0.56013900
0 0.67774500 0.53628200 0.12665300 0.54522900
0 0.79976900 0.60959200 0.11805600 0.23508900
