3 0.36229900 0.44312000 0.01845800 0.03426500
3 0.38203600 0.45970400 0.01553400 0.02576800
3 0.49333000 0.44887600 0.01334100 0.02659000
3 0.55875400 0.45805900 0.01224400 0.02357500
3 0.36440100 0.45175400 0.00913700 0.01589900
3 0.49396900 0.45778500 0.00950300 0.00877200
1 0.36266400 0.43736300 0.02065100 0.02330000
0 0.34649100 0.47724800 0.05445900 0.10800400
0 0.49269000 0.47409500 0.05957600 0.07922100
0 0.38852300 0.49602500 0.06359600 0.10060300
0 0.56350500 0.48204500 0.03453900 0.07483600
