3 0.83232600 0.30357600 0.12284000 0.23969900
3 0.67674500 0.37548600 0.08845900 0.14407900
3 0.56383900 0.45711300 0.06513500 0.09225200
3 0.51062500 0.46553500 0.04025600 0.07748100
3 0.87491400 0.22013500 0.24429900 0.41850200
3 0.68460600 0.31497800 0.15152000 0.28427100
3 0.57316900 0.41293100 0.11282000 0.20704800
3 0.51909100 0.44610000 0.05718700 0.12360700
0 0.69808200 0.50090700 0.34744300 0.65042800
0 0.49654500 0.51205000 0.17726300 0.25291500
0 0.77842100 0.51438200 0.44315800 0.97123600
0 0.59381500 0.53990700 0.24049800 0.44182400
