3 0.50904000 0.35245500 0.16763400 0.16681500
3 0.48571400 0.33348200 0.21473200 0.20565500
3 0.28125000 0.44702400 0.18973200 0.18720200
3 0.21596000 0.41160700 0.32165200 0.26160700
3 0.60279000 0.25424100 0.09799100 0.09479200
3 0.60312500 0.24598200 0.11830400 0.11041700
3 0.57957600 0.14709800 0.15022300 0.14925600
0 0.27667400 0.64360100 0.55290200 0.71279800
0 0.58861600 0.46689000 0.66250000 0.47128000
0 0.70234400 0.31279800 0.31718800 0.26011900
0 0.42321400 0.19702400 0.51071400 0.25714300
