3 0.16416700 0.32150000 0.13033300 0.25050000
3 0.17650000 0.35887500 0.10500000 0.17325000
3 0.45466700 0.32450000 0.11000000 0.22000000
3 0.44033300 0.34950000 0.08233300 0.17100000
3 0.62908300 0.26025000 0.09716700 0.21650000
3 0.63400000 0.29737500 0.06733300 0.14225000
3 0.82325000 0.36912500 0.11283300 0.24675000
3 0.81366700 0.40575000 0.09233300 0.17550000
0 0.19975000 0.55812500 0.39083300 0.73225000
0 0.43816700 0.47250000 0.32666700 0.53300000
0 0.62483300 0.42550000 0.20600000 0.54950000
0 0.83083300 0.47550000 0.26566700 0.46450000
