3 0.01858500 0.62319500 0.01046600 0.01251200
3 0.06225200 0.62066900 0.01479600 0.01275300
3 0.10231000 0.62283400 0.01046600 0.01082800
3 0.14218700 0.62319500 0.01154800 0.01251200
3 0.17141800 0.62271400 0.01082600 0.01347400
3 0.43828900 0.61766100 0.01190900 0.01203100
3 0.35655000 0.59889300 0.01732200 0.01058700
3 0.23926400 0.47702100 0.01082600 0.01034600
3 0.33327300 0.45813300 0.01046600 0.01203100
3 0.38794700 0.44742500 0.01010500 0.01179000
3 0.70840900 0.61309000 0.01154800 0.01155000
3 0.73601600 0.61477400 0.01046600 0.01203100
3 0.75478200 0.62091000 0.01046600 0.01227100
3 0.81613100 0.61934600 0.00974400 0.01203100
3 0.87206800 0.62271400 0.00974400 0.01395600
3 0.91014100 0.61958600 0.00938300 0.01443700
3 0.73673800 0.61525500 0.00830000 0.00914300
2 0.01840500 0.63787300 0.03031400 0.02694900
2 0.06297400 0.63703100 0.03067500 0.02574600
2 0.10158800 0.63907600 0.02490100 0.02502400
2 0.13875900 0.64003800 0.02778800 0.02839300
2 0.17196000 0.63667000 0.02634400 0.02743000
2 0.24052700 0.49157800 0.02417900 0.02358000
2 0.35745200 0.61284900 0.02490100 0.02598700
2 0.43756800 0.63185800 0.03067500 0.02406200
2 0.70858900 0.62897000 0.02634400 0.02598700
2 0.73294800 0.63113600 0.02165300 0.02117400
2 0.75478200 0.63546700 0.03284000 0.02791100
2 0.90653200 0.63642900 0.02309600 0.02743000
2 0.87134600 0.63991800 0.02562300 0.02911500
0 0.01858500 0.65062600 0.03572700 0.07122200
0 0.05900400 0.64797900 0.04005800 0.06977900
0 0.10104700 0.64978300 0.03392300 0.07050000
0 0.13731500 0.64954300 0.03139700 0.06857600
0 0.17141800 0.65026500 0.04041900 0.06761300
0 0.35582800 0.62355600 0.02814900 0.06039500
0 0.43738700 0.64641500 0.03753200 0.06953800
0 0.24034600 0.50457200 0.03392300 0.06592900
0 0.33760400 0.48375800 0.05232800 0.05750700
0 0.38740500 0.47497600 0.07181500 0.06448500
0 0.90526900 0.64906200 0.02490100 0.07820000
0 0.86936100 0.65170800 0.02959200 0.07290700
0 0.81974000 0.65002400 0.03789200 0.07290700
0 0.75460100 0.64773800 0.03247900 0.06641000
0 0.72843700 0.64449000 0.03067500 0.06953800
0 0.70443900 0.64052000 0.03464500 0.07218500
