3 0.57518100 0.68104600 0.01902200 0.03192900
3 0.57891800 0.68834900 0.01019000 0.01936100
3 0.75736000 0.70720100 0.01381300 0.02785300
3 0.75736000 0.71076800 0.00973700 0.02072000
3 0.71546600 0.67578100 0.01471900 0.03023100
3 0.71558000 0.68138600 0.01132200 0.01766300
3 0.70142700 0.68919800 0.01653100 0.02106000
0 0.72090100 0.73539400 0.02558900 0.15217400
0 0.76030300 0.75051000 0.03691100 0.11447000
0 0.56850100 0.73624300 0.04913900 0.14232300
0 0.70142700 0.74371600 0.04823400 0.13281200
