3 0.10504200 0.60677800 0.00695800 0.02073700
3 0.10449200 0.61018300 0.00537100 0.01145200
3 0.20105000 0.63587100 0.00732400 0.02197500
3 0.20007300 0.63989500 0.00463900 0.01207100
3 0.27374300 0.65939300 0.00451700 0.00773800
3 0.27356000 0.65567900 0.00708000 0.01702300
3 0.33117700 0.64376400 0.00805700 0.02909300
3 0.33105500 0.64778700 0.00634800 0.01795100
0 0.10821500 0.62828800 0.01916500 0.06499500
0 0.20227100 0.65490600 0.02221700 0.06004300
0 0.33355700 0.66821400 0.01965300 0.07985100
0 0.27331500 0.66620200 0.01879900 0.05663900
0 0.16998300 0.65397700 0.01306200 0.04394900
