3 0.12275000 0.96004000 0.13183300 0.07992000
3 0.15833300 0.96715800 0.05933300 0.06568400
3 0.14708300 0.04707800 0.10450000 0.09365600
3 0.13516700 0.06106400 0.07966700 0.06718300
3 0.45533300 0.03022000 0.11433300 0.05994000
3 0.47958300 0.02984500 0.06516700 0.05919100
3 0.73833300 0.05332200 0.15133300 0.10614400
3 0.68775000 0.06730800 0.05016700 0.07517500
0 0.67741700 0.13723800 0.31483300 0.27397600
0 0.77575000 0.86326175 0.22083300 0.27347650
0 0.41775000 0.93456500 0.24983300 0.13086900
0 0.43041700 0.14023500 0.26016700 0.27997000
0 0.17700000 0.92607400 0.32900000 0.14785200
0 0.92175000 0.49887600 0.15650000 0.58466500
0 0.19075000 0.21915600 0.29650000 0.43781200
0 0.04058300 0.50274700 0.08083300 0.28022000
