3 0.13297900 0.52365600 0.07222800 0.09210500
3 0.27724900 0.28415500 0.05393800 0.08510600
3 0.48908200 0.39067700 0.07596100 0.12849900
3 0.65173600 0.33860600 0.05711100 0.07530800
3 0.80785700 0.57138900 0.06401600 0.09350500
3 0.81317700 0.54017400 0.07726800 0.15089600
3 0.64949600 0.31564900 0.07577500 0.12458000
3 0.48954800 0.35666300 0.08548000 0.20212800
3 0.27099700 0.25335900 0.07278800 0.14893600
3 0.13419200 0.49244100 0.09593100 0.16629300
0 0.28471400 0.52897500 0.21183300 0.71976500
0 0.47349800 0.57124900 0.24486700 0.65201600
0 0.79535300 0.68323100 0.34807800 0.44764800
0 0.12877925 0.64725600 0.25755850 0.46528600
0 0.68990300 0.57012900 0.25102700 0.67385200
