3 0.38966700 0.31062500 0.03000000 0.05075000
3 0.38583300 0.32287500 0.02000000 0.02375000
3 0.32591700 0.25987500 0.02316700 0.04775000
3 0.32775000 0.26687500 0.01616700 0.02975000
3 0.41608300 0.27775000 0.02216700 0.04250000
3 0.41733300 0.46237500 0.02766700 0.05875000
3 0.76108300 0.43500000 0.04116700 0.07450000
3 0.63933300 0.47562500 0.02966700 0.06075000
3 0.85858300 0.41012500 0.04283300 0.07525000
0 0.31000000 0.30387500 0.06766700 0.13425000
0 0.35308300 0.40362500 0.10750000 0.23725000
0 0.85725000 0.65987500 0.15683300 0.57025000
0 0.76658300 0.64062500 0.10583300 0.48875000
0 0.70708300 0.66062500 0.05916700 0.33875000
0 0.62625000 0.63400000 0.09050000 0.38950000
0 0.42166700 0.62425000 0.07433300 0.38650000
0 0.43750000 0.34375000 0.07000000 0.17650000
