3 0.53450000 0.46762500 0.01666700 0.02875000
3 0.57783300 0.53300000 0.01600000 0.02550000
3 0.56916700 0.55975000 0.01600000 0.03000000
3 0.81425000 0.50012500 0.00850000 0.01925000
3 0.53633300 0.47400000 0.00766700 0.01250000
1 0.53500000 0.46562500 0.01466700 0.02125000
1 0.57808300 0.53325000 0.01450000 0.02050000
1 0.81425000 0.49825000 0.00950000 0.01300000
0 0.53500000 0.52625000 0.03100000 0.14300000
0 0.56658300 0.56375000 0.03916700 0.08350000
0 0.57725000 0.59600000 0.04583300 0.10450000
0 0.81283300 0.53325000 0.03366700 0.09700000
