3 0.53139900 0.56272300 0.00416700 0.00803600
3 0.58705400 0.56205400 0.00416700 0.00803600
3 0.64062500 0.55904000 0.00416700 0.00647300
3 0.35781200 0.59129500 0.00520800 0.00892900
3 0.29568500 0.56640600 0.00506000 0.00959800
3 0.95959800 0.56026800 0.00461300 0.00535700
3 0.53139900 0.56383900 0.00327400 0.00446400
3 0.58697900 0.56272300 0.00372000 0.00535700
2 0.95677100 0.56964300 0.01056500 0.01562500
2 0.95290200 0.58415200 0.01086300 0.01160700
2 0.63861600 0.56997800 0.00937500 0.01674100
2 0.59062500 0.57020100 0.00773800 0.01584800
2 0.52946400 0.57321400 0.00952400 0.01696400
1 0.50379500 0.56417400 0.00342300 0.00513400
0 0.58980700 0.57812500 0.00997000 0.03973200
0 0.63809500 0.57633900 0.01041700 0.04241100
0 0.52819900 0.58013400 0.01116100 0.03839300
0 0.29256000 0.58203100 0.01190500 0.04218800
0 0.35394300 0.59397300 0.01503000 0.01741100
0 0.95692000 0.57433000 0.01116100 0.03348200
