3 0.41142000 0.27065600 0.06954600 0.12132900
3 0.57631800 0.41449400 0.05746700 0.10540800
3 0.71394600 0.39706300 0.06369000 0.08976100
3 0.80893100 0.39967100 0.06295800 0.09827100
3 0.42899000 0.27779300 0.03147900 0.09497700
3 0.57952000 0.43315900 0.03861600 0.05874300
3 0.70580200 0.39925900 0.04264300 0.07329100
3 0.79859100 0.40461200 0.03751800 0.07631100
0 0.69308200 0.60938800 0.13213800 0.54186100
0 0.34699900 0.56286000 0.28733500 0.73922600
0 0.55783300 0.62201500 0.13726200 0.52868500
0 0.86420200 0.61062300 0.21412900 0.52017600
