3 0.42450000 0.43700000 0.01100000 0.01933300
3 0.49587500 0.33250000 0.01275000 0.01900000
3 0.55875000 0.33750000 0.01150000 0.01766700
3 0.60150000 0.30750000 0.01150000 0.01833300
3 0.64537500 0.26350000 0.00975000 0.01900000
3 0.65762500 0.30066700 0.01075000 0.01866700
3 0.98850000 0.90983300 0.01650000 0.02566700
0 0.40412500 0.45600000 0.05075000 0.08133300
0 0.49725000 0.38550000 0.03000000 0.12233300
0 0.57312500 0.36216700 0.04225000 0.07166700
0 0.59687500 0.32983300 0.03625000 0.06300000
0 0.64012500 0.28733300 0.02775000 0.07133300
0 0.64787500 0.33566700 0.04175000 0.09200000
