3 0.05913225 0.22233700 0.11826450 0.25404100
3 0.07170500 0.24927500 0.09588300 0.20348100
3 0.41489400 0.38872800 0.10693600 0.18814800
3 0.40245900 0.40530500 0.07985600 0.15416500
3 0.71207500 0.19581400 0.07847500 0.15540800
3 0.70392400 0.20907600 0.06272500 0.12805600
3 0.88836700 0.49005400 0.15529200 0.26813100
3 0.86501800 0.51968500 0.11025100 0.20969700
0 0.13525825 0.48570200 0.27051650 0.77994200
0 0.37040600 0.58433500 0.32909600 0.58350600
0 0.77397075 0.64546200 0.45205850 0.70493200
0 0.70337100 0.47927900 0.22077900 0.72813900
