3 0.23594700 0.42281000 0.10270600 0.09361500
3 0.21524400 0.40492000 0.14411300 0.13093800
3 0.50127200 0.31785900 0.07633600 0.06724200
3 0.49687700 0.30752600 0.09114000 0.08945100
3 0.82246100 0.50038600 0.05621100 0.13433100
3 0.89740900 0.46753500 0.20518200 0.20342400
0 0.50127200 0.43391400 0.29701600 0.33605800
0 0.22958600 0.49537300 0.36479300 0.31431200
0 0.72056400 0.68337400 0.55887100 0.63325100
3 0.09854300 0.36335600 0.02868400 0.02868600
3 0.08709200 0.36027100 0.05343500 0.04503400
0 0.07228800 0.38903500 0.08165600 0.10225200
