3 0.10333300 0.44006000 0.15466700 0.22777200
3 0.14175000 0.47927100 0.07650000 0.15184800
3 0.23241700 0.35477000 0.10250000 0.20804200
3 0.24508300 0.38486500 0.07650000 0.14635400
3 0.66700000 0.33716300 0.07833300 0.16183800
3 0.66141700 0.36526000 0.06650000 0.10664300
3 0.90300000 0.41783200 0.12966700 0.22527500
3 0.87766700 0.45866600 0.07900000 0.14160800
0 0.21600000 0.63037000 0.43166700 0.60589400
0 0.67833300 0.45317200 0.28166700 0.39335700
0 0.87308300 0.64048500 0.24850000 0.71303700
0 0.30016700 0.51898100 0.29666700 0.54745300
