3 0.53866800 0.69560200 0.02683100 0.02588400
3 0.05397700 0.72253800 0.03724700 0.02251700
3 0.18181800 0.71475200 0.03914100 0.02293800
3 0.27856700 0.71254200 0.03566900 0.02862000
3 0.39220300 0.69981100 0.03693200 0.02293800
3 0.49305600 0.71633000 0.02967200 0.02946100
3 0.53314400 0.69170900 0.03724700 0.03451200
3 0.57560000 0.72411600 0.03125000 0.02146500
3 0.64330800 0.71149000 0.03472200 0.01978100
3 0.72616800 0.68150300 0.04198200 0.02546300
3 0.80602900 0.68202900 0.03693200 0.02230600
3 0.89472900 0.65067300 0.03440700 0.02399000
3 0.95501900 0.67760900 0.04513900 0.03830000
3 0.83270200 0.61247900 0.01262600 0.00947000
0 0.53977300 0.74947400 0.10101000 0.15383000
0 0.96622475 0.74568600 0.06755050 0.17950300
0 0.47490500 0.77157000 0.06534100 0.13994100
0 0.04845300 0.78535400 0.09375000 0.14814800
0 0.17724100 0.78777400 0.10574500 0.17234800
0 0.27635700 0.78240700 0.09375000 0.17298000
0 0.38683700 0.76462500 0.13604800 0.14751700
0 0.58143900 0.76788700 0.04924200 0.11700300
0 0.63115500 0.76694000 0.09753800 0.13909900
0 0.73106100 0.75284100 0.12815700 0.17992400
0 0.81328900 0.74284500 0.09627500 0.17087500
0 0.90625000 0.72748300 0.09280300 0.19191900
0 0.83301800 0.63646900 0.05303000 0.07344300
