3 0.06999500 0.27773400 0.10670900 0.14421600
3 0.09786100 0.28803500 0.05150600 0.12282100
3 0.42049700 0.15431900 0.07871100 0.15332800
3 0.43845700 0.16818500 0.04226100 0.12321700
3 0.51069700 0.33141800 0.09165300 0.13034900
3 0.53446900 0.34231400 0.04463800 0.11014300
3 0.71619100 0.21731400 0.07210800 0.12004800
3 0.70800300 0.22702100 0.04463800 0.09667200
3 0.82739000 0.24405700 0.10380300 0.16878000
3 0.79186500 0.26683800 0.03275200 0.12797100
0 0.10353900 0.60281300 0.20655000 0.79437400
0 0.71051200 0.57547500 0.19440000 0.83240900
0 0.36648200 0.54001600 0.18357100 0.91996800
0 0.53090300 0.63094300 0.20549400 0.73811400
0 0.81207100 0.55011900 0.33465400 0.89976200
