3 0.60586200 0.49247700 0.00758100 0.01404200
0 0.82100600 0.41875600 0.01775100 0.06118400
0 0.79946400 0.41290500 0.02200400 0.05215600
0 0.78069500 0.42092900 0.02514800 0.04012000
0 0.75009200 0.37813400 0.01497800 0.05884300
0 0.78910900 0.32681400 0.01756700 0.03978600
0 0.73483700 0.30909400 0.01294400 0.04647300
0 0.71847300 0.34954900 0.02052500 0.04981600
0 0.73058400 0.37579400 0.01146400 0.03343400
0 0.60419700 0.52423900 0.02200400 0.09093900
0 0.44221500 0.50367800 0.02385400 0.07790000
0 0.40467800 0.49164200 0.02052500 0.09060500
0 0.39053300 0.51220300 0.01590200 0.08559000
0 0.37610900 0.59227700 0.03032500 0.05583400
0 0.35983700 0.62420600 0.02884600 0.05349400
0 0.32627600 0.69324600 0.02459300 0.06385800
0 0.28568800 0.72450700 0.03587300 0.06018100
0 0.24787400 0.77332000 0.03938600 0.06084900
0 0.19489600 0.83182900 0.02588800 0.05483100
0 0.15828400 0.88331700 0.03402400 0.07622900
0 0.13923800 0.50919400 0.03476300 0.06084900
0 0.01516300 0.49899700 0.03032500 0.08191200
