3 0.55171100 0.65095900 0.00520800 0.00892900
3 0.48921100 0.59143500 0.00421600 0.00694400
3 0.47681100 0.60747400 0.00471200 0.00859800
3 0.47743100 0.58134900 0.00396800 0.00661400
3 0.46193000 0.54778400 0.00471200 0.00760600
3 0.43774800 0.54976900 0.00347200 0.00628300
2 0.47693500 0.62004000 0.00793700 0.01455000
2 0.43316000 0.55704400 0.00868100 0.01422000
1 0.43750000 0.54795000 0.00396800 0.00463000
1 0.47730700 0.58052200 0.00421600 0.00628300
1 0.55109100 0.64980200 0.00644800 0.00727500
1 0.47681100 0.60598500 0.00570400 0.00628300
0 0.55369500 0.66352500 0.01314500 0.03869000
0 0.49280800 0.60548900 0.01736100 0.03373000
0 0.47457800 0.62549600 0.01463300 0.04398100
0 0.47656200 0.59077400 0.01165700 0.02546300
0 0.46341800 0.56150800 0.01116100 0.03373000
0 0.49677600 0.56448400 0.01388900 0.02513200
0 0.43427600 0.55472900 0.01041700 0.02149500
0 0.32031200 0.39996700 0.01066500 0.01620400
