3 0.68052700 0.16508900 0.10209900 0.19242600
3 0.51270300 0.26615400 0.10446600 0.20331400
3 0.43427500 0.16082800 0.07322100 0.16213000
3 0.29098900 0.22674600 0.09531300 0.19503000
3 0.15172800 0.22248500 0.10083600 0.20118300
3 0.14857200 0.25147900 0.07905900 0.11858000
3 0.28759700 0.25929000 0.07621900 0.10059200
3 0.42969900 0.18946700 0.06185900 0.10343200
3 0.50473400 0.29597600 0.08126900 0.12189300
0 0.40965800 0.24000000 0.13476400 0.31574000
0 0.11574900 0.54710100 0.18668100 0.87692300
0 0.71524400 0.53384600 0.25548400 0.93230800
0 0.29469800 0.55136100 0.26053300 0.84899400
0 0.53124500 0.58035500 0.26179600 0.83218900
