3 0.24258400 0.53465800 0.02994200 0.02347500
3 0.26919900 0.55767100 0.05433900 0.03992600
3 0.26171300 0.56497200 0.03105100 0.02421400
3 0.37150000 0.54066500 0.01330700 0.01404800
3 0.37288600 0.53770800 0.01663400 0.02070200
3 0.48530600 0.52042500 0.02023800 0.01460300
3 0.58428100 0.54140500 0.03576400 0.02292100
3 0.64208500 0.52375200 0.01386200 0.01423300
3 0.61990600 0.51635900 0.01053500 0.01238400
3 0.70155300 0.55378900 0.04740800 0.03992600
3 0.69808700 0.55693200 0.03770400 0.03586000
3 0.72567200 0.52116500 0.02245600 0.01608100
3 0.76185200 0.50120100 0.01330700 0.01460300
0 0.25395100 0.57883500 0.12143100 0.08077600
0 0.22816700 0.54482400 0.05766600 0.04454700
0 0.73274200 0.57439900 0.13141100 0.08484300
0 0.75741600 0.50240300 0.02051600 0.01811500
0 0.73301900 0.53364100 0.06542800 0.04177400
0 0.36914300 0.54260600 0.02522900 0.03604400
