3 0.22083700 0.43900900 0.04844800 0.06177500
3 0.19743700 0.42999400 0.09524900 0.08262800
3 0.41215900 0.41110100 0.05715000 0.05989300
3 0.39651900 0.39738200 0.08842900 0.09297600
3 0.49012200 0.38820900 0.05691400 0.04860500
3 0.49259200 0.38044800 0.07032000 0.06694900
3 0.70284600 0.40247700 0.03504200 0.05299500
3 0.72483500 0.39832200 0.07902200 0.06412700
0 0.75870200 0.43979300 0.21025400 0.14832200
0 0.52210700 0.42403600 0.15663200 0.16698000
0 0.41545200 0.43924400 0.26175900 0.17795500
0 0.24576700 0.59023200 0.32549400 0.41815600
