3 0.34864200 0.48990300 0.00961800 0.01550700
3 0.35080500 0.49296800 0.00384700 0.00937600
3 0.37953800 0.48773900 0.01370500 0.02704700
3 0.39059900 0.47403500 0.01851400 0.02271900
3 0.39600900 0.47656000 0.00721300 0.01694900
3 0.83493600 0.45546300 0.02091800 0.04038900
3 0.68766500 0.46862600 0.01683100 0.03209500
3 0.68742500 0.47169100 0.01298400 0.02596500
3 0.71555700 0.46880600 0.00721300 0.02885000
3 0.56419800 0.47800200 0.01130100 0.02199800
3 0.56371700 0.48070700 0.00889600 0.01370400
3 0.54616500 0.47674000 0.01755200 0.02308000
2 0.34635700 0.51424500 0.01562900 0.04183200
2 0.38110100 0.52921000 0.02693000 0.06527200
2 0.39228200 0.50739300 0.01370500 0.04543800
2 0.54051500 0.51424500 0.02067800 0.05697800
2 0.55554200 0.51694900 0.01995700 0.05733900
1 0.38891600 0.47151100 0.01274300 0.02127700
1 0.37881700 0.48413300 0.01418600 0.01911300
1 0.54556400 0.47385500 0.01731200 0.01875200
0 0.84551600 0.60476000 0.08391400 0.37865100
0 0.69127200 0.54778200 0.04039400 0.19185000
0 0.39336400 0.54183200 0.02356300 0.16191800
0 0.38098100 0.54904400 0.02765100 0.15398500
0 0.55458000 0.54615900 0.03053600 0.16119700
0 0.53787000 0.54291400 0.03366200 0.15542700
0 0.34635700 0.52921000 0.01995700 0.09844900
0 0.34551600 0.46754400 0.00913700 0.02416200
