3 0.30912500 0.86983300 0.08225000 0.08433300
3 0.31187500 0.89133300 0.06675000 0.04066700
3 0.34687500 0.83950000 0.04525000 0.05166700
3 0.49500000 0.84425000 0.19100000 0.15950000
3 0.55000000 0.86841700 0.08200000 0.11116700
3 0.62925000 0.88441700 0.13100000 0.10683300
3 0.61650000 0.81208300 0.02250000 0.01850000
3 0.66125000 0.82716700 0.02350000 0.02033300
3 0.72112500 0.85241700 0.05625000 0.04916700
3 0.80087500 0.83716700 0.10275000 0.08466700
3 0.87337500 0.86383300 0.06225000 0.05566700
0 0.43937500 0.07383300 0.14275000 0.05800000
0 0.48987500 0.88175000 0.29325000 0.23650000
0 0.67650000 0.91491675 0.22650000 0.17016650
0 0.81537500 0.89758300 0.25675000 0.20483300
0 0.87500000 0.86975000 0.06900000 0.06883300
0 0.73362500 0.87966700 0.08975000 0.10633300
0 0.32612500 0.87075000 0.11875000 0.09250000
0 0.35662500 0.85700000 0.06375000 0.08566700
