3 0.67105900 0.33162400 0.12443700 0.24043000
3 0.66889100 0.37853400 0.09307800 0.14811100
3 0.49357800 0.34475900 0.10108400 0.24118100
3 0.49299400 0.39129300 0.08723900 0.14861100
3 0.41568000 0.58831600 0.08573800 0.13435100
3 0.41226000 0.54578400 0.14328600 0.21891400
3 0.19883200 0.21466100 0.08340300 0.15661700
3 0.18081700 0.19139400 0.11709800 0.19364500
0 0.18457000 0.53277500 0.23269400 0.91043300
0 0.74378600 0.55379000 0.29457900 0.68276200
0 0.41426200 0.70102600 0.23202700 0.55091300
0 0.53019200 0.47673300 0.26372000 0.56367300
