3 0.51000000 0.66537500 0.00266700 0.00325000
3 0.50400000 0.66462500 0.00166700 0.00325000
3 0.54975000 0.72387500 0.00216700 0.00275000
3 0.55675000 0.72975000 0.00183300 0.00300000
3 0.56366700 0.72425000 0.00166700 0.00350000
3 0.57616700 0.72100000 0.00233300 0.00400000
3 0.59200000 0.73075000 0.00200000 0.00350000
3 0.58683300 0.71937500 0.00200000 0.00275000
1 0.51016700 0.66550000 0.00266700 0.00300000
1 0.59191700 0.73150000 0.00216700 0.00350000
1 0.56350000 0.72450000 0.00233300 0.00250000
1 0.54966700 0.72362500 0.00200000 0.00325000
1 0.55691700 0.73000000 0.00250000 0.00250000
0 0.44366700 0.63100000 0.00266700 0.01100000
0 0.46533300 0.65925000 0.00333300 0.00800000
0 0.50433300 0.66962500 0.00333300 0.01375000
0 0.50991700 0.66962500 0.00350000 0.01275000
0 0.51500000 0.66912500 0.00433300 0.01275000
0 0.55033300 0.73125000 0.00533300 0.01900000
0 0.55758300 0.73387500 0.00416700 0.01075000
0 0.56408300 0.73087500 0.00350000 0.01725000
0 0.57316700 0.73100000 0.00500000 0.00850000
0 0.57633300 0.72675000 0.00433300 0.01600000
0 0.58741700 0.72700000 0.00450000 0.01750000
0 0.58416700 0.72662500 0.00166700 0.01725000
0 0.59216700 0.73850000 0.00466700 0.02000000
0 0.62366700 0.69825000 0.00400000 0.01050000
0 0.57191700 0.69350000 0.00383300 0.01500000
0 0.56508300 0.69637500 0.00450000 0.01275000
