3 0.16124000 0.58305800 0.07267600 0.11986800
3 0.17429600 0.59237800 0.04530400 0.09273200
3 0.30627700 0.56689500 0.04876500 0.07621500
3 0.31201800 0.57067000 0.03507900 0.06205800
3 0.49693300 0.55261900 0.04404600 0.07833900
3 0.50110100 0.55828200 0.03413600 0.06559700
3 0.70733100 0.32562500 0.09265400 0.15101500
0 0.50424700 0.61680000 0.10146300 0.21000500
0 0.18483600 0.67201500 0.10571000 0.29872600
0 0.30517500 0.63980700 0.11703600 0.22156700
0 0.74948900 0.62352500 0.28268100 0.75295000
