3 0.33093800 0.42860600 0.06005400 0.09199800
3 0.32782300 0.39674200 0.07075500 0.15764300
3 0.19517600 0.57462900 0.06420700 0.13296600
3 0.17912500 0.55378500 0.09758800 0.17561100
3 0.87725600 0.52910900 0.05765900 0.10852900
3 0.87302300 0.51928600 0.06804000 0.12769500
3 0.77104300 0.54659800 0.05606100 0.08984200
3 0.76545300 0.52276000 0.06788100 0.13751800
0 0.72520400 0.59571200 0.16371200 0.28102500
0 0.89075200 0.59798800 0.15844100 0.28366100
0 0.32143400 0.53965000 0.22312700 0.44920900
0 0.19932900 0.70424100 0.33093800 0.48514600
