3 0.92925000 0.30400000 0.14150000 0.26750000
3 0.84450000 0.33050000 0.08100000 0.18550000
3 0.71800000 0.21137500 0.06500000 0.14825000
3 0.29166700 0.24912500 0.10033300 0.18175000
3 0.15266700 0.35375000 0.13666700 0.19250000
3 0.17641700 0.37950000 0.08550000 0.12650000
3 0.30500000 0.27525000 0.05733300 0.12950000
3 0.71658300 0.22700000 0.05683300 0.10600000
3 0.83716700 0.36050000 0.05900000 0.10950000
3 0.90283300 0.33350000 0.08233300 0.17400000
0 0.71341700 0.29450000 0.15416700 0.31100000
0 0.77716675 0.55012500 0.44566650 0.78875000
0 0.79033300 0.44012500 0.23300000 0.41875000
0 0.20083300 0.51687500 0.33566700 0.52625000
0 0.33916700 0.37000000 0.23433300 0.43550000
