3 0.25800000 0.17882000 0.04666700 0.10098300
3 0.25508300 0.19561000 0.03883300 0.06884100
3 0.40008300 0.25413800 0.03716700 0.07076000
3 0.48066700 0.20064800 0.03900000 0.06404400
3 0.61975000 0.16790600 0.10450000 0.15495300
3 0.64716700 0.18805500 0.04933300 0.11321700
3 0.85508300 0.11621500 0.08450000 0.15663200
3 0.84116700 0.13564400 0.05466700 0.11345600
0 0.48566700 0.42756100 0.08566700 0.51978900
0 0.25733300 0.43979400 0.14366700 0.62389100
0 0.61750000 0.54437500 0.21200000 0.91125000
0 0.84525000 0.51834975 0.21583300 0.96330050
0 0.39875000 0.38510400 0.09316700 0.51882900
