3 0.35602000 0.29930300 0.05752100 0.11522000
3 0.35557300 0.29126500 0.07091800 0.13397600
3 0.45382300 0.42859100 0.06484500 0.12995700
3 0.45212600 0.40058900 0.08110000 0.18703100
3 0.62013200 0.27505400 0.05198300 0.12138300
3 0.63513800 0.25067000 0.08449400 0.17175800
3 0.70328700 0.34110400 0.09789200 0.12701000
3 0.71132500 0.29501600 0.11575600 0.22293700
3 0.22901000 0.50281400 0.07002500 0.11495200
3 0.22150800 0.47400900 0.08610200 0.17202600
0 0.17265100 0.63826400 0.24133600 0.50535900
0 0.63674500 0.48057300 0.19417600 0.63370800
0 0.78045700 0.55948600 0.42050700 0.75348300
0 0.46489800 0.56846200 0.26241500 0.52492000
0 0.35566300 0.51848900 0.15041100 0.58038600
