3 0.00464200 0.58960700 0.00901100 0.03355200
3 0.00471100 0.59482400 0.00723600 0.02107200
3 0.01611100 0.63901400 0.01638400 0.02761900
3 0.04853900 0.59155100 0.01734000 0.03089200
3 0.29683200 0.62305600 0.03085700 0.04889500
3 0.58007900 0.53365400 0.01597500 0.02270900
3 0.57618800 0.53355200 0.00710000 0.01800300
3 0.55912100 0.51125200 0.01037700 0.02045800
3 0.56007600 0.51268400 0.00819200 0.01759400
3 0.58178600 0.58694800 0.01720400 0.03109700
0 0.58001100 0.57538900 0.02921900 0.11272500
0 0.55741400 0.55789700 0.02252900 0.12111300
0 0.01536000 0.70192300 0.03044800 0.15261900
0 0.00573500 0.61599800 0.01119600 0.08756100
0 0.27915100 0.75378500 0.10690900 0.31157900
0 0.57113600 0.66520000 0.05843800 0.17860100
0 0.39875800 0.52946000 0.02826300 0.07446800
3 0.40421900 0.50276200 0.01051300 0.02189000
3 0.40599400 0.50480800 0.00669000 0.01698000
0 0.04812900 0.67808900 0.04765200 0.20642400
