3 0.20991700 0.59337500 0.01616700 0.02825000
3 0.21250000 0.59712500 0.00966700 0.01725000
3 0.32050000 0.56587500 0.01633300 0.02975000
3 0.32266700 0.57325000 0.01200000 0.01500000
3 0.46083300 0.53850000 0.01600000 0.03050000
3 0.46241700 0.54387500 0.01216700 0.01825000
3 0.62458300 0.50712500 0.01950000 0.04075000
3 0.62666700 0.51587500 0.01366700 0.02125000
3 0.81775000 0.51687500 0.02216700 0.04325000
3 0.81650000 0.52575000 0.01900000 0.02200000
0 0.21491700 0.61437500 0.03850000 0.07125000
0 0.32591700 0.58850000 0.05483300 0.07000000
0 0.45458300 0.56062500 0.04016700 0.08025000
0 0.61908300 0.54450000 0.08016700 0.11800000
0 0.80691700 0.55712500 0.09150000 0.12375000
