3 0.23293700 0.30739400 0.19493300 0.32161300
3 0.44191700 0.39064100 0.11926900 0.19441600
3 0.62021700 0.43859900 0.21630500 0.23965900
3 0.82394000 0.40460200 0.16184100 0.21768400
3 0.79817300 0.45553300 0.07687000 0.11892500
1 0.24508800 0.32626700 0.22268200 0.35884200
1 0.44398500 0.38896100 0.13236800 0.20346400
1 0.62202700 0.43239400 0.21889000 0.22724900
1 0.80334400 0.40253400 0.19924200 0.21871800
0 0.26706300 0.57355200 0.53378100 0.85289600
0 0.45596300 0.64180475 0.21216800 0.71639050
0 0.72242300 0.65990200 0.44381200 0.68019600
0 0.85255100 0.64490700 0.29489800 0.71018600
