3 0.20092300 0.41303700 0.06537200 0.12114200
3 0.20130700 0.39832700 0.08075400 0.14940900
3 0.39675100 0.45313000 0.06095000 0.11364300
3 0.39482800 0.42789200 0.07248600 0.16584900
3 0.54633700 0.29766400 0.07902300 0.11768100
3 0.55287400 0.26045600 0.09094400 0.19325100
3 0.28667600 0.21502700 0.06998700 0.09893300
3 0.28273400 0.17118500 0.07979200 0.18604000
3 0.76475700 0.37986700 0.07594700 0.15113900
3 0.77379400 0.35736900 0.09402000 0.20190400
1 0.28494500 0.12806500 0.08998300 0.09518300
0 0.55739300 0.45817700 0.26764100 0.58754000
0 0.37021700 0.51485400 0.19669300 0.34439000
0 0.20755600 0.51442200 0.17785000 0.38332900
0 0.76908300 0.50331700 0.23726200 0.49437600
0 0.29254000 0.32549800 0.31167100 0.49235700
