0 0.19351400 0.44364100 0.23868600 0.56285200
0 0.37869600 0.45956900 0.17219400 0.55795100
0 0.72153200 0.58429300 0.35272000 0.61725100
3 0.47892500 0.46863500 0.08184900 0.14236700
3 0.48211100 0.44940000 0.09050800 0.17789800
3 0.69351400 0.43837300 0.09835000 0.18181800
3 0.71818300 0.40259700 0.15291600 0.25287900
3 0.73590900 0.24785600 0.08675100 0.11933300
3 0.74097400 0.21514300 0.09916700 0.18328800
3 0.37853300 0.26023000 0.05946700 0.11957900
3 0.37984000 0.25116400 0.08266600 0.13771100
3 0.24056500 0.27076700 0.07204700 0.14702300
3 0.23721600 0.25484000 0.09050800 0.17838800
3 0.10872400 0.19149700 0.21744800 0.38299400
0 0.80681300 0.45307500 0.30795600 0.66503300
0 0.49632400 0.56983600 0.30975300 0.43200200
0 0.28083625 0.49620200 0.56167250 0.99240400
