3 0.24180500 0.35544600 0.15426600 0.12296200
3 0.23673300 0.37773200 0.13943800 0.07908400
3 0.44471900 0.30844600 0.12773200 0.12989900
3 0.43691500 0.32483500 0.10587900 0.09469300
3 0.54396500 0.49098200 0.15192500 0.14533500
3 0.53199800 0.50858500 0.12695100 0.10874100
3 0.80281000 0.33489400 0.15972900 0.15886200
3 0.79032300 0.36576500 0.12799200 0.09469300
0 0.53564000 0.61429100 0.44953200 0.39472800
0 0.82999500 0.61836600 0.32388100 0.76326700
0 0.15933900 0.52063800 0.31867800 0.45334700
0 0.41155000 0.46817600 0.35587900 0.44935800
