3 0.74208300 0.45062500 0.04083300 0.07975000
3 0.10283300 0.42337500 0.09800000 0.19075000
3 0.10716700 0.44325000 0.08000000 0.14750000
3 0.20633300 0.48812500 0.06800000 0.14625000
3 0.20825000 0.50312500 0.05616700 0.11525000
3 0.39125000 0.44087500 0.10116700 0.19125000
3 0.37533300 0.46750000 0.07066700 0.13800000
0 0.12483300 0.66137500 0.24933300 0.67725000
0 0.22283300 0.55362500 0.16466700 0.29975000
0 0.41741700 0.65125000 0.22416700 0.69750000
0 0.77675000 0.67525000 0.14183300 0.52900000
