3 0.18349700 0.41390600 0.07155200 0.06702600
3 0.17714900 0.40610600 0.08770900 0.08185700
3 0.62233100 0.41390600 0.05251000 0.05354400
3 0.62521600 0.40456500 0.06405100 0.07453800
3 0.82732300 0.41775800 0.04875900 0.06163300
3 0.84045000 0.40658700 0.07328300 0.08590100
3 0.38603600 0.44077400 0.12060000 0.12114800
0 0.14281600 0.50471900 0.20080800 0.27369000
0 0.60675100 0.54083200 0.21177100 0.33936800
0 0.84059400 0.56221100 0.31881100 0.39753500
0 0.41589700 0.63665300 0.35516400 0.50789700
