3 0.54263100 0.77072500 0.05671300 0.04101600
3 0.43518500 0.39019100 0.05555600 0.04904500
3 0.60571000 0.50878900 0.06404300 0.04796000
3 0.61824800 0.51942300 0.03202200 0.02712700
1 0.43537800 0.38812900 0.05517000 0.04145000
1 0.54456000 0.76280400 0.06057100 0.03125000
1 0.60262300 0.50542500 0.05787000 0.04340300
2 0.41165100 0.91503900 0.15200600 0.07313400
2 0.53182900 0.83311600 0.11767000 0.09418400
2 0.69483000 0.53982200 0.12731500 0.06966100
2 0.37673600 0.44086400 0.13001500 0.07487000
0 0.54417400 0.87662775 0.14236100 0.24674450
0 0.41956000 0.93587200 0.17091000 0.12825500
0 0.39853400 0.48567700 0.18287000 0.26736100
0 0.66647400 0.55566400 0.18325600 0.14648400
