3 0.04683300 0.44925000 0.04133300 0.07350000
3 0.23933300 0.43487500 0.04633300 0.09075000
3 0.15033300 0.42850000 0.04433300 0.09600000
3 0.22275000 0.40937500 0.04083300 0.08475000
3 0.12625000 0.44400000 0.02450000 0.07600000
3 0.06983300 0.42037500 0.04133300 0.06825000
3 0.28883300 0.40887500 0.03800000 0.11075000
3 0.32666700 0.41675000 0.06066700 0.13100000
3 0.39175000 0.40162500 0.07683300 0.15675000
3 0.45475000 0.40987500 0.04783300 0.09125000
3 0.38366700 0.41850000 0.05400000 0.12100000
3 0.51591700 0.40737500 0.07216700 0.21525000
3 0.51558300 0.44450000 0.07083300 0.14100000
3 0.58575000 0.37262500 0.13350000 0.22725000
3 0.54233300 0.40262500 0.04533300 0.12425000
3 0.71983300 0.40525000 0.07466700 0.21150000
3 0.70625000 0.42587500 0.04750000 0.17025000
3 0.74816700 0.42887500 0.06500000 0.22775000
3 0.74166700 0.43050000 0.05366700 0.19000000
3 0.83683300 0.38575000 0.17566700 0.25750000
3 0.78150000 0.40975000 0.06500000 0.21400000
3 0.97116675 0.36875000 0.05766650 0.27050000
3 0.96850000 0.40737500 0.05400000 0.19275000
0 0.38808300 0.48600000 0.15583300 0.31950000
0 0.66125000 0.58687500 0.26716700 0.55825000
0 0.83408300 0.57737500 0.26450000 0.64975000
0 0.90575000 0.60350000 0.18850000 0.73900000
0 0.32441700 0.47162500 0.09150000 0.24025000
0 0.05816700 0.47925000 0.09033300 0.13400000
0 0.07966700 0.44575000 0.06066700 0.12100000
0 0.15425000 0.46075000 0.09383300 0.15900000
0 0.23658300 0.47387500 0.09150000 0.17025000
0 0.72058300 0.47575000 0.08283300 0.35250000
