3 0.21825300 0.41446300 0.09890800 0.17505300
3 0.34040600 0.50503200 0.05616200 0.09876000
3 0.63588100 0.51275500 0.05023400 0.09688700
3 0.75117000 0.45260900 0.10733200 0.16428700
3 0.71606900 0.48162900 0.03619300 0.09782400
3 0.63400900 0.53019000 0.04461800 0.06295300
3 0.34719200 0.51240300 0.03853400 0.07699500
3 0.24173200 0.42686600 0.04727000 0.13339600
0 0.16809700 0.65878800 0.27878300 0.67540400
0 0.81692700 0.68312700 0.24352600 0.61923700
0 0.65639600 0.55218800 0.09781600 0.17528700
0 0.33135700 0.54774200 0.08830000 0.17903100
