2 0.12377900 0.51235500 0.03857400 0.04215100
5 0.19616700 0.57122100 0.03833000 0.03997100
4 0.26025400 0.55614100 0.03808600 0.04033400
5 0.35815400 0.50708600 0.03759800 0.03960800
5 0.45666500 0.49146100 0.03686500 0.04033400
5 0.55896000 0.49981800 0.03979500 0.04469500
5 0.63708500 0.36228200 0.03637700 0.03851700
4 0.64086900 0.47438200 0.03857400 0.04469500
5 0.72522000 0.50327000 0.03930700 0.03924400
2 0.78979500 0.50399700 0.03662100 0.03779100
4 0.55993700 0.11664200 0.03588900 0.03997100
4 0.47363300 0.12972400 0.03418000 0.03633700
0 0.11096200 0.71947700 0.09594700 0.44985500
0 0.19238300 0.74564000 0.07519500 0.38953500
0 0.27356000 0.74400400 0.09692400 0.41315400
0 0.35632300 0.71729700 0.09497100 0.45639500
0 0.45178200 0.70566900 0.10766600 0.47165700
0 0.54650900 0.70421500 0.08276400 0.45421500
0 0.63513200 0.69513100 0.09594700 0.47238400
0 0.72070300 0.70566900 0.08984400 0.44331400
0 0.80554200 0.70258000 0.09692400 0.43059600
0 0.63989300 0.41333600 0.06396500 0.13481100
0 0.46460000 0.30505100 0.09423800 0.38045100
0 0.55395500 0.30668600 0.10449200 0.42441900
1 0.46899400 0.25545100 0.07763700 0.14098800
1 0.55676300 0.24673000 0.07690400 0.16497100
1 0.11682100 0.64026200 0.08960000 0.16860500
1 0.18908700 0.70712200 0.07104500 0.16424400
1 0.26379400 0.68931700 0.07983400 0.16497100
1 0.35742200 0.66842300 0.09082000 0.20021800
1 0.45251500 0.65243500 0.10522500 0.21475300
1 0.54980500 0.61064700 0.07470700 0.15516000
1 0.63305700 0.60665000 0.08593800 0.16533400
1 0.72277800 0.61300900 0.09252900 0.14534900
1 0.79895000 0.65661300 0.09106400 0.21293600
1 0.63183600 0.45185300 0.06591800 0.07812500
