4 0.14833300 0.12041700 0.11666700 0.12583300
5 0.38694400 0.17458300 0.11611100 0.12250000
4 0.65777800 0.17750000 0.13333300 0.13166700
5 0.87666700 0.19416700 0.15333300 0.15500000
0 0.13166700 0.53000000 0.24888900 0.93833300
0 0.38138900 0.57750000 0.24722200 0.84333300
0 0.64111100 0.60375000 0.23888900 0.79250000
0 0.87916700 0.60250000 0.21611100 0.79500000
1 0.12416700 0.54958300 0.24500000 0.51750000
1 0.37305600 0.60666700 0.22277800 0.51000000
1 0.64944400 0.62666700 0.22111100 0.55166700
1 0.88277800 0.68500000 0.22888900 0.62833300
