4 0.28777800 0.21855300 0.03777800 0.05974800
3 0.34555600 0.61635200 0.04222200 0.04402500
4 0.46000000 0.16823900 0.03555600 0.05345900
3 0.56333300 0.63993700 0.03777800 0.04717000
4 0.74555600 0.39150900 0.03777800 0.05974800
1 0.27777800 0.26886800 0.05777800 0.09119500
1 0.45666700 0.22327000 0.05111100 0.08176100
1 0.75111100 0.41195000 0.05777800 0.08805000
1 0.35444400 0.71540900 0.06888900 0.12893100
1 0.52111100 0.70440300 0.08666700 0.11320800
0 0.27555600 0.31289300 0.12444400 0.24842800
0 0.45666700 0.25943400 0.08222200 0.23584900
0 0.73888900 0.47169800 0.10000000 0.20754700
0 0.35444400 0.71383600 0.13555600 0.23270400
0 0.54111100 0.70597500 0.12222200 0.17295600
