4 0.16800000 0.34887200 0.14500000 0.16541400
4 0.22350000 0.30413500 0.07800000 0.08646600
4 0.06500000 0.33872200 0.07800000 0.09398500
2 0.85600000 0.28458600 0.11800000 0.10601500
5 0.81800000 0.42481200 0.02800000 0.04210500
5 0.67775000 0.36541400 0.03050000 0.02556400
1 0.88350000 0.64060200 0.17800000 0.43609000
1 0.74900000 0.48007500 0.07800000 0.12255600
1 0.68025000 0.44060200 0.04250000 0.09172900
1 0.40850000 0.40451100 0.04500000 0.09022600
1 0.11875000 0.65263200 0.21450000 0.40150400
0 0.67900000 0.46541400 0.04500000 0.24812000
0 0.88000000 0.61503775 0.19800000 0.76992450
0 0.74850000 0.53496200 0.15300000 0.26541400
0 0.40050000 0.46804500 0.07300000 0.31203000
0 0.14475000 0.63045100 0.26950000 0.73909800
