3 0.91562500 0.28236400 0.05375000 0.05816100
3 0.83250000 0.31519700 0.05250000 0.05253300
3 0.75312500 0.28799200 0.05375000 0.06191400
3 0.70062500 0.35365900 0.05625000 0.05816100
3 0.66125000 0.30112600 0.05250000 0.05065700
3 0.62187500 0.36491600 0.04375000 0.05065700
3 0.59937500 0.32364000 0.04625000 0.03189500
3 0.52875000 0.30206400 0.05250000 0.04878000
3 0.45500000 0.32926800 0.04750000 0.04315200
3 0.42062500 0.37804900 0.05375000 0.06566600
3 0.36875000 0.31519700 0.05750000 0.04127600
3 0.29812500 0.32926800 0.05375000 0.05065700
3 0.21187500 0.29268300 0.05125000 0.04878000
3 0.10375000 0.31707300 0.06250000 0.04878000
0 0.10312500 0.54784200 0.10125000 0.50656700
0 0.20812500 0.53658500 0.11125000 0.53658500
0 0.29250000 0.54596600 0.08500000 0.49155700
0 0.36312500 0.54315200 0.05375000 0.48968100
0 0.42062500 0.57410900 0.06875000 0.44652900
0 0.45750000 0.54315200 0.05250000 0.47467200
0 0.52625000 0.53752300 0.08500000 0.51594700
0 0.60625000 0.56285200 0.07000000 0.53658500
0 0.69500000 0.58536600 0.07500000 0.49906200
0 0.75875000 0.53095700 0.08250000 0.53658500
0 0.82875000 0.54409000 0.08500000 0.50656700
0 0.91750000 0.53470900 0.10500000 0.56285200
0 0.66187500 0.34896800 0.04875000 0.17636000
