3 0.60200000 0.25733300 0.09200000 0.08800000
4 0.71000000 0.36533300 0.11200000 0.14400000
4 0.42800000 0.38400000 0.13200000 0.16000000
4 0.18300000 0.30666700 0.13800000 0.11200000
1 0.70700000 0.67866700 0.21800000 0.36000000
1 0.43100000 0.73733300 0.22200000 0.44533300
1 0.17900000 0.62800000 0.18200000 0.40266700
0 0.71300000 0.64666700 0.21800000 0.69600000
0 0.59200000 0.59066700 0.15600000 0.74400000
0 0.42000000 0.64533300 0.25200000 0.68800000
0 0.19200000 0.62000000 0.20000000 0.74400000
