4 0.36756800 0.39700000 0.02882900 0.04600000
2 0.41846800 0.37700000 0.02973000 0.04200000
5 0.47747700 0.37000000 0.03243200 0.04800000
5 0.55135100 0.40400000 0.03243200 0.06000000
5 0.60450500 0.42000000 0.02702700 0.04000000
5 0.66756800 0.37300000 0.02702700 0.05000000
2 0.71936900 0.34500000 0.04594600 0.07400000
4 0.84234200 0.35000000 0.04144100 0.05200000
0 0.85360400 0.61300000 0.08018000 0.57400000
0 0.37477500 0.59200000 0.07567600 0.44400000
0 0.42072100 0.56700000 0.05585600 0.43000000
0 0.48063100 0.52100000 0.05135100 0.35800000
0 0.54729700 0.59800000 0.06036000 0.42800000
0 0.60540500 0.60800000 0.04684700 0.41200000
0 0.67252300 0.59200000 0.05135100 0.48000000
0 0.71036000 0.65400000 0.10720700 0.67200000
1 0.36666700 0.53600000 0.05045000 0.18800000
1 0.41441400 0.50100000 0.05045000 0.16200000
1 0.47657700 0.51800000 0.04504500 0.18400000
1 0.54729700 0.54400000 0.04774800 0.19600000
1 0.60675700 0.55800000 0.04955000 0.18000000
1 0.66982000 0.52200000 0.04774800 0.16400000
1 0.72432400 0.54500000 0.07387400 0.27000000
1 0.85765800 0.52500000 0.06846800 0.23000000
