4 0.29115400 0.19926800 0.05923100 0.05753100
4 0.41000000 0.23378700 0.05076900 0.05962300
4 0.42961500 0.33525100 0.04846200 0.06171500
5 0.50192300 0.25418400 0.06076900 0.04184100
5 0.74923100 0.27615100 0.04153800 0.03974900
4 0.91461500 0.31851500 0.06769200 0.05125500
4 0.98115400 0.24633900 0.03769200 0.05125500
1 0.35346200 0.32479100 0.10692300 0.11401700
1 0.43000000 0.49320100 0.08769200 0.16004200
1 0.50500000 0.40585800 0.08692300 0.14225900
1 0.77153800 0.44246900 0.09384600 0.15062800
1 0.97230800 0.42468600 0.04769200 0.14225900
0 0.33115400 0.30753100 0.13153800 0.27196700
0 0.42076900 0.58786600 0.08769200 0.56694600
0 0.51269200 0.40428900 0.10384600 0.34623400
0 0.76461500 0.39958200 0.09538500 0.30543900
0 0.92576900 0.59518800 0.12384600 0.60041800
0 0.98153800 0.38336800 0.03692300 0.35460300
0 0.40346200 0.26621300 0.06230800 0.12447700
