5 0.60269200 0.21458600 0.05307700 0.04302200
5 0.72076900 0.19412400 0.06923100 0.03777500
5 0.45384600 0.25918200 0.02307700 0.01259200
5 0.06423100 0.44700900 0.02538500 0.02098600
5 0.01576900 0.49055600 0.03000000 0.02413400
1 0.03846200 0.57345200 0.06461500 0.09338900
1 0.06230800 0.51311600 0.04307700 0.05666300
1 0.30076900 0.31427100 0.01692300 0.04721900
1 0.45807700 0.29905600 0.03461500 0.04407100
1 0.60961500 0.38037800 0.09307700 0.17943300
1 0.70961500 0.37827900 0.08538500 0.21511000
1 0.80923100 0.40083900 0.12307700 0.23924400
0 0.03692300 0.57082900 0.07076900 0.19097600
0 0.07384600 0.55404000 0.06461500 0.21615900
0 0.29269200 0.30430200 0.03307700 0.07135400
0 0.31846200 0.35099700 0.03692300 0.16474300
0 0.45692300 0.32791200 0.04615400 0.14375700
0 0.60576900 0.47324200 0.11000000 0.55404000
0 0.70653800 0.46327400 0.07923100 0.58447000
0 0.81538500 0.53043000 0.13076900 0.71458600
