5 0.66750000 0.44547000 0.03500000 0.03523500
5 0.79750000 0.44714800 0.03500000 0.03523500
5 0.54000000 0.39849000 0.03500000 0.03523500
5 0.43500000 0.48070500 0.04500000 0.03523500
5 0.35312500 0.52432900 0.03875000 0.04194600
0 0.79500000 0.57047000 0.05250000 0.28187900
0 0.66437500 0.56040300 0.05375000 0.27852300
0 0.53937500 0.51090600 0.05875000 0.28020100
0 0.43937500 0.61241600 0.06375000 0.29865800
0 0.34437500 0.64932900 0.07375000 0.29865800
0 0.25875000 0.52684600 0.06500000 0.21812100
