5 0.29901300 0.70021200 0.03667100 0.05508500
5 0.34132600 0.73093200 0.01974600 0.02118600
5 0.50282100 0.59639800 0.04231300 0.04449200
5 0.68723600 0.72033900 0.03878700 0.03813600
1 0.48448500 0.69809300 0.06770100 0.13559300
1 0.25493700 0.73781800 0.04583900 0.08792400
1 0.33638900 0.79766900 0.04231300 0.06355900
1 0.70486600 0.79502100 0.07122700 0.05826300
0 0.24259500 0.80190700 0.07193200 0.27330500
0 0.33039500 0.81832600 0.04866000 0.18326300
0 0.48801100 0.74576300 0.08321600 0.36016900
0 0.71615000 0.81620800 0.11071900 0.22775400
