1 0.13125000 0.37374700 0.08194400 0.11422800
1 0.29236100 0.36873700 0.05972200 0.09218400
1 0.42986100 0.38978000 0.13472200 0.19438900
1 0.67222200 0.40581200 0.14166700 0.21843700
1 0.85416700 0.41683400 0.17222200 0.16032100
0 0.03541700 0.44288600 0.06805600 0.32865700
0 0.12291700 0.44388800 0.10138900 0.36673300
0 0.21458300 0.40380800 0.05416700 0.19438900
0 0.28472200 0.42885800 0.08333300 0.30861700
0 0.43680600 0.55611200 0.17361100 0.76753500
0 0.66736100 0.52505000 0.15694400 0.69739500
0 0.85138900 0.60120200 0.21388900 0.79358700
