4 0.01307700 0.29398100 0.02307700 0.04629600
4 0.05615400 0.33217600 0.04769200 0.06250000
4 0.24846200 0.26620400 0.05692300 0.05555600
4 0.59923100 0.53588000 0.05384600 0.05787000
4 0.69615400 0.49305600 0.05692300 0.05092600
5 0.90307700 0.24305600 0.03384600 0.04166700
5 0.11307700 0.29050900 0.04461500 0.04861100
5 0.15307700 0.31713000 0.02923100 0.04629600
1 0.04307700 0.49884300 0.08307700 0.21064800
1 0.22923100 0.45601900 0.09538500 0.20833300
1 0.33538500 0.50000000 0.08307700 0.20370400
1 0.89538500 0.41319400 0.08000000 0.16898100
0 0.23307700 0.56134300 0.07538500 0.64583300
0 0.54538500 0.65277800 0.14000000 0.37037000
0 0.66230800 0.63541700 0.04769200 0.21990700
0 0.74846200 0.64699100 0.16769200 0.39583300
0 0.88923100 0.49305600 0.12307700 0.57870400
2 0.35153800 0.31597200 0.05692300 0.07175900
0 0.33538500 0.59838000 0.08307700 0.62268500
0 0.05000000 0.50115700 0.07230800 0.37731500
0 0.11000000 0.38194400 0.05076900 0.21759300
0 0.15615400 0.39467600 0.04153800 0.20601900
