0 0.35081100 0.60342000 0.07027000 0.77035800
0 0.50864900 0.56759000 0.11351400 0.74430000
0 0.56648600 0.32899000 0.05189200 0.14332200
0 0.65837800 0.54641700 0.06270300 0.51302900
0 0.69837800 0.49104200 0.04540500 0.41205200
0 0.78108100 0.49674300 0.06162200 0.41368100
0 0.83459500 0.52117300 0.05837800 0.45928300
0 0.94918900 0.43159600 0.02810800 0.16286600
0 0.90540500 0.41286600 0.01837800 0.13192200
0 0.92054100 0.42752400 0.02486500 0.15146600
0 0.87837800 0.37133600 0.02270300 0.05211700
5 0.34810800 0.24674300 0.06054100 0.05374600
5 0.48810800 0.22068400 0.06810800 0.06026100
5 0.55513500 0.28175900 0.03567600 0.03257300
5 0.64324300 0.33387600 0.05621600 0.05863200
5 0.70000000 0.31107500 0.04864900 0.05211700
5 0.78000000 0.30700300 0.05945900 0.04723100
5 0.84108100 0.31677500 0.06270300 0.05700300
