2 0.46750000 0.67118200 0.02000000 0.02216700
2 0.46166700 0.54125600 0.02166700 0.03078800
2 0.38958300 0.72475400 0.01083300 0.02586200
2 0.37625000 0.59113300 0.01916700 0.02216700
2 0.37166700 0.50738900 0.01833300 0.02955700
2 0.32875000 0.48830000 0.01750000 0.02093600
2 0.23000000 0.62623200 0.01666700 0.03325100
2 0.60291700 0.09421200 0.01416700 0.02339900
2 0.49333300 0.10036900 0.01333300 0.02586200
2 0.67750000 0.13977800 0.01666700 0.01601000
2 0.67833300 0.20012300 0.01833300 0.02339900
2 0.80333300 0.27401500 0.02000000 0.01601000
2 0.86208300 0.27524600 0.01750000 0.01354700
2 0.98458300 0.39532000 0.02250000 0.01724100
2 0.84791700 0.33251200 0.02083300 0.01970400
2 0.74666700 0.37376800 0.02166700 0.01847300
2 0.77833300 0.55911300 0.02166700 0.02463100
4 0.73291700 0.23645300 0.01416700 0.02463100
4 0.62208300 0.34667500 0.02250000 0.02339900
4 0.80666700 0.44889200 0.02166700 0.02093600
3 0.88708300 0.35899000 0.02250000 0.02586200
0 0.47250000 0.74876800 0.04666700 0.19950700
0 0.44791700 0.58374400 0.06583300 0.11083700
0 0.35375000 0.54864500 0.05750000 0.10714300
0 0.31833300 0.51539400 0.04500000 0.10714300
0 0.25916700 0.63238900 0.07500000 0.05049300
0 0.37041700 0.61453200 0.04916700 0.07389200
0 0.41375000 0.81157600 0.04250000 0.04187200
0 0.36625000 0.75246300 0.05750000 0.09113300
4 0.40625000 0.81896600 0.01583300 0.02463100
0 0.56458300 0.42056700 0.04583300 0.15640400
0 0.62875000 0.42426100 0.02583300 0.17857100
0 0.74875000 0.44950700 0.03416700 0.16995100
0 0.81000000 0.52278300 0.03833300 0.17610800
0 0.77125000 0.63793100 0.05250000 0.17980300
0 0.98333300 0.47290600 0.03333300 0.17241400
0 0.87875000 0.43165000 0.04250000 0.17118200
0 0.85208300 0.37069000 0.03083300 0.09113300
0 0.86500000 0.30788200 0.02666700 0.09359600
0 0.80125000 0.34482800 0.02916700 0.15763500
0 0.74166700 0.26847300 0.03666700 0.08867000
0 0.77208300 0.29803000 0.03416700 0.07142900
2 0.76166700 0.28263500 0.01333300 0.02586200
0 0.68750000 0.25800500 0.04000000 0.13423600
0 0.67500000 0.20812800 0.03166700 0.14285700
0 0.61333300 0.12869500 0.03333300 0.08743800
0 0.49166700 0.11576400 0.02666700 0.06650200
