12 0.48938800 0.47453900 0.01765000 0.03048600
12 0.55004500 0.46666700 0.01519200 0.02948100
12 0.41610800 0.62696800 0.01899000 0.03517600
3 0.55026800 0.47537700 0.00983000 0.01206000
3 0.48894100 0.48090500 0.00871300 0.01038500
9 0.45386500 0.53098800 0.00737300 0.01005000
9 0.49497300 0.51691800 0.00647900 0.01273000
9 0.54814600 0.52696800 0.00960700 0.01273000
9 0.53652800 0.51943000 0.00603200 0.01440500
11 0.44738600 0.69179200 0.00737300 0.01541000
14 0.54267200 0.57470700 0.01608600 0.01775500
14 0.55194400 0.58693500 0.00781900 0.01273000
16 0.41811900 0.68073700 0.04401300 0.07772200
16 0.48034000 0.50117300 0.03083100 0.05695100
16 0.55105000 0.49815700 0.02971400 0.06097200
14 0.49441500 0.58978200 0.01340500 0.00971500
10 0.41510300 0.62495800 0.01429800 0.02445600
10 0.48972300 0.46934700 0.01742600 0.01876000
16 0.30194400 0.17336700 0.02926700 0.06130700
10 0.54993300 0.46214400 0.01362800 0.02043600
0 0.47576000 0.52445600 0.05697100 0.13701800
0 0.54915100 0.52177600 0.03619300 0.15108900
0 0.42080000 0.71407000 0.06546000 0.21407000
0 0.30227900 0.19631500 0.04066100 0.12395300
