12 0.54036500 0.44368500 0.03211800 0.04882800
3 0.53971400 0.45703100 0.01953100 0.01953100
1 0.53982200 0.45589200 0.00455700 0.00944000
11 0.58572000 0.57373000 0.01649300 0.02311200
11 0.54947900 0.50781200 0.01779500 0.01953100
16 0.58517800 0.48307300 0.06532100 0.08593700
14 0.59233900 0.66259800 0.02973100 0.03873700
14 0.58528600 0.60498000 0.01866300 0.01855500
7 0.47623700 0.50846400 0.06532100 0.10416700
10 0.54047300 0.43489600 0.03276900 0.03385400
0 0.57790800 0.54296900 0.10590300 0.25195300
