12 0.52495400 0.46013400 0.10407800 0.09332500
12 0.72945800 0.55792200 0.12355400 0.09291900
12 0.22443700 0.54960400 0.10742500 0.10062900
3 0.70815600 0.55802400 0.07729800 0.08500700
3 0.52023700 0.48021900 0.08003700 0.05153200
3 0.23082800 0.55609700 0.09220900 0.08602200
1 0.17970200 0.55285000 0.01673800 0.02515700
1 0.57014600 0.46388700 0.01430300 0.01643300
1 0.75593400 0.55701000 0.01886800 0.02738900
11 0.64881300 0.60935300 0.07973200 0.05701000
11 0.37401100 0.68654900 0.06329900 0.04057600
11 0.26749800 0.74721000 0.06086400 0.03164900
0 0.79534400 0.64384300 0.40931200 0.30127800
0 0.55721200 0.55082200 0.23737100 0.31568300
0 0.22748000 0.63329300 0.34357900 0.26881700
