12 0.38013000 0.36218000 0.01446300 0.03047500
12 0.46807800 0.43465500 0.01889300 0.03281900
12 0.30416900 0.74545800 0.01889300 0.03516300
12 0.83381100 0.49931600 0.01706800 0.03164700
12 0.80912100 0.55977700 0.01511400 0.02676300
12 0.87772000 0.53838600 0.01472300 0.02578600
3 0.38097700 0.37429200 0.00990200 0.00937700
3 0.87589600 0.54385600 0.01081400 0.01836300
3 0.83159600 0.50703300 0.00794800 0.01074400
3 0.47016300 0.44373900 0.00846900 0.00918100
1 0.47224800 0.44383700 0.00247600 0.00703300
1 0.87876200 0.54551700 0.00351800 0.00800900
1 0.82918600 0.50420000 0.00312700 0.00507900
1 0.81159600 0.56768900 0.00312700 0.00703300
11 0.86006500 0.57677300 0.00807800 0.01074400
11 0.86443000 0.56934900 0.00846900 0.00879100
11 0.83524400 0.54688400 0.00690600 0.01230700
11 0.84104200 0.54551700 0.00886000 0.01035400
11 0.82143300 0.57335400 0.00716600 0.01015800
11 0.47452800 0.50439500 0.00599300 0.01289300
11 0.45198700 0.55801900 0.00599300 0.01347900
11 0.44755700 0.43446000 0.00547200 0.00898600
11 0.28247600 0.74682600 0.00807800 0.01523700
14 0.31198700 0.86286400 0.00951100 0.01797200
14 0.28280100 0.85749200 0.01602600 0.01347900
14 0.49589600 0.50224700 0.00912100 0.02383300
10 0.30267100 0.74262600 0.01589600 0.03106100
10 0.43166100 0.39607300 0.01798000 0.01816800
10 0.46807800 0.43436200 0.01706800 0.02871700
10 0.83381100 0.49707000 0.01785000 0.02363700
10 0.76566800 0.59796800 0.01785000 0.02148900
10 0.94944600 0.57530800 0.02006500 0.02266100
0 0.88293200 0.56241500 0.04625400 0.07306100
0 0.29674300 0.79781200 0.04234500 0.14768500
0 0.47882700 0.47235800 0.03804600 0.10119200
0 0.43706800 0.41277600 0.02697100 0.05508900
0 0.38579800 0.37243600 0.03179200 0.05059600
0 0.42951100 0.55704200 0.05068400 0.07755400
0 0.82775200 0.51846100 0.04742700 0.07540500
0 0.81081400 0.58829800 0.04091200 0.07911700
