3 0.39608000 0.43780400 0.08903100 0.04821700
12 0.37040400 0.41015000 0.14159800 0.10271500
12 0.33196600 0.48298200 0.11820100 0.10980600
1 0.40458800 0.40994700 0.02339700 0.01762600
1 0.38134300 0.49199800 0.01276200 0.03221200
11 0.59313300 0.68922200 0.05651800 0.04173400
14 0.71209400 0.82344000 0.14494100 0.06381700
14 0.85900900 0.79244300 0.12822900 0.07597200
8 0.38924300 0.42797800 0.02127000 0.06381700
0 0.61485900 0.60220800 0.62564600 0.51033200
0 0.39820700 0.71495100 0.44272300 0.57009700
