3 0.47833100 0.38105000 0.05842700 0.11148600
12 0.47375600 0.36732500 0.06853900 0.13749100
3 0.75826600 0.51047400 0.06773700 0.11991300
12 0.78691800 0.47616200 0.12664500 0.18661200
12 0.33908500 0.46315900 0.11348300 0.20587500
12 0.33202200 0.34770000 0.08330700 0.10739200
8 0.76332300 0.49073000 0.06661300 0.07031100
8 0.38306600 0.47748600 0.04606700 0.04912100
1 0.44582700 0.37671600 0.00914900 0.03298800
1 0.79927800 0.52672800 0.02263200 0.04069300
1 0.37367600 0.50132400 0.01605100 0.04767600
11 0.53876400 0.38803300 0.04317800 0.10955900
11 0.56870000 0.42824500 0.06260000 0.10667000
11 0.55818600 0.53431300 0.03322600 0.12569200
11 0.48972700 0.65266100 0.04398100 0.08162800
11 0.40016100 0.42872600 0.01829900 0.06284600
11 0.67223100 0.84276400 0.06805800 0.07560800
11 0.42247200 0.87948500 0.06613200 0.08837000
14 0.45593900 0.92704100 0.04446200 0.11317100
6 0.45040100 0.92860600 0.03242400 0.09463000
14 0.49823400 0.91439900 0.06356300 0.08981500
6 0.50024100 0.91608500 0.05441400 0.07970100
14 0.40345100 0.95533300 0.03001600 0.08933300
0 0.36950200 0.67902700 0.45329100 0.64194600
0 0.47134800 0.62834100 0.17608300 0.71827600
0 0.32062600 0.45966800 0.17801000 0.33036400
0 0.73916500 0.69227075 0.39101100 0.61545850
