12 0.79600000 0.30125000 0.01800000 0.02950000
3 0.79533300 0.30625000 0.01333300 0.01950000
12 0.64383300 0.52500000 0.05233300 0.07800000
12 0.10900000 0.18250000 0.00600000 0.01000000
12 0.15316700 0.19350000 0.00966700 0.01400000
12 0.18800000 0.19250000 0.00733300 0.01100000
12 0.74700000 0.20975000 0.01333300 0.01850000
0 0.61833300 0.70675000 0.13800000 0.58650000
11 0.61133300 0.43200000 0.02533300 0.03900000
11 0.57416700 0.47075000 0.02300000 0.05550000
1 0.62783300 0.54600000 0.00833300 0.01900000
0 0.79766700 0.32475000 0.03800000 0.07650000
1 0.80266700 0.29925000 0.00400000 0.00950000
11 0.72416700 0.24150000 0.00566700 0.01100000
14 0.63800000 0.97350000 0.03000000 0.04400000
14 0.57500000 0.99125000 0.02533300 0.01750000
0 0.11083300 0.21025000 0.02100000 0.06850000
0 0.15733300 0.20550000 0.01866700 0.03700000
0 0.19150000 0.20150000 0.02433300 0.03000000
0 0.74250000 0.23525000 0.04233300 0.07150000
