3 0.22686600 0.45983800 0.05223900 0.15169300
12 0.19207100 0.44682300 0.12145500 0.18164000
3 0.72537300 0.46277600 0.05298500 0.14749500
12 0.75186600 0.44038600 0.10895500 0.19115600
8 0.21082100 0.45619900 0.07761200 0.04086200
8 0.73656700 0.44934200 0.07238800 0.04170200
1 0.19216400 0.46333600 0.02350700 0.04618000
1 0.76016800 0.45340100 0.01772400 0.05205700
11 0.34981300 0.77036100 0.05671600 0.09207900
11 0.34542900 0.77092100 0.06138100 0.08200400
11 0.59981300 0.65225300 0.07537300 0.09096000
11 0.60783600 0.74279300 0.07014900 0.07556700
0 0.75270500 0.64245700 0.38451500 0.59809700
0 0.21837700 0.67086500 0.32070900 0.62916300
