1 0.62042700 0.18432500 0.01340100 0.04265100
1 0.42774400 0.41238800 0.02462900 0.06302600
11 0.51629800 0.61070400 0.05396600 0.05107300
11 0.64641400 0.60934500 0.03531300 0.04618300
11 0.52363300 0.95436000 0.05487100 0.07335000
12 0.58692500 0.18622700 0.08909800 0.17196400
12 0.41207900 0.36280900 0.13455300 0.24205400
14 0.70898200 0.90926400 0.09779100 0.07280600
14 0.71025000 0.85425200 0.10793200 0.05243100
0 0.65284300 0.51915200 0.33973200 0.85465900
0 0.35983300 0.61844600 0.37305300 0.76310800
