12 0.52700900 0.24084800 0.08586300 0.17321400
3 0.52447900 0.25982100 0.06830400 0.13571400
12 0.69129500 0.30491100 0.11354200 0.20491100
3 0.66949400 0.32589300 0.06964300 0.16205400
1 0.70878000 0.35089300 0.00833300 0.02008900
1 0.49017900 0.23024600 0.01071400 0.04352700
1 0.55788700 0.26350400 0.01190500 0.03192000
11 0.32589300 0.56015600 0.04940500 0.07611600
11 0.45386900 0.67633900 0.08035700 0.07232100
11 0.47544600 0.70156200 0.03660700 0.06294600
0 0.57180100 0.60156200 0.43020800 0.79687500
14 0.15498500 0.86830400 0.09300600 0.09241100
14 0.25200900 0.86339300 0.12753000 0.11160700
