3 0.19858900 0.31991400 0.15417000 0.14354100
12 0.18980500 0.30316800 0.19203200 0.18297300
3 0.64761200 0.17134100 0.17421400 0.17076400
12 0.65973800 0.14609800 0.20044500 0.21960100
12 0.86315275 0.40339900 0.27369450 0.28048200
1 0.11408100 0.32346100 0.03909900 0.04570200
1 0.27555100 0.30003300 0.01658000 0.04075200
1 0.74239000 0.16193700 0.02920100 0.05098200
8 0.64315800 0.16878400 0.19945600 0.06401600
11 0.36550400 0.80259000 0.14946800 0.11829700
11 0.25327900 0.48498600 0.16654300 0.07969000
11 0.26107400 0.49637000 0.22123200 0.10542800
11 0.22271700 0.52590300 0.24548400 0.05560100
0 0.55283300 0.40207900 0.79386300 0.71605300
0 0.26416700 0.46213500 0.52635500 0.50123700
