11 0.35883300 0.82225000 0.08466700 0.09950000
11 0.10733300 0.66750000 0.04966700 0.05100000
11 0.38208300 0.67950000 0.03583300 0.06550000
11 0.78283300 0.26650000 0.03533300 0.06000000
11 0.69866700 0.49812500 0.05133300 0.02575000
3 0.25375000 0.45225000 0.06083300 0.07050000
3 0.58975000 0.41287500 0.12716700 0.23175000
3 0.75991700 0.44837500 0.03550000 0.06975000
12 0.59200000 0.38575000 0.13666700 0.25400000
12 0.78816700 0.41425000 0.09833300 0.12000000
12 0.25558300 0.41475000 0.08216700 0.13550000
1 0.22008300 0.42987500 0.00950000 0.02775000
1 0.63925000 0.42262500 0.02716700 0.04975000
0 0.54575000 0.56175000 0.45450000 0.61650000
0 0.23941700 0.56462500 0.32616700 0.45025000
0 0.77375000 0.52825000 0.20350000 0.59300000
