12 0.44476200 0.40441200 0.07555600 0.13419100
12 0.17398400 0.50061300 0.14662000 0.28492600
12 0.80569700 0.48483500 0.17337100 0.29136000
11 0.46375300 0.47977900 0.03185600 0.08210800
11 0.44312800 0.72732800 0.05146000 0.09007400
3 0.44180100 0.42585800 0.05411500 0.09252500
3 0.79691600 0.52818600 0.13988200 0.20404400
1 0.72472900 0.47319200 0.01143600 0.06587000
1 0.86369200 0.53508000 0.03001800 0.06341900
1 0.41168100 0.39828400 0.00857700 0.02941200
1 0.11527500 0.54182000 0.01449900 0.04993900
7 0.49479300 0.77389700 0.06493800 0.05821100
0 0.43557300 0.59880500 0.22421900 0.52726700
0 0.71227300 0.66988375 0.48070200 0.66023250
0 0.20216500 0.67892175 0.29283200 0.64215650
