12 0.18686300 0.21700000 0.11817600 0.11160000
12 0.41691700 0.27200000 0.09958000 0.09360000
12 0.84283100 0.26220000 0.09838000 0.09400000
11 0.39592100 0.44000000 0.05278900 0.05840000
11 0.28704300 0.53440000 0.04379100 0.04640000
11 0.48500300 0.37060000 0.05578900 0.03800000
11 0.70575900 0.53860000 0.04019200 0.06440000
11 0.97270500 0.51280000 0.04979000 0.05600000
1 0.15356900 0.22540000 0.02639500 0.03560000
1 0.79604100 0.27120000 0.02519500 0.02720000
1 0.89262100 0.27100000 0.01799600 0.02840000
1 0.46760600 0.27700000 0.01499700 0.02760000
1 0.37582500 0.27900000 0.02219600 0.02760000
5 0.42051600 0.29880000 0.07078600 0.04400000
5 0.20755800 0.23840000 0.07318500 0.05360000
5 0.84703100 0.28360000 0.07798400 0.04000000
14 0.43401300 0.74240000 0.06658700 0.05120000
14 0.17666500 0.78420000 0.10497900 0.05720000
14 0.08008400 0.77340000 0.06898600 0.06440000
14 0.77474500 0.75200000 0.07618500 0.07280000
14 0.84283100 0.76680000 0.07318500 0.05840000
0 0.83143375 0.50280000 0.33713250 0.57680000
0 0.42801400 0.48440000 0.31373700 0.54560000
0 0.20006000 0.48640000 0.40012000 0.63920000
