12 0.72171500 0.18317300 0.15592900 0.30096200
3 0.72283700 0.25144200 0.13413500 0.16730800
11 0.65224400 0.71971200 0.08109000 0.11057700
11 0.74054500 0.80300500 0.10897400 0.15024000
7 0.39591300 0.37692300 0.11554500 0.03221200
7 0.56274000 0.34795700 0.03317300 0.03004800
7 0.54823700 0.33858200 0.03878200 0.04110600
7 0.52003200 0.19795700 0.06474400 0.13004800
7 0.37355800 0.39711500 0.06314100 0.04471200
7 0.39727600 0.40793300 0.17275600 0.07115400
0 0.71274000 0.52548100 0.45592900 0.94903800
