12 0.32950000 0.31208300 0.17650000 0.17250000
3 0.32300000 0.33000000 0.15350000 0.14866700
12 0.71312500 0.39233300 0.39125000 0.35166700
3 0.67762500 0.40816700 0.32025000 0.29766700
11 0.52975000 0.89591700 0.22950000 0.09716700
11 0.32337500 0.70141700 0.07725000 0.12283300
1 0.86125000 0.36316700 0.08150000 0.10133300
1 0.40337500 0.33858300 0.02425000 0.04050000
1 0.24287500 0.32566700 0.00875000 0.03766700
5 0.32200000 0.35841700 0.15350000 0.09416700
5 0.68062500 0.44425000 0.32575000 0.24683300
7 0.58612500 0.56825000 0.65675000 0.40683300
0 0.32925000 0.61275000 0.63100000 0.77450000
0 0.64300000 0.60166675 0.71400000 0.79666650
