12 0.23757700 0.32112600 0.03649800 0.05320000
12 0.62594200 0.54266300 0.06716900 0.09689000
3 0.61343400 0.55409900 0.04249500 0.07453100
3 0.24991400 0.33269100 0.01285100 0.03058300
8 0.60726500 0.53263900 0.01302300 0.02081700
0 0.60075400 0.68876900 0.16655200 0.38961700
14 0.59081600 0.85530700 0.06888300 0.05294300
14 0.63511000 0.82485200 0.03101400 0.05217200
7 0.33558900 0.35839100 0.01216600 0.04857400
7 0.31896800 0.35505000 0.00942400 0.04600400
0 0.23654900 0.39308700 0.09030200 0.19712200
