12 0.74230500 0.25737500 0.10810800 0.21125000
12 0.54288700 0.21800000 0.10979700 0.22100000
3 0.74812300 0.30475000 0.09834800 0.10650000
3 0.53603600 0.26425000 0.09722200 0.10050000
1 0.78669300 0.28650000 0.01895600 0.05100000
1 0.49690300 0.23825000 0.01783000 0.04150000
11 0.56550300 0.46987500 0.06193700 0.06475000
11 0.65305900 0.58525000 0.03960200 0.07300000
11 0.68890800 0.57312500 0.05649400 0.06075000
8 0.54645300 0.24825000 0.08314600 0.05650000
5 0.53988400 0.28962500 0.07301100 0.07875000
5 0.73817600 0.32650000 0.07132100 0.06850000
10 0.54354400 0.17912500 0.11148600 0.13875000
10 0.74164800 0.21425000 0.13569800 0.11900000
0 0.51435800 0.55450000 0.26182400 0.89100000
0 0.76754900 0.57612500 0.25994700 0.84775000
