3 0.46576000 0.21720700 0.08429800 0.14017500
12 0.45852600 0.18878600 0.09876500 0.19804500
12 0.84702900 0.22903800 0.21219100 0.28472200
12 0.04195600 0.44470200 0.08352600 0.42695500
8 0.05237300 0.43004100 0.10436000 0.12808600
1 0.42062100 0.22209400 0.02025500 0.04552500
1 0.80545900 0.23508200 0.02064000 0.07818900
1 0.01726500 0.42052500 0.03414400 0.10596700
11 0.56423600 0.55439800 0.08912000 0.12525700
11 0.61332900 0.63554500 0.10937500 0.07098800
11 0.36718800 0.43968600 0.04996100 0.06713000
11 0.24980700 0.78626500 0.07754600 0.11831300
11 0.13657400 0.86046800 0.10378100 0.10159500
0 0.46161300 0.33140400 0.25347200 0.48842600
0 0.73051700 0.54205200 0.44791700 0.91589500
0 0.15461000 0.60879600 0.30883500 0.78189300
