12 0.68484300 0.32550500 0.13840600 0.21125500
12 0.24769300 0.46789200 0.20193600 0.30723800
3 0.31477800 0.49886500 0.05959800 0.23349200
3 0.66502800 0.35057900 0.06126200 0.13569300
11 0.57684200 0.77467700 0.08032100 0.06671200
11 0.75850900 0.73927800 0.07154700 0.06353500
11 0.48895800 0.79748100 0.07094200 0.10188300
11 0.41718300 0.78239200 0.06685800 0.04992100
1 0.27915600 0.46131200 0.02647100 0.06172000
0 0.31508100 0.65679600 0.42867900 0.67233900
0 0.67712900 0.50000000 0.29178600 0.57703700
