12 0.18033300 0.48376600 0.05733300 0.12937100
3 0.18116700 0.50924100 0.04866700 0.07842200
12 0.53800000 0.74687800 0.07700000 0.11913100
12 0.61408300 0.61001500 0.07816700 0.11913100
3 0.59725000 0.62013000 0.04383300 0.09740300
12 0.79491700 0.15696800 0.05116700 0.10514500
3 0.79816700 0.18056900 0.04233300 0.05744300
12 0.87466700 0.09790200 0.06066700 0.11788200
3 0.87700000 0.12787200 0.05000000 0.05744300
11 0.42683300 0.87974500 0.05666700 0.05020000
11 0.43925000 0.84827700 0.02650000 0.03421600
11 0.43116700 0.78171800 0.04366700 0.06044000
11 0.44041700 0.72215300 0.04216700 0.04420600
11 0.20850000 0.67182800 0.02000000 0.04295700
11 0.77316700 0.35527000 0.03700000 0.05519500
11 0.81600000 0.30606900 0.02966700 0.04670300
11 0.90833300 0.34590400 0.04633300 0.03996000
1 0.20691700 0.48364100 0.00416700 0.02372600
1 0.52466700 0.78583900 0.00766700 0.02222800
1 0.62250000 0.64148400 0.01466700 0.02672300
1 0.77391700 0.16183800 0.00850000 0.02497500
1 0.90016700 0.10439600 0.00933300 0.02447600
14 0.75733300 0.66583400 0.04566700 0.06543500
14 0.69091700 0.64910100 0.03250000 0.05894100
14 0.85533300 0.73151800 0.08033300 0.10489500
14 0.85558300 0.72452500 0.08116700 0.04845200
8 0.60683300 0.61526000 0.05100000 0.04920100
8 0.50816700 0.75686800 0.02300000 0.02872100
8 0.79966700 0.17457500 0.04300000 0.03896100
8 0.87358300 0.11988000 0.04550000 0.04595400
0 0.52350000 0.84340675 0.25233300 0.31318650
0 0.74875000 0.40159800 0.14916700 0.59490500
0 0.53858300 0.69642900 0.25916700 0.28496500
0 0.18316700 0.53996000 0.20200000 0.30869100
0 0.90041675 0.41009000 0.19916650 0.74675300
