11 0.45183400 0.22289000 0.09027800 0.10550200
11 0.55795900 0.25227000 0.10523500 0.09855800
7 0.83983300 0.66867000 0.20032100 0.19257500
7 0.48299500 0.26295400 0.05502100 0.04513900
7 0.42957600 0.45392600 0.09597600 0.15838700
7 0.09054500 0.46033700 0.06926600 0.17120700
7 0.11654200 0.45058800 0.07888200 0.17414500
7 0.14013500 0.44831700 0.08155300 0.15357900
7 0.17192000 0.45779900 0.09668800 0.17361100
7 0.19168400 0.47382500 0.07603300 0.15544900
7 0.23068000 0.45232400 0.02831200 0.12633500
0 0.50000000 0.18429500 0.37215100 0.36859000
