3 0.32440600 0.21658900 0.06292300 0.10400400
12 0.32518600 0.20566800 0.06690900 0.12792500
1 0.29727900 0.19097800 0.01109400 0.03146100
11 0.29623900 0.47880900 0.12445800 0.13806600
11 0.35344100 0.50065000 0.03224100 0.04602200
7 0.42459700 0.45072800 0.09100400 0.10946400
7 0.79753900 0.45254800 0.07419000 0.07670300
7 0.74267600 0.45930800 0.03206800 0.04862200
7 0.62974500 0.44552800 0.08597700 0.02210100
0 0.15028600 0.30824200 0.07453600 0.14118600
0 0.28167800 0.45891800 0.21182200 0.63546500
