12 0.82388100 0.38281200 0.04359600 0.07349500
12 0.50945200 0.35416700 0.03588000 0.07060200
12 0.06790100 0.38686300 0.03703700 0.06770800
11 0.03221500 0.61284700 0.01736100 0.04513900
11 0.46469900 0.49074100 0.02430600 0.02662000
3 0.50077200 0.37066000 0.01774700 0.03761600
3 0.81134300 0.38888900 0.01774700 0.05208300
1 0.81886600 0.38107600 0.00578700 0.01909700
1 0.05246900 0.40133100 0.00617300 0.01446800
1 0.08333300 0.40162000 0.00617300 0.01736100
14 0.04340300 0.80237300 0.04822500 0.03298600
14 0.07446000 0.81105300 0.01929000 0.02488400
14 0.84317100 0.80150500 0.03665100 0.02893500
14 0.87827900 0.79571800 0.03510800 0.02893500
0 0.48881200 0.50636600 0.07484600 0.37500000
0 0.83294800 0.57957200 0.13040100 0.47627300
0 0.06616500 0.58854200 0.09606500 0.47338000
