12 0.51297500 0.18983000 0.11440100 0.20093200
12 0.60873500 0.64336600 0.04495600 0.08114000
12 0.65095000 0.64583300 0.03691500 0.07894700
3 0.50301500 0.22341000 0.08315100 0.12664500
1 0.51471100 0.15720900 0.02320900 0.04852000
9 0.44234300 0.69750500 0.11641100 0.09895800
9 0.45486100 0.45819600 0.05190100 0.04194100
8 0.49342100 0.21176000 0.03143300 0.11047100
7 0.36604500 0.65350900 0.31688600 0.36184200
7 0.70330800 0.79632700 0.04696600 0.03673200
0 0.68996700 0.54714900 0.61787300 0.90570200
14 0.58744500 0.95449600 0.02247800 0.04934200
14 0.62984300 0.92996200 0.01845800 0.02933100
0 0.54788000 0.67228600 0.13852300 0.15049300
0 0.63770100 0.77864600 0.09521200 0.37746700
