3 0.29175000 0.56158300 0.08300000 0.10583300
12 0.25962500 0.54716700 0.14825000 0.13200000
3 0.79125000 0.56883300 0.10250000 0.09433300
12 0.80712500 0.55441700 0.13525000 0.12250000
1 0.24162500 0.55458300 0.01775000 0.03316700
1 0.84925000 0.55391700 0.02400000 0.03083300
11 0.35625000 0.76866700 0.08200000 0.06800000
11 0.43962500 0.75900000 0.10475000 0.04100000
11 0.62662500 0.93025000 0.07825000 0.07483300
11 0.87250000 0.77475000 0.10550000 0.06950000
0 0.79400000 0.74816675 0.41200000 0.50366650
0 0.25662500 0.74208300 0.47075000 0.51583300
