12 0.67639800 0.28426500 0.12746700 0.11787300
12 0.39802600 0.40762100 0.24122800 0.22021200
3 0.68174300 0.29915900 0.09758800 0.08040900
3 0.43188000 0.45495200 0.16584400 0.11568000
1 0.62924900 0.30436800 0.02494500 0.02430600
1 0.73369000 0.29541300 0.01233600 0.02759500
9 0.83771900 0.59192300 0.06469300 0.07383000
9 0.69216000 0.93357100 0.07401300 0.05098700
9 0.35786700 0.40213800 0.17297100 0.12006600
14 0.92859100 0.73821300 0.14281800 0.06670300
0 0.41241800 0.63843200 0.67352000 0.72313600
0 0.77590475 0.49570500 0.44819050 0.54184900
10 0.67489000 0.26727000 0.12500000 0.08973000
10 0.40296100 0.35188200 0.24561400 0.10910100
