12 0.87949900 0.41201400 0.15585600 0.23125300
12 0.63822400 0.33100700 0.07235500 0.14039400
12 0.70144300 0.30774500 0.03362000 0.07197600
12 0.74456400 0.28352500 0.04165900 0.08483900
12 0.91421500 0.28995600 0.05024700 0.05172400
12 0.51927600 0.27682000 0.03727400 0.07580700
12 0.55289600 0.30487100 0.05627600 0.09523800
12 0.16892000 0.35988000 0.10542700 0.16092000
12 0.30138900 0.31814400 0.07619200 0.11740600
12 0.29426300 0.26409400 0.04549600 0.06239700
12 0.12351500 0.26614700 0.03142700 0.05829200
12 0.05381000 0.27709400 0.04403400 0.08182800
1 0.91485500 0.45347600 0.03252300 0.04926100
1 0.65677000 0.34441700 0.01845400 0.03639800
1 0.57436500 0.31828100 0.01333800 0.02682000
11 0.09912300 0.75013700 0.05207400 0.03448300
11 0.56020500 0.59715400 0.03581200 0.03776700
11 0.52146900 0.53147200 0.03325400 0.03831400
11 0.82112200 0.84441700 0.13009300 0.10700600
11 0.74365100 0.58976500 0.08331800 0.11822700
11 0.77690500 0.49863200 0.01681000 0.03284100
5 0.86077100 0.46510700 0.11730300 0.11904800
5 0.74228000 0.30199800 0.03782200 0.05008200
5 0.70016400 0.33182800 0.03033100 0.02381000
5 0.63045900 0.36507900 0.05645900 0.07553400
5 0.55052100 0.32690200 0.05152600 0.05172400
5 0.51516500 0.29584000 0.02832100 0.03667200
5 0.28978600 0.34537500 0.05444900 0.06020800
5 0.15457700 0.39983600 0.07527900 0.08100700
5 0.12168800 0.27682000 0.02521500 0.03694600
5 0.05042900 0.29488200 0.03800500 0.04953500
0 0.06184900 0.36480600 0.09665600 0.26163100
0 0.29307500 0.46223300 0.14799900 0.41105600
0 0.75132500 0.39819400 0.13338200 0.31527100
0 0.81755900 0.64792000 0.36488200 0.70416000
0 0.13785900 0.64080475 0.27571700 0.71839050
0 0.62525100 0.51067300 0.19404300 0.49972600
0 0.54019700 0.42528700 0.13904600 0.33552300
0 0.11501900 0.29939800 0.04988100 0.12424700
