12 0.52525000 0.36975000 0.23650000 0.24983300
12 0.79375000 0.14350000 0.41250000 0.28666700
3 0.50612500 0.40333300 0.19875000 0.18166700
3 0.72062500 0.21550000 0.17475000 0.14266700
1 0.62150000 0.37408300 0.04000000 0.05850000
1 0.81600000 0.15616700 0.03100000 0.03666700
11 0.20712500 0.89216700 0.28125000 0.13200000
11 0.37300000 0.73383300 0.19450000 0.09600000
11 0.23662500 0.69025000 0.23125000 0.11350000
8 0.49637500 0.38591700 0.23025000 0.07150000
0 0.46750000 0.62250000 0.52300000 0.75500000
0 0.53387500 0.50033300 0.93225000 0.99933300
