12 0.56396500 0.32959000 0.01660200 0.02050800
12 0.52319300 0.33317100 0.01806600 0.02050800
11 0.57519500 0.35791000 0.01367200 0.01464800
11 0.55761700 0.35725900 0.01074200 0.01269500
11 0.54126000 0.38069700 0.00634800 0.00683600
11 0.49609400 0.37711600 0.00878900 0.01074200
14 0.57495100 0.41471400 0.00732400 0.01627600
14 0.56543000 0.42154900 0.01269500 0.01106800
14 0.52587900 0.42041000 0.00976600 0.01074200
14 0.51489300 0.42154900 0.01416000 0.00911500
0 0.51782200 0.37369800 0.05419900 0.11393200
0 0.56762700 0.37109400 0.05029300 0.11588500
0 0.31420900 0.37500000 0.05224600 0.10742200
0 0.26342800 0.37662800 0.05419900 0.11979200
12 0.26416000 0.32828800 0.02246100 0.02115900
12 0.30615200 0.33121700 0.02832000 0.02311200
