3 0.39424300 0.46929100 0.12161300 0.25467600
12 0.37207500 0.43269500 0.16871900 0.32509800
3 0.39347300 0.20376400 0.10837400 0.18864000
12 0.36999700 0.16393400 0.15594200 0.26552800
3 0.69658300 0.46859800 0.10837400 0.17247700
12 0.68511400 0.38940200 0.16363900 0.34934200
1 0.32858700 0.46444200 0.03463700 0.07688800
1 0.33551400 0.23135500 0.02971100 0.05495300
1 0.63693000 0.44654800 0.01216100 0.02863100
8 0.38916300 0.20584200 0.11884200 0.06211000
11 0.24099400 0.54190700 0.08666900 0.07804200
11 0.27509200 0.86919900 0.11699500 0.10967400
11 0.71597900 0.81620900 0.14809100 0.16439600
0 0.41933500 0.43408000 0.44581300 0.79796800
0 0.45466400 0.62745300 0.65471100 0.71969500
0 0.73629900 0.56892200 0.41871900 0.73100900
