12 0.27031300 0.27587900 0.20599000 0.35175800
12 0.68418000 0.35175800 0.13867200 0.23789100
3 0.66445300 0.36972700 0.09869800 0.19960900
11 0.43229200 0.81015600 0.06354200 0.12539100
11 0.50169300 0.88291000 0.09010400 0.12128900
11 0.52200500 0.65966800 0.04479200 0.08261700
11 0.63346400 0.72402300 0.10000000 0.09414100
1 0.72174500 0.36816400 0.02187500 0.04804700
7 0.36328100 0.62568400 0.06510400 0.23183600
8 0.37526000 0.29941400 0.02135400 0.06015600
0 0.31712200 0.54853500 0.45846400 0.90058600
0 0.69544300 0.54296900 0.39218700 0.62109400
