12 0.00950000 0.14750000 0.01900000 0.02900000
12 0.46950000 0.22787500 0.01700000 0.01875000
12 0.25341700 0.75512500 0.01983300 0.03525000
12 0.42733300 0.68950000 0.02033300 0.03100000
12 0.40783300 0.75187500 0.01733300 0.03225000
12 0.40125000 0.64900000 0.01483300 0.03200000
12 0.49525000 0.71525000 0.02150000 0.03400000
3 0.49000000 0.72300000 0.01066700 0.01900000
3 0.42291700 0.69400000 0.01083300 0.02150000
16 0.24750000 0.80350000 0.03066700 0.08300000
16 0.28183300 0.73562500 0.03033300 0.07125000
16 0.39858300 0.79975000 0.03850000 0.06350000
16 0.42725000 0.73762500 0.02916700 0.06375000
16 0.01841700 0.19937500 0.03450000 0.07275000
16 0.47575000 0.26712500 0.03050000 0.05775000
10 0.00991700 0.14625000 0.01850000 0.02700000
10 0.40833300 0.74562500 0.01633300 0.02175000
10 0.25541700 0.74875000 0.02316700 0.02350000
10 0.27733300 0.67737500 0.00600000 0.01775000
10 0.40100000 0.64275000 0.01566700 0.02250000
10 0.42900000 0.68700000 0.02000000 0.02500000
10 0.49500000 0.71037500 0.02133300 0.02525000
10 0.46950000 0.22587500 0.01633300 0.01575000
14 0.03483300 0.29912500 0.01033300 0.02375000
14 0.24775000 0.92637500 0.02050000 0.02125000
14 0.38175000 0.92050000 0.01850000 0.01800000
7 0.27166700 0.82200000 0.00766700 0.00750000
9 0.26266700 0.82600000 0.01100000 0.01500000
9 0.27908300 0.72575000 0.00550000 0.00950000
9 0.27575000 0.74162500 0.00916700 0.01275000
9 0.36050000 0.77275000 0.01133300 0.01600000
11 0.46100000 0.70512500 0.01000000 0.01825000
0 0.48641700 0.75375000 0.06116700 0.11800000
0 0.39008300 0.83187500 0.07083300 0.19925000
0 0.42900000 0.76562500 0.03333300 0.18725000
0 0.40458300 0.67537500 0.02183300 0.09325000
0 0.25000000 0.83612500 0.03666700 0.20275000
0 0.27408300 0.75550000 0.02616700 0.17300000
0 0.02025000 0.22300000 0.04050000 0.18000000
0 0.46766700 0.26275000 0.05100000 0.09600000
