3 0.24862500 0.12891700 0.08225000 0.06650000
12 0.24262500 0.11775000 0.10025000 0.08883300
3 0.64375000 0.41600000 0.19000000 0.17133300
12 0.68312500 0.38166700 0.26925000 0.23833300
9 0.14987500 0.42808300 0.05125000 0.05950000
9 0.42012500 0.40850000 0.03725000 0.05133300
9 0.33312500 0.62316700 0.15225000 0.11833300
9 0.40337500 0.73616700 0.15475000 0.12100000
1 0.76050000 0.40133300 0.04300000 0.05466700
0 0.50012500 0.63150000 0.99975000 0.73700000
0 0.29525000 0.40116700 0.35150000 0.65433300
