3 0.51160400 0.36951300 0.14853000 0.13444700
12 0.51237800 0.34412100 0.17999000 0.18591800
3 0.23336800 0.35703200 0.12996400 0.11189500
12 0.23233600 0.33542800 0.15471900 0.15717000
3 0.76121700 0.42916200 0.15110900 0.14666900
12 0.79216100 0.41599200 0.21454400 0.17404000
8 0.50464200 0.35281500 0.16193900 0.04802900
1 0.85624000 0.42210400 0.03842200 0.05026700
1 0.59347600 0.35006000 0.01727700 0.04596300
1 0.16310000 0.33603000 0.01057200 0.01859200
11 0.70345500 0.68118400 0.08458000 0.06472700
11 0.65162500 0.68591800 0.04951000 0.06558800
0 0.21054700 0.38991200 0.39994800 0.26923700
0 0.55324900 0.48554000 0.37519300 0.47082100
0 0.81330600 0.54889000 0.37338800 0.46496800
