3 0.22829900 0.18268200 0.06770800 0.17474000
12 0.19053800 0.14440100 0.14357600 0.25182300
12 0.49357600 0.47343800 0.16770800 0.29114600
1 0.18272600 0.14843800 0.02517400 0.06718800
1 0.54409700 0.51184900 0.01909700 0.07526000
5 0.55104200 0.55091100 0.04201400 0.15338500
11 0.24600700 0.30403600 0.06909700 0.11015600
9 0.81163200 0.79791700 0.10694400 0.11927100
9 0.62213500 0.66406200 0.07100700 0.08281200
0 0.18541700 0.50768200 0.28645800 0.98463500
0 0.59513900 0.66315100 0.54340300 0.67369800
