11 0.36681500 0.66071400 0.04464300 0.05982100
11 0.39233600 0.71484400 0.05907700 0.06406200
11 0.55141400 0.73984400 0.05669600 0.07611600
12 0.39144300 0.41093800 0.08705400 0.17544600
1 0.35513400 0.42087100 0.00878000 0.02165200
3 0.39345200 0.44921900 0.06785700 0.09933000
12 0.54003000 0.48761200 0.09821400 0.19174100
3 0.53742600 0.53939700 0.07366100 0.08772300
1 0.58258900 0.48928600 0.01339300 0.03883900
0 0.28802100 0.53426300 0.30788700 0.42209800
0 0.56503000 0.52031200 0.23154800 0.51919600
14 0.60997000 0.29040200 0.04553600 0.06071400
14 0.65468700 0.29598200 0.04151800 0.06026800
