3 0.55910700 0.23546700 0.08642900 0.10072300
3 0.91392900 0.40503600 0.09571400 0.16662200
3 0.19089300 0.26078200 0.07392900 0.11438500
3 0.09830400 0.71403700 0.06839300 0.16956900
12 0.56348200 0.18671300 0.10625000 0.20144700
12 0.17875000 0.21551000 0.10107100 0.20492900
12 0.93232100 0.37128300 0.13535700 0.24055700
12 0.06607100 0.71993000 0.13178600 0.20010700
8 0.55312500 0.23078000 0.08375000 0.07688200
8 0.08250000 0.71832300 0.08000000 0.16903300
11 0.46169600 0.51902000 0.06160700 0.09509800
11 0.54607100 0.55558500 0.07642900 0.08197200
11 0.90401800 0.70841100 0.05946400 0.11492100
11 0.19116100 0.50334900 0.06982100 0.06750600
11 0.25839300 0.41012600 0.04857100 0.06375600
11 0.21491100 0.64653100 0.07767900 0.12027900
11 0.29750000 0.72140400 0.06357100 0.14572700
11 0.38732100 0.75730000 0.09607100 0.17573000
11 0.54571400 0.90289300 0.07178600 0.19421400
0 0.86098200 0.52424300 0.27803600 0.53897700
0 0.17250000 0.34436100 0.30857100 0.46155900
0 0.57714300 0.34489700 0.29535700 0.51835000
0 0.16455400 0.79319600 0.32875000 0.41307300
