12 0.15187500 0.46400000 0.30375000 0.24166700
3 0.17800000 0.49175000 0.23950000 0.18916700
12 0.73625000 0.22083300 0.24800000 0.21700000
3 0.72712500 0.24616700 0.22625000 0.16733300
12 0.79012500 0.47166700 0.33875000 0.30333300
3 0.73312500 0.50808300 0.22625000 0.22650000
11 0.47050000 0.79783300 0.26850000 0.08466700
1 0.07062500 0.53083300 0.06725000 0.04766700
1 0.84137500 0.21666700 0.03575000 0.05700000
0 0.66800000 0.66050000 0.66400000 0.67900000
0 0.79300000 0.40250000 0.41400000 0.58400000
0 0.30025000 0.60525000 0.60050000 0.53516700
2 0.20937500 0.59341700 0.26125000 0.19783300
2 0.92787500 0.32641700 0.06725000 0.10550000
2 0.79112500 0.46791700 0.23475000 0.31583300
