12 0.62069600 0.44264600 0.02482500 0.04247800
12 0.69872800 0.43291500 0.02594800 0.04434900
1 0.68974600 0.44470400 0.00299400 0.01066600
1 0.61165200 0.45144100 0.00374300 0.01029200
11 0.74076800 0.55763500 0.01047900 0.02619800
11 0.66635500 0.53742500 0.00985500 0.01946100
11 0.59593300 0.52573000 0.00748500 0.01440900
14 0.62680900 0.69975700 0.01983500 0.01291200
14 0.70240800 0.68319600 0.01833800 0.02806900
14 0.71600500 0.66785200 0.01235000 0.02282900
16 0.61919900 0.50907600 0.05701100 0.10422900
16 0.70371800 0.50243300 0.05713600 0.09580800
10 0.69654400 0.43338300 0.02831800 0.03031400
10 0.62019700 0.43581600 0.02607300 0.03518000
9 0.72804400 0.55043000 0.01047900 0.02713300
0 0.62144500 0.56437100 0.08021500 0.28480500
0 0.70147200 0.55258200 0.08782400 0.28854800
