12 0.47418500 0.46490400 0.08941400 0.08480800
12 0.73146800 0.51278800 0.08826100 0.08211500
12 0.50461500 0.18644200 0.07470400 0.06788500
3 0.47519500 0.48682700 0.06951300 0.04019200
3 0.51701800 0.20192300 0.04989900 0.03615400
3 0.72180600 0.52903800 0.06893600 0.04961500
1 0.43467000 0.46278800 0.01038400 0.01980800
1 0.51370100 0.46163500 0.01038400 0.01826900
9 0.39832700 0.65336500 0.05768700 0.05903800
9 0.60383600 0.60951900 0.03720800 0.05711500
9 0.77300300 0.72009600 0.05480200 0.03326900
9 0.52047900 0.37048100 0.06086000 0.03865400
0 0.71084500 0.64586500 0.25122600 0.34865400
0 0.51817100 0.32173100 0.18777000 0.34500000
0 0.43063200 0.62538500 0.22382500 0.40423100
14 0.34987000 0.80221200 0.04614900 0.05134600
14 0.47447400 0.73557700 0.06114800 0.04423100
14 0.63340100 0.70519200 0.05941700 0.03923100
14 0.71805600 0.79451900 0.06086000 0.04480800
14 0.55364900 0.46692300 0.05105300 0.05000000
14 0.46365700 0.37086500 0.05970600 0.04788500
