12 0.19513200 0.36448800 0.07678600 0.08881400
3 0.20294900 0.38140200 0.05996400 0.04824800
12 0.79012500 0.22769500 0.05046500 0.05269500
3 0.78864000 0.23814000 0.03760100 0.02749300
11 0.18038800 0.60936700 0.04888200 0.04811300
14 0.31446700 0.81159000 0.10568000 0.04043100
14 0.11735600 0.83052600 0.07322400 0.02439400
1 0.16831600 0.37270900 0.01088500 0.01253400
1 0.77320400 0.22520200 0.00949900 0.00835600
7 0.21452600 0.65343700 0.10449200 0.14191400
7 0.80684700 0.30155000 0.03681000 0.26805900
0 0.22036400 0.57944700 0.29863400 0.51630700
0 0.75143500 0.32661700 0.13299000 0.25943400
