0 0.84042575 0.54838500 0.31914850 0.35918000
0 0.25969300 0.48739200 0.24704500 0.32041000
3 0.26146600 0.37580800 0.06903100 0.06446000
12 0.26524800 0.37139500 0.08652500 0.08904600
3 0.77978700 0.44617800 0.11134800 0.12387700
12 0.84491700 0.44420800 0.23829800 0.15334900
3 0.48983500 0.47407400 0.09456300 0.07691100
12 0.48297900 0.46729700 0.10780100 0.09046500
3 0.73416100 0.35579200 0.09148900 0.07265600
12 0.74515400 0.33798300 0.12293100 0.10764400
0 0.48427900 0.53940100 0.43995300 0.23498800
0 0.72754100 0.43672200 0.19976400 0.31016500
1 0.84586300 0.45981100 0.03829800 0.03451500
1 0.78829800 0.34680900 0.02482300 0.02758100
1 0.43617000 0.47588700 0.01465700 0.02190700
11 0.29409000 0.49858200 0.05059100 0.03766700
11 0.34349900 0.50520100 0.03782500 0.03483100
11 0.29964500 0.62466500 0.07163100 0.04712400
11 0.26406600 0.70866800 0.19243500 0.08589400
11 0.24763600 0.83656400 0.19361700 0.13806100
11 0.08983500 0.57100100 0.05721000 0.05610700
8 0.52848700 0.89582300 0.30425500 0.08195400
0 0.18061500 0.83049600 0.35981100 0.33900700
0 0.06288400 0.52261600 0.12529600 0.24775400
