12 0.65191000 0.22786500 0.11805600 0.10561300
12 0.41167500 0.27199100 0.07161500 0.06076400
3 0.65386300 0.23755800 0.10286500 0.07638900
3 0.41623300 0.28226300 0.03559000 0.04022000
1 0.69704900 0.23770300 0.01041700 0.02806700
1 0.40646700 0.26895300 0.00998300 0.01591400
11 0.44184000 0.37369800 0.02777800 0.02459500
11 0.74131900 0.45703100 0.05989600 0.06568300
11 0.60047700 0.35431100 0.02734400 0.02691000
7 0.72309000 0.51331000 0.02604200 0.07870400
0 0.68684900 0.36024300 0.19227400 0.36053200
0 0.37955700 0.37789400 0.16276000 0.26273100
