12 0.57641700 0.34075000 0.12650000 0.18950000
3 0.60741700 0.38350000 0.05583300 0.09850000
3 0.18433300 0.39087500 0.04833300 0.07675000
12 0.18325000 0.36362500 0.06216700 0.13075000
1 0.15741700 0.36425000 0.00783300 0.03200000
1 0.20966700 0.36525000 0.00533300 0.03200000
11 0.22658300 0.60112500 0.06616700 0.06375000
11 0.70900000 0.57300000 0.04633300 0.08900000
11 0.66858300 0.68737500 0.03850000 0.04125000
7 0.80200000 0.57200000 0.03433300 0.11850000
0 0.20058300 0.55200000 0.19550000 0.52250000
0 0.62116700 0.61862500 0.22200000 0.76225000
