3 0.33337600 0.47075900 0.07289000 0.06854200
3 0.47941200 0.60758700 0.08209700 0.06666700
3 0.63989800 0.52054600 0.05473100 0.05694800
3 0.28631700 0.59522600 0.08005100 0.06615500
3 0.70537100 0.59607800 0.08133000 0.06717800
12 0.64718700 0.50366600 0.08260900 0.08729800
12 0.71240400 0.58772400 0.09590800 0.08354600
12 0.47813300 0.58968500 0.11739100 0.11202000
12 0.32173900 0.45797100 0.11355500 0.08661600
12 0.27480800 0.57314600 0.10613800 0.10383600
1 0.75243000 0.58644500 0.01432200 0.02267700
1 0.52647100 0.59394700 0.01253200 0.02370000
1 0.43503800 0.59940300 0.01074200 0.02131300
1 0.23452700 0.58849100 0.02148300 0.02370000
11 0.68337600 0.67110000 0.09411800 0.03410100
11 0.25882400 0.73461200 0.08593400 0.04006800
0 0.24053700 0.63120200 0.25498700 0.20801400
0 0.32480800 0.50784300 0.29565200 0.21534500
0 0.47340200 0.63648800 0.40767300 0.21210600
0 0.76432200 0.60537100 0.34501300 0.29139000
0 0.81521700 0.68380200 0.36649600 0.29173100
