12 0.39212100 0.26892400 0.15591800 0.34163300
3 0.39727400 0.31660900 0.14494700 0.24626500
12 0.50814500 0.24788300 0.09009300 0.23481100
3 0.50997300 0.27614500 0.08643600 0.17729100
12 0.69331800 0.18687700 0.10006600 0.19895400
3 0.69124000 0.21215100 0.07762600 0.14641400
11 0.39519600 0.90363500 0.12084400 0.12400400
11 0.58036900 0.75149400 0.08128300 0.12649400
11 0.62657900 0.63259500 0.08028600 0.11180300
11 0.65151300 0.52091600 0.06565800 0.07420300
11 0.75980700 0.49439700 0.06449500 0.06797800
11 0.78897900 0.46576200 0.05967400 0.06200200
1 0.32795900 0.25298800 0.01961400 0.08466100
1 0.64760600 0.18762500 0.00997300 0.05005000
8 0.66904900 0.57258500 0.09541200 0.07495000
0 0.69813800 0.30776900 0.26329800 0.44073700
0 0.35538600 0.52963100 0.53590400 0.87898400
0 0.55568500 0.40923800 0.25864400 0.55851600
