12 0.12601600 0.40644100 0.02185000 0.03925300
12 0.53823700 0.47275200 0.02159600 0.04687500
3 0.53633100 0.48475600 0.01321100 0.02134100
1 0.54484200 0.47656200 0.00431900 0.01105200
12 0.72091000 0.54916200 0.02007100 0.04115900
12 0.62639700 0.55811700 0.02972600 0.04535100
9 0.52629600 0.56802600 0.00736800 0.02019800
9 0.65282000 0.60632600 0.02820100 0.04420700
10 0.12588900 0.39748500 0.02159600 0.02591500
10 0.53836400 0.46570100 0.02540700 0.03353700
4 0.63579800 0.56307200 0.04598600 0.05449700
15 0.12042700 0.53601400 0.05284600 0.21760700
15 0.54230200 0.56859800 0.04344500 0.16692100
15 0.67733700 0.58631900 0.09044700 0.16501500
14 0.03506100 0.56688300 0.00914600 0.01181400
14 0.14430900 0.64424500 0.01626000 0.01029000
14 0.71697200 0.68788100 0.01829300 0.04649400
8 0.53455300 0.47923000 0.01016300 0.01181400
10 0.06847100 0.58346000 0.01905500 0.02515200
7 0.65002500 0.64824700 0.02007100 0.03963400
0 0.66666700 0.58555600 0.11331300 0.16501500
0 0.54204800 0.55087700 0.04395300 0.20388700
0 0.12207800 0.51753000 0.06123000 0.26676800
0 0.03823700 0.54706600 0.02769300 0.05449700
