12 0.32724700 0.42005200 0.08405400 0.08787100
3 0.33491800 0.43791400 0.06439100 0.05214600
12 0.46586000 0.48645900 0.09334500 0.08527800
3 0.46002600 0.51188400 0.03759700 0.03270000
11 0.25648200 0.58095600 0.05704400 0.03687700
11 0.45840500 0.57238500 0.03046700 0.03241100
1 0.29613200 0.42783100 0.01361300 0.01642200
1 0.47688000 0.49704700 0.02074300 0.01858300
9 0.43344900 0.65334200 0.08124500 0.02520900
9 0.72850000 0.55293900 0.06071700 0.03644500
14 0.24697500 0.81496700 0.07562700 0.02924200
14 0.62694500 0.85760600 0.14282600 0.03442800
14 0.75529400 0.85350000 0.12251500 0.03514800
10 0.33318900 0.39830000 0.10198800 0.04004600
10 0.46791300 0.48264200 0.10652500 0.07879600
8 0.46261900 0.50158500 0.04753700 0.03601300
0 0.32379000 0.60450900 0.29753700 0.44871800
0 0.61754500 0.65744700 0.40579100 0.43128800
0 0.88742400 0.53601300 0.18323200 0.21982100
0 0.89455500 0.47940100 0.05358700 0.04321500
10 0.87943000 0.44382000 0.10112400 0.04119900
