11 0.30361500 0.64855300 0.08591300 0.13396500
11 0.27719200 0.66994900 0.04311900 0.10770700
11 0.41643700 0.55506900 0.05284500 0.06613200
11 0.48743700 0.57865300 0.04927900 0.07002200
11 0.71089300 0.58436700 0.05851800 0.07415500
12 0.33198200 0.54206200 0.10277200 0.19863800
3 0.33700800 0.56576700 0.08494100 0.14879600
12 0.44958700 0.32227100 0.08348200 0.19183100
3 0.45145100 0.34561100 0.06775800 0.14515000
12 0.55641100 0.56126900 0.08607600 0.17578400
3 0.55487100 0.57464100 0.06095000 0.15001200
12 0.65740000 0.37004600 0.07472800 0.14539300
3 0.65529300 0.38767300 0.06240900 0.11062500
1 0.28813400 0.55920300 0.01345400 0.04522200
8 0.33571100 0.55908100 0.09466700 0.04352100
1 0.68990100 0.36542700 0.00810500 0.03938700
8 0.45031600 0.33929000 0.07067600 0.04886900
1 0.48703200 0.33831800 0.00924000 0.03768500
1 0.41433000 0.33430600 0.01296800 0.04036000
0 0.56573200 0.63566700 0.23666700 0.33138800
0 0.68236300 0.57853100 0.17069200 0.62655000
0 0.45282900 0.45526400 0.19727700 0.45489900
0 0.30337200 0.65913000 0.28837700 0.43326000
