12 0.03656900 0.23750000 0.06948100 0.11650000
12 0.16830100 0.23962500 0.06565800 0.12525000
12 0.23869700 0.22925000 0.05684800 0.10050000
12 0.35538600 0.27700000 0.07313800 0.11800000
12 0.39710800 0.33625000 0.04388300 0.07600000
3 0.40201100 0.34125000 0.03341100 0.06100000
3 0.42121000 0.22475000 0.02293900 0.04950000
12 0.40982400 0.20425000 0.04637600 0.09400000
5 0.41497700 0.23950000 0.01778600 0.02900000
9 0.08834800 0.57500000 0.03906200 0.06100000
9 0.21243400 0.56675000 0.03091800 0.06750000
9 0.29521300 0.50300000 0.02027900 0.05150000
9 0.45669900 0.55987500 0.03075100 0.05575000
11 0.48487400 0.53950000 0.03191500 0.04700000
11 0.00681500 0.50375000 0.01329800 0.04900000
14 0.08361000 0.79600000 0.07646300 0.05900000
14 0.18575500 0.81187500 0.07396900 0.05225000
14 0.22498300 0.79050000 0.06100400 0.05050000
14 0.30576800 0.75062500 0.04072500 0.06525000
14 0.37666200 0.84087500 0.03258000 0.04675000
14 0.43301200 0.84600000 0.06316500 0.05000000
14 0.48130000 0.78687500 0.03873000 0.06175000
3 0.06200100 0.27487500 0.02360400 0.02975000
10 0.04621000 0.23487500 0.08676900 0.10975000
10 0.17287200 0.23012500 0.09341800 0.10625000
10 0.24393300 0.22225000 0.07928900 0.08500000
10 0.36087100 0.27212500 0.08776600 0.10975000
10 0.41373000 0.19412500 0.06848400 0.07125000
10 0.52775900 0.20137500 0.06316500 0.05925000
15 0.37957100 0.58562500 0.18666900 0.46775000
15 0.18276300 0.54637500 0.13547200 0.50325000
15 0.06565800 0.53012500 0.13098400 0.48425000
0 0.06474400 0.49550000 0.12915600 0.64650000
0 0.17893900 0.49225000 0.15541900 0.64200000
0 0.25723100 0.45987500 0.11153600 0.55825000
0 0.38206400 0.54850000 0.19099100 0.65400000
0 0.44963400 0.42850000 0.13663600 0.27750000
0 0.41057200 0.22625000 0.06216800 0.14150000
0 0.50332400 0.49125000 0.10172900 0.65400000
15 0.24958400 0.49075000 0.11718800 0.48800000
