12 0.76788100 0.21831600 0.14547500 0.30171700
12 0.21468000 0.22751400 0.13796900 0.25388400
3 0.73984500 0.25408800 0.08145700 0.21872400
3 0.25253900 0.24959100 0.06092700 0.19501200
11 0.38267100 0.66986900 0.07086100 0.11161100
11 0.60695400 0.52657400 0.10529800 0.16598500
1 0.79282600 0.23385100 0.02494500 0.07359000
8 0.74492300 0.22547000 0.07351000 0.05028600
0 0.75993400 0.51287800 0.40507700 0.91210100
0 0.23675500 0.47935400 0.36755000 0.76083400
7 0.78874200 0.43806200 0.12097100 0.30948500
