12 0.80578300 0.56568100 0.03108800 0.05640500
12 0.66145700 0.55477600 0.04161800 0.06868900
12 0.49155900 0.60942600 0.02206300 0.03910800
12 0.49423400 0.58498400 0.02473700 0.03835500
12 0.54663200 0.60391100 0.01888700 0.02807700
12 0.27360900 0.58761600 0.02874800 0.04612700
12 0.12418500 0.65179200 0.01337100 0.02456800
12 0.09669100 0.64389600 0.01220100 0.01579300
12 0.07663400 0.64565100 0.01320400 0.02682400
12 0.05448800 0.65480100 0.01270300 0.02306300
3 0.49799400 0.62033100 0.00919300 0.02732500
3 0.49891400 0.59024800 0.01136600 0.01629500
3 0.67299000 0.56781100 0.01521000 0.04813200
3 0.07596500 0.64702900 0.01019600 0.02256200
3 0.12326600 0.65304600 0.01086400 0.02155900
1 0.66755800 0.55414900 0.00601700 0.02281300
1 0.79533700 0.56894000 0.00518100 0.01830000
1 0.49657400 0.61431400 0.00568300 0.01479100
1 0.48713000 0.58648800 0.00585000 0.01479100
11 0.72781200 0.63399300 0.02323200 0.02557000
11 0.51579500 0.68964700 0.01604500 0.01955400
11 0.21995700 0.72712500 0.01036300 0.02381500
11 0.12560600 0.66520400 0.00752100 0.01178200
11 0.11758300 0.66683400 0.00852400 0.00852300
14 0.48938700 0.87979400 0.03142200 0.02080700
14 0.45963600 0.85058900 0.01972300 0.02807700
14 0.49908100 0.84758100 0.02206300 0.02206100
14 0.83319400 0.95036300 0.05716200 0.04863400
14 0.81355500 0.91727200 0.02390100 0.02807700
14 0.25062700 0.86638300 0.01721500 0.04261700
14 0.26266100 0.87954400 0.00986100 0.02030600
14 0.11766700 0.75219400 0.00768800 0.01479100
14 0.10521500 0.74279300 0.00919300 0.01805000
14 0.00735400 0.84620200 0.01470800 0.02381500
0 0.49147600 0.73878200 0.07337500 0.30233100
0 0.48997200 0.71245900 0.07705200 0.28929600
0 0.54847100 0.62572100 0.03593500 0.06868900
0 0.67942500 0.75683100 0.12502100 0.47179700
0 0.81681400 0.62747600 0.08123000 0.17297600
0 0.07128500 0.65755800 0.02390100 0.04562500
0 0.11984000 0.66495400 0.03409700 0.05440000
12 0.24001300 0.57420400 0.00601700 0.01178200
12 0.22597400 0.57382800 0.00835700 0.01353700
3 0.22472000 0.57257500 0.00484700 0.01052900
3 0.23926100 0.57332700 0.00484700 0.00852300
0 0.22430200 0.57270000 0.00869100 0.01779900
0 0.24084900 0.57407900 0.01069700 0.02055700
0 0.25965200 0.72549500 0.08273400 0.33893200
