12 0.57593700 0.31963600 0.28994100 0.27328500
12 0.38839600 0.23745300 0.25936900 0.20841600
11 0.19526600 0.53221600 0.09927700 0.06333600
11 0.24342500 0.58601800 0.14431300 0.07451200
11 0.47583800 0.67499500 0.16732400 0.08547000
3 0.38264300 0.27361400 0.14661400 0.13960100
3 0.56706100 0.36697300 0.25904000 0.17861100
1 0.65039400 0.29958400 0.06739000 0.05259700
14 0.06393800 0.91595400 0.12787600 0.12513700
14 0.02580500 0.82785400 0.01676500 0.02827100
6 0.05572000 0.89754500 0.11078200 0.08831900
0 0.33497700 0.56739000 0.66469400 0.86522000
0 0.55982900 0.59073000 0.88034200 0.81854000
6 0.05095300 0.89897000 0.10059200 0.09336000
