3 0.58069200 0.20937500 0.20647300 0.14702400
12 0.58102700 0.18601200 0.22098200 0.20625000
12 0.32633900 0.52239600 0.07232100 0.07991100
3 0.33080400 0.52544600 0.04866100 0.04910700
1 0.67053600 0.16145800 0.03348200 0.04494000
11 0.61741100 0.71465800 0.14732100 0.07753000
11 0.48906300 0.71160700 0.10982100 0.09077400
11 0.31171900 0.61845200 0.03281300 0.02083300
11 0.34196400 0.63058000 0.03928600 0.02425600
0 0.30479900 0.58229200 0.16852700 0.20684500
0 0.69553600 0.41108600 0.58169600 0.68943500
7 0.31138400 0.71763400 0.03214300 0.03764900
7 0.55837100 0.86934500 0.07075900 0.07559500
7 0.77287900 0.89419600 0.01897300 0.05208300
7 0.82756700 0.88206800 0.03727700 0.03526800
7 0.85848200 0.85907700 0.01651800 0.06666700
