12 0.15720400 0.36642700 0.06552200 0.15152300
3 0.15662700 0.39168100 0.05314400 0.09953000
12 0.42011900 0.38375800 0.09060900 0.18321400
3 0.40444000 0.42461000 0.06024100 0.10052000
12 0.89371200 0.49356300 0.19112100 0.30874000
3 0.86598400 0.56449600 0.13533600 0.16439700
11 0.11214700 0.58913100 0.05099900 0.03738500
11 0.16809700 0.59259700 0.05165900 0.04184200
11 0.32455900 0.60831900 0.04571700 0.06684800
11 0.44182200 0.45469200 0.04720300 0.06016300
1 0.38075600 0.38462500 0.00759200 0.01757900
1 0.12749600 0.35751400 0.00511600 0.03169100
1 0.81985500 0.45506300 0.02822200 0.06338200
11 0.78329800 0.81938600 0.11123900 0.09779600
11 0.90311900 0.81282500 0.11123900 0.10844300
14 0.06535700 0.96224300 0.07460000 0.07551400
8 0.38801800 0.55793500 0.02211600 0.09532100
0 0.13484100 0.64050500 0.20696500 0.70908600
0 0.36994600 0.48229800 0.27644800 0.38078700
0 0.75309475 0.60250100 0.49381050 0.53008200
