3 0.81445100 0.44991600 0.13947600 0.17277300
12 0.84919400 0.42689100 0.22457200 0.21781500
12 0.22318700 0.50865500 0.26712000 0.23075600
12 0.67308700 0.26159700 0.17447100 0.13865500
3 0.69448600 0.27773100 0.11404800 0.10537800
11 0.46047300 0.61487400 0.14702900 0.10907600
11 0.63733600 0.75781500 0.17396800 0.08201700
8 0.69838900 0.28168100 0.10372600 0.03932800
2 0.87449600 0.42806700 0.15030200 0.22352900
2 0.21613800 0.49302500 0.28474300 0.15277300
1 0.32313700 0.53268900 0.02341400 0.07277300
0 0.69360500 0.65924375 0.61279000 0.68151250
0 0.65206400 0.25949600 0.23212500 0.15260500
0 0.30929000 0.69294100 0.61858000 0.60403400
