12 0.28116700 0.24053800 0.08494000 0.16135500
3 0.30003300 0.26170300 0.04754000 0.11802800
12 0.82180900 0.24103600 0.08909600 0.14093600
3 0.80643300 0.27340600 0.05934200 0.07519900
11 0.46384600 0.47510000 0.06067200 0.05876500
11 0.59183800 0.43115000 0.05302500 0.04457200
11 0.75922500 0.52938200 0.06033900 0.07569700
11 0.29296900 0.49389900 0.02975400 0.03062700
11 0.27975400 0.48630500 0.03058500 0.03735100
1 0.27252300 0.25386000 0.01512600 0.03909400
1 0.84175500 0.26518900 0.01629000 0.03535900
8 0.55651600 0.55552800 0.04654300 0.03137500
14 0.31183500 0.77141400 0.10372300 0.07021900
14 0.36918200 0.76157900 0.05485400 0.06001000
14 0.37175900 0.71202700 0.05934200 0.07644400
14 0.37766000 0.67131500 0.06083800 0.07719100
14 0.73587100 0.79158400 0.09441500 0.06523900
14 0.69880300 0.77900900 0.04488000 0.04905400
0 0.30078100 0.48281900 0.38779900 0.64940200
0 0.77426900 0.49688700 0.42154300 0.65463100
6 0.36752000 0.70057300 0.04122300 0.06399400
6 0.75257600 0.77378000 0.05169500 0.05204200
0 0.34167200 0.53349100 0.13081800 0.48281900
