12 0.30041700 0.34100000 0.17283300 0.32450000
12 0.79475000 0.47875000 0.10016700 0.14050000
3 0.30416700 0.40562500 0.12666700 0.18275000
3 0.79841700 0.48787500 0.06650000 0.11275000
1 0.23308300 0.31987500 0.02716700 0.07875000
11 0.43241700 0.75875000 0.15550000 0.14400000
11 0.48616700 0.72300000 0.08900000 0.11150000
11 0.76450000 0.66987500 0.06500000 0.11525000
8 0.32700000 0.38637500 0.07333300 0.07175000
8 0.72900000 0.70612500 0.08033300 0.04625000
0 0.78283300 0.58162500 0.23800000 0.37025000
0 0.27283300 0.51387500 0.51066700 0.72075000
