12 0.51127400 0.44075400 0.05186000 0.09062800
12 0.59845900 0.43991000 0.04321700 0.07036300
12 0.66845200 0.48663100 0.05317500 0.08612400
3 0.59357400 0.44131700 0.03006400 0.05685300
3 0.52132700 0.44919800 0.03100300 0.06980000
1 0.50253700 0.45088700 0.01334100 0.02082700
1 0.60691500 0.46031500 0.00826800 0.01548000
1 0.64891000 0.49957800 0.00695200 0.02758200
11 0.50234900 0.60090100 0.02273600 0.03039700
11 0.54603500 0.60371500 0.02292400 0.02139000
11 0.61142400 0.65803500 0.03607700 0.03715200
11 0.57346900 0.68660300 0.03457300 0.04081100
14 0.56820700 0.85603700 0.05261200 0.04137300
14 0.53870700 0.78468900 0.02630600 0.03152300
14 0.56041000 0.74838200 0.02950000 0.03658900
14 0.51099200 0.79510300 0.02837300 0.04728400
0 0.63735400 0.64818500 0.20481000 0.48635000
0 0.49596000 0.59555300 0.11856400 0.42217800
