12 0.33150000 0.39775000 0.18250000 0.18516700
3 0.62037500 0.29125000 0.13725000 0.12816700
12 0.61150000 0.27125000 0.16450000 0.17483300
1 0.54000000 0.27266700 0.02050000 0.03633300
1 0.27362500 0.41800000 0.03725000 0.03333300
1 0.68837500 0.25416700 0.01175000 0.03100000
11 0.55187500 0.67991700 0.17425000 0.06250000
11 0.67687500 0.62291700 0.08325000 0.06883300
8 0.39887500 0.41900000 0.09725000 0.04966700
0 0.37175000 0.51575000 0.53700000 0.41250000
0 0.64325000 0.41966700 0.40700000 0.47900000
