3 0.27600000 0.48412500 0.14433300 0.29025000
12 0.26608300 0.44700000 0.16916700 0.36500000
3 0.55516700 0.22037500 0.10633300 0.21975000
12 0.55983300 0.18812500 0.14200000 0.28825000
3 0.83950000 0.46562500 0.13333300 0.25125000
12 0.87166700 0.45100000 0.20400000 0.28200000
11 0.19883300 0.84962500 0.12366700 0.09925000
11 0.58100000 0.39012500 0.06466700 0.14625000
2 0.24400000 0.59162500 0.19766700 0.21175000
2 0.52666700 0.33050000 0.17366700 0.13050000
2 0.85100000 0.64637500 0.17366700 0.18925000
1 0.91691700 0.51350000 0.04383300 0.06850000
1 0.61816700 0.21050000 0.02033300 0.07300000
1 0.19408300 0.44775000 0.02216700 0.08950000
0 0.27741700 0.62937500 0.44183300 0.74125000
0 0.51891700 0.50850000 0.36150000 0.98300000
0 0.80966675 0.62812500 0.38066650 0.74375000
