12 0.25654400 0.36289200 0.10550200 0.09793400
3 0.25814600 0.37215100 0.08627100 0.07834800
12 0.80916100 0.26451200 0.07238200 0.05609000
3 0.80916100 0.27118900 0.04994700 0.04344700
1 0.21367500 0.36627500 0.01442300 0.02350400
1 0.30248400 0.35950900 0.00721200 0.02314800
1 0.78151700 0.26584800 0.00747900 0.01780600
14 0.45005300 0.87847200 0.06410300 0.04362500
14 0.21300700 0.89565500 0.03178400 0.01851900
11 0.20392600 0.64004600 0.07398500 0.04611800
11 0.37459900 0.62758200 0.05048100 0.04291300
11 0.81583900 0.41381800 0.04193400 0.02777800
0 0.31664000 0.60674900 0.33306600 0.58564800
0 0.75307200 0.37001400 0.18402800 0.26602600
7 0.84989300 0.43767800 0.08920900 0.04095400
