12 0.67605500 0.22286200 0.09818600 0.21239900
12 0.35603400 0.22090000 0.08214200 0.15197500
9 0.26386500 0.23097000 0.06696900 0.08370400
9 0.33379800 0.26981400 0.06208600 0.11692400
9 0.66559100 0.41472700 0.07586300 0.07664100
9 0.73447900 0.44977800 0.06121400 0.08972000
5 0.67762500 0.28707800 0.06749200 0.07297900
8 0.35228500 0.23371700 0.04534400 0.04786800
8 0.67928100 0.23554800 0.06278300 0.04420600
5 0.35812700 0.26863700 0.02842700 0.05022200
13 0.28270000 0.56840200 0.29717500 0.86319600
13 0.67195700 0.55689200 0.31670700 0.88412200
0 0.29630300 0.56840200 0.32717100 0.86319600
0 0.67684000 0.55793900 0.32507800 0.88412200
