12 0.53450000 0.46762500 0.01666700 0.02875000
12 0.57783300 0.53300000 0.01600000 0.02550000
12 0.56916700 0.55975000 0.01600000 0.03000000
12 0.81425000 0.50012500 0.00850000 0.01925000
3 0.53633300 0.47400000 0.00766700 0.01250000
11 0.52225000 0.48350000 0.00883300 0.01050000
11 0.52591700 0.51162500 0.00450000 0.00975000
11 0.80100000 0.53612500 0.00466700 0.00925000
11 0.82025000 0.53762500 0.00416700 0.00875000
11 0.56341700 0.61237500 0.00916700 0.01225000
15 0.53533300 0.53087500 0.03200000 0.12425000
15 0.56341700 0.56750000 0.03550000 0.06000000
15 0.57800000 0.59950000 0.04333300 0.08600000
15 0.81075000 0.53687500 0.03083300 0.07025000
14 0.82225000 0.57475000 0.00550000 0.00500000
14 0.58766700 0.63412500 0.01233300 0.01875000
14 0.53850000 0.59375000 0.00933300 0.00900000
14 0.53425000 0.58775000 0.00716700 0.00550000
9 0.60108300 0.58287500 0.00916700 0.01475000
10 0.53500000 0.46562500 0.01466700 0.02125000
10 0.57808300 0.53325000 0.01450000 0.02050000
10 0.81425000 0.49825000 0.00950000 0.01300000
0 0.53500000 0.52625000 0.03100000 0.14300000
0 0.56658300 0.56375000 0.03916700 0.08350000
0 0.57725000 0.59600000 0.04583300 0.10450000
0 0.81283300 0.53325000 0.03366700 0.09700000
