12 0.06439400 0.38317000 0.12175300 0.20424800
3 0.08969200 0.40196100 0.07007600 0.16421600
12 0.29680700 0.24673200 0.10335500 0.20098000
3 0.30817100 0.27165000 0.08171000 0.15032700
12 0.71915600 0.36785100 0.07954500 0.15236900
3 0.71550300 0.38010600 0.06899400 0.12949300
12 0.92708300 0.23509000 0.12094200 0.23570300
3 0.89461600 0.27920800 0.05492400 0.14828400
11 0.34090900 0.71344000 0.07954500 0.06004900
11 0.63852800 0.53860300 0.06222900 0.09599700
11 0.63419900 0.54513900 0.03842000 0.06576800
11 0.85619600 0.87745100 0.03490300 0.14869300
11 0.84835000 0.66482800 0.04193700 0.11723900
1 0.04924200 0.40910900 0.01515200 0.02736900
1 0.26258100 0.23999200 0.01758700 0.05351300
1 0.75243500 0.37173200 0.01082300 0.03431400
1 0.68303600 0.38807200 0.00838700 0.03268000
0 0.71347400 0.64522075 0.31168800 0.70955850
0 0.26352800 0.52205900 0.22781400 0.75245100
0 0.13947500 0.59436300 0.27840900 0.62663400
0 0.91355500 0.55739400 0.17289000 0.88521200
