12 0.33718600 0.44776500 0.10998200 0.08753800
3 0.32715300 0.46766000 0.07670800 0.04842500
12 0.84937800 0.33381300 0.04064000 0.03369500
14 0.51511300 0.88469400 0.05435600 0.04334600
14 0.39103400 0.88367800 0.09982200 0.03420300
14 0.86182400 0.59067100 0.03962400 0.01540800
14 0.80886500 0.58990900 0.03632200 0.01625500
11 0.54876800 0.58271200 0.04648200 0.03606500
11 0.43269000 0.64680000 0.04800600 0.05011900
11 0.93167400 0.34693500 0.02540000 0.03081600
11 0.78232200 0.46876100 0.02133600 0.02590600
0 0.42608600 0.65518100 0.29133900 0.50440200
0 0.85763300 0.45741600 0.17297400 0.28056200
7 0.52730500 0.77345100 0.76251000 0.39180500
7 0.93370600 0.34702000 0.04826000 0.04283800
1 0.86703100 0.33762300 0.00533400 0.01117500
1 0.83159800 0.33728400 0.00457200 0.00778900
