3 0.42323200 0.30972200 0.13468000 0.33257600
12 0.37171700 0.26565700 0.23266000 0.41919200
3 0.54739100 0.33585900 0.11161600 0.27777800
12 0.54789600 0.29255100 0.14798000 0.36439400
1 0.33392300 0.29040400 0.03720500 0.09191900
11 0.64149800 0.81224700 0.16144800 0.12550500
11 0.74368700 0.92184300 0.10084200 0.14823200
11 0.87112800 0.72563100 0.09882200 0.10833300
11 0.71296300 0.73396500 0.09629600 0.06994900
0 0.66633000 0.45164100 0.51212100 0.67298000
0 0.39343400 0.52840900 0.78653200 0.94318200
