3 0.26675700 0.56172500 0.06918200 0.12722400
3 0.39362100 0.49824800 0.04402500 0.11293800
3 0.51230900 0.48301900 0.03270400 0.06954200
3 0.65903000 0.31051200 0.11590300 0.24474400
12 0.66127600 0.26900300 0.14914600 0.32938000
12 0.50251600 0.47075500 0.05588500 0.09838300
12 0.38203100 0.48760100 0.06900300 0.13692700
12 0.25597500 0.53692700 0.09434000 0.17735800
11 0.38841000 0.85215600 0.08679200 0.04717000
11 0.41428600 0.80889500 0.04905700 0.04150900
8 0.39559700 0.48814000 0.04941600 0.02749300
8 0.51401600 0.48032300 0.02605600 0.02156300
2 0.66343200 0.27574100 0.15274000 0.25768200
2 0.26280300 0.54150900 0.08212000 0.16711600
2 0.38850000 0.48692700 0.05247100 0.12911100
2 0.50646900 0.47372000 0.04115000 0.08706200
0 0.64555300 0.53692700 0.45265000 0.92345000
0 0.41401600 0.58625300 0.21922700 0.34609200
0 0.48077300 0.54353100 0.08032300 0.25849100
0 0.27942500 0.68369300 0.31913700 0.47574100
