12 0.67517400 0.25997300 0.20044800 0.15259300
12 0.26257500 0.23645300 0.15861600 0.11984700
1 0.30390900 0.26296500 0.02963100 0.03756600
1 0.69770900 0.27933800 0.03137500 0.03640300
3 0.23804800 0.26238400 0.10109600 0.07995300
3 0.63110100 0.27086100 0.10831700 0.09690800
11 0.38994000 0.40807800 0.09661400 0.07646300
11 0.19173300 0.57804200 0.06125500 0.07031200
11 0.19372500 0.57746000 0.07221100 0.05219400
11 0.37612100 0.44813800 0.05652400 0.05252700
7 0.52315700 0.36286600 0.36703200 0.16688800
0 0.51568700 0.55651600 0.61354600 0.76363000
0 0.27129000 0.48063500 0.23481100 0.59624300
14 0.53884500 0.82405300 0.20169300 0.04504700
14 0.31100600 0.89544500 0.20816700 0.05452100
14 0.26755500 0.86087100 0.09985100 0.02194100
14 0.24502000 0.84524600 0.10358600 0.05086400
6 0.35931300 0.87001300 0.09412400 0.04986700
6 0.58976600 0.80535200 0.09835700 0.02426900
