12 0.46302800 0.38518100 0.08526200 0.12217200
12 0.68108700 0.34464600 0.03772600 0.05995500
12 0.66222300 0.39705900 0.01458800 0.03092000
9 0.53458200 0.67166300 0.04124700 0.08917800
9 0.52728900 0.64328800 0.05784700 0.06938200
1 0.45963300 0.39771900 0.01986900 0.02281300
5 0.47170500 0.42090900 0.04300800 0.05411000
5 0.68215500 0.36349900 0.01798300 0.02111600
7 0.48742500 0.67637600 0.05633800 0.03261700
14 0.63449400 0.95201700 0.06300300 0.06052000
14 0.58167800 0.89140300 0.08262100 0.04826500
0 0.56444900 0.65790000 0.29036700 0.67288800
6 0.63512300 0.93599200 0.05797300 0.07824300
6 0.58230600 0.88961200 0.07557800 0.04242100
