12 0.15602700 0.37447900 0.30401800 0.19568500
12 0.65022300 0.13162200 0.27142900 0.22485100
11 0.30736600 0.49069900 0.12008900 0.11830400
11 0.32020100 0.48995500 0.06495500 0.12247000
11 0.67142900 0.51569900 0.16830400 0.13348200
11 0.88281200 0.50572900 0.11919600 0.12872000
5 0.22466500 0.40364600 0.17924100 0.10044600
8 0.66183000 0.20305100 0.23214300 0.08973200
5 0.65435300 0.21584800 0.21674100 0.10967300
1 0.13850400 0.44702400 0.04933000 0.01398800
1 0.53984400 0.16971700 0.04129500 0.03675600
0 0.67846000 0.29315500 0.63147300 0.58601200
0 0.18627200 0.50267900 0.37120500 0.48214300
