12 0.48475000 0.62250000 0.08000000 0.06466700
12 0.63112500 0.44075000 0.06225000 0.06216700
12 0.84137500 0.50091700 0.07725000 0.06316700
3 0.63912500 0.45083300 0.04625000 0.04333300
3 0.83437500 0.52066700 0.05125000 0.02533300
3 0.51437500 0.62558300 0.02125000 0.04583300
1 0.50025000 0.64533300 0.01000000 0.01333300
1 0.60825000 0.44900000 0.01450000 0.01300000
11 0.63525000 0.57941700 0.04550000 0.03250000
11 0.80375000 0.62591700 0.03450000 0.02716700
11 0.78887500 0.60366700 0.03325000 0.01900000
11 0.53862500 0.77941700 0.03175000 0.02750000
9 0.67037500 0.57775000 0.03175000 0.04516700
9 0.49475000 0.57791700 0.02000000 0.02150000
9 0.49262500 0.58941700 0.04575000 0.02816700
0 0.63112500 0.57775000 0.19675000 0.33516700
0 0.49300000 0.73433300 0.17900000 0.33400000
0 0.85962500 0.64533300 0.17675000 0.35433300
14 0.63800000 0.70941700 0.03700000 0.06950000
14 0.57950000 0.67250000 0.02500000 0.04466700
14 0.51500000 0.88266700 0.05700000 0.04000000
14 0.55950000 0.83458300 0.04400000 0.03283300
14 0.89125000 0.79700000 0.08300000 0.05133300
14 0.83887500 0.72683300 0.07925000 0.03800000
