12 0.45281600 0.30096600 0.13445000 0.23436700
12 0.81295500 0.34519600 0.15153100 0.22572400
3 0.42761700 0.33706200 0.07864000 0.15912600
3 0.78014500 0.36667500 0.08320600 0.17158100
1 0.82699100 0.37188600 0.02198500 0.04982200
1 0.46668400 0.31342100 0.01944900 0.05541400
8 0.77693200 0.35727000 0.07103000 0.05465200
11 0.87823400 0.93098600 0.08083900 0.13802700
11 0.20903100 0.67437700 0.10214800 0.06964900
11 0.23135500 0.63917100 0.07678000 0.01804800
11 0.66759700 0.78228300 0.05665500 0.03736700
0 0.36292900 0.58947600 0.40825300 0.82104700
0 0.78809400 0.61603975 0.42381200 0.76792050
