3 0.31607100 0.15502500 0.08300000 0.15491800
12 0.31692900 0.13199100 0.10700000 0.19798600
3 0.41157100 0.41643500 0.08085700 0.15406000
12 0.41321400 0.39061500 0.09014300 0.20784200
3 0.56785700 0.30640700 0.08342900 0.14227600
12 0.57164300 0.27287300 0.10071400 0.20420000
3 0.69600000 0.42586200 0.09542900 0.15320300
12 0.71057100 0.36104600 0.16114300 0.27812300
1 0.27057100 0.12770500 0.01257100 0.05528200
1 0.45342900 0.39061500 0.01057100 0.04971100
1 0.61342900 0.29397900 0.00742900 0.02657000
8 0.56750000 0.29955000 0.08385700 0.05913900
1 0.75428600 0.39361500 0.02142900 0.04499700
11 0.25628600 0.66027400 0.06628600 0.08292300
11 0.75564300 0.79869300 0.10814300 0.10263600
11 0.56200000 0.69209300 0.07657100 0.10027900
11 0.53835700 0.68802200 0.03157100 0.10927800
7 0.40235700 0.70880700 0.04728600 0.08827900
0 0.73985700 0.53289100 0.43314300 0.62481300
0 0.21892900 0.37304500 0.32128600 0.70495000
0 0.57835700 0.42457700 0.15957100 0.50503500
0 0.43728600 0.46400300 0.25228600 0.42746900
