12 0.43336500 0.35462900 0.04019200 0.06605100
12 0.51653800 0.41173900 0.02461500 0.05451400
12 0.45538500 0.50201900 0.00692300 0.01990200
3 0.51682700 0.42370900 0.01980800 0.02942000
3 0.44403800 0.36155200 0.01884600 0.04989900
3 0.45557700 0.50317300 0.00461500 0.01644100
1 0.43134600 0.35693700 0.00769200 0.01932500
11 0.51307700 0.50375000 0.01576900 0.01874800
11 0.52846200 0.50562400 0.01461500 0.01903700
11 0.46586500 0.55624500 0.00403800 0.00778800
9 0.36240400 0.53994800 0.01519200 0.03288100
0 0.41250000 0.54687000 0.11884600 0.45457200
0 0.51634600 0.55004300 0.07576900 0.33804400
14 0.36855800 0.72166100 0.03019200 0.07326200
14 0.44451900 0.75901400 0.05211500 0.02682400
14 0.51269200 0.70233600 0.01769200 0.02653600
14 0.53923100 0.69527000 0.02000000 0.04355400
