12 0.31037700 0.15936300 0.01556600 0.02897500
12 0.46356100 0.16044900 0.01250000 0.02462900
12 0.48620300 0.13889900 0.00825500 0.01847200
12 0.64304200 0.27997100 0.02806600 0.05795000
12 0.70400900 0.30025400 0.03066000 0.06229600
3 0.69811300 0.31437900 0.01509400 0.03404600
1 0.70813700 0.30550500 0.00542500 0.01485000
12 0.35471700 0.33466100 0.02877400 0.06809100
3 0.35931600 0.35114100 0.02004700 0.03368300
12 0.40389200 0.30460000 0.02853800 0.05939900
9 0.70129700 0.47500900 0.01768900 0.04237600
9 0.37842000 0.49311800 0.01721700 0.03730500
14 0.35235800 0.66787400 0.03915100 0.01738500
14 0.39976400 0.65972500 0.03726400 0.02861300
14 0.64481100 0.65863800 0.03867900 0.02426700
14 0.68561300 0.65519700 0.04339600 0.02969900
14 0.72676900 0.65881900 0.03844300 0.02173100
14 0.60648600 0.65809500 0.02287700 0.02173100
7 0.70943400 0.48333900 0.09103800 0.10322300
7 0.65424500 0.48786700 0.01367900 0.07461100
7 0.33856100 0.48985900 0.01485800 0.06845300
10 0.64610800 0.27363300 0.03467000 0.04744700
10 0.40224100 0.29228500 0.03231100 0.03477000
10 0.35424500 0.31673300 0.03301900 0.04165200
14 0.28809000 0.30550500 0.01155700 0.01267700
5 0.31344300 0.16715000 0.00990600 0.01412500
0 0.70790100 0.46794600 0.08844300 0.40347700
0 0.63561300 0.45979700 0.08537700 0.42557000
0 0.35059000 0.48533100 0.07240600 0.38754100
0 0.41073100 0.47555200 0.07712300 0.39550900
0 0.45943400 0.22799700 0.03773600 0.17059000
0 0.30707500 0.22763500 0.04622600 0.16769300
