12 0.53353400 0.41173200 0.15551900 0.27028500
12 0.92735700 0.44106400 0.02759500 0.04605300
12 0.87856400 0.40871700 0.02320900 0.04495600
12 0.83634900 0.46491200 0.02101600 0.04386000
11 0.29413400 0.57072400 0.07511000 0.12390400
11 0.30500700 0.42256000 0.06761700 0.10115100
14 0.90067600 0.71546100 0.02796100 0.02521900
14 0.91301200 0.70586600 0.02266100 0.02138200
0 0.92114400 0.57113500 0.08899900 0.30729200
0 0.87143600 0.53330600 0.05208300 0.30016400
0 0.44563200 0.63898000 0.37664500 0.72203900
