12 0.64620500 0.18913700 0.04375000 0.08006000
12 0.45491100 0.28080400 0.04419600 0.07589300
10 0.45435300 0.26309500 0.04397300 0.04523800
10 0.64866100 0.16622000 0.04598200 0.03779800
2 0.42589300 0.37544600 0.07723200 0.10089300
2 0.66852700 0.29583300 0.09107100 0.16309500
9 0.37131700 0.49940500 0.03459800 0.04166700
9 0.53437500 0.45952400 0.03035700 0.02916700
9 0.61674100 0.41175600 0.01696400 0.03303600
9 0.69933000 0.32812500 0.02455400 0.03720200
14 0.39921900 0.71413700 0.02522300 0.03779800
14 0.44709800 0.72247000 0.04598200 0.04732100
0 0.45245500 0.49806500 0.19285700 0.51577400
0 0.66986600 0.34895800 0.11607100 0.38601200
