12 0.51325000 0.39466700 0.17000000 0.19766700
3 0.49237500 0.42366700 0.12725000 0.13966700
12 0.66600000 0.42291700 0.27050000 0.25383300
3 0.63787500 0.45625000 0.21275000 0.18583300
11 0.34512500 0.82241700 0.17575000 0.07616700
11 0.35837500 0.78241700 0.17475000 0.04650000
11 0.32687500 0.71191700 0.15775000 0.05750000
11 0.27637500 0.64500000 0.09575000 0.05200000
11 0.28175000 0.61383300 0.08550000 0.03400000
0 0.47862500 0.51783300 0.46375000 0.44233300
0 0.62862500 0.64733300 0.74275000 0.70533300
2 0.50450000 0.39641700 0.09750000 0.20016700
2 0.66975000 0.43383300 0.23150000 0.29066700
