12 0.80126300 0.26351000 0.07491600 0.12500000
3 0.81607700 0.28585900 0.04528600 0.07878800
12 0.27853500 0.40454500 0.02946100 0.06313100
3 0.27592600 0.41325800 0.01784500 0.04419200
14 0.75833300 0.95164100 0.03653200 0.04520200
11 0.91380500 0.44861100 0.02929300 0.05580800
11 0.24865300 0.49545500 0.01784500 0.02575800
11 0.25665000 0.54558100 0.02508400 0.02298000
0 0.27264300 0.49204500 0.07154900 0.23712100
0 0.83316500 0.60037900 0.19124600 0.79924200
7 0.25496600 0.55340900 0.01498300 0.11287900
