3 0.62016700 0.31687500 0.12766700 0.22725000
12 0.59575000 0.27312500 0.17616700 0.32175000
3 0.18500000 0.35000000 0.08066700 0.14200000
12 0.17783300 0.33212500 0.09966700 0.18225000
11 0.14525000 0.54775000 0.10483300 0.07950000
11 0.25583300 0.63137500 0.06833300 0.06675000
11 0.82558300 0.73900000 0.14916700 0.18950000
8 0.18225000 0.34887500 0.08416700 0.07925000
1 0.14866700 0.37612500 0.02133300 0.03675000
1 0.54150000 0.32987500 0.03733300 0.06575000
0 0.18408300 0.61937500 0.28316700 0.76125000
0 0.67483300 0.55475000 0.45266700 0.88800000
