12 0.38764000 0.57150700 0.11773300 0.19495200
12 0.17598900 0.59290400 0.03395200 0.07461600
11 0.39374700 0.91239900 0.07083500 0.06986100
11 0.54079100 0.92099500 0.08353700 0.05559600
11 0.12872500 0.70757100 0.01807500 0.03913700
3 0.17330200 0.59071000 0.02662400 0.05852200
3 0.38190000 0.60479200 0.09746000 0.12911500
1 0.35979500 0.57534700 0.02442600 0.04608600
0 0.16316600 0.63807600 0.09477300 0.17520100
0 0.35161200 0.71086300 0.45798700 0.46854400
0 0.82205700 0.70171900 0.07743000 0.17739600
