3 0.67123200 0.29032600 0.06339000 0.16083600
12 0.66630100 0.28081700 0.09078100 0.18408100
3 0.34395100 0.21883100 0.11410200 0.22963100
12 0.35514200 0.20169100 0.15558000 0.26391200
11 0.82250700 0.63148600 0.07293800 0.07630900
11 0.72922200 0.60706700 0.05947700 0.05470800
11 0.54625100 0.83869500 0.08139000 0.10847600
11 0.53975600 0.81756300 0.11754600 0.13993900
0 0.68226600 0.43108700 0.35404600 0.48415100
0 0.39145400 0.48215500 0.41446200 0.84221600
0 0.96587900 0.67069700 0.06824200 0.55106800
