12 0.41511800 0.26069700 0.09656500 0.12477600
3 0.42328300 0.27671000 0.07742100 0.09121200
12 0.72255100 0.26210600 0.07066400 0.07430200
3 0.70622200 0.26787100 0.03800700 0.06123500
12 0.50520800 0.27427600 0.07685800 0.07250800
12 0.90808000 0.50922400 0.06784900 0.08583100
3 0.90667200 0.53177000 0.04983100 0.03971300
11 0.95580000 0.61555200 0.04504500 0.03715100
1 0.88189800 0.51357900 0.01435800 0.02177800
1 0.37668900 0.26825500 0.01914400 0.03023300
11 0.50267500 0.47630000 0.07291700 0.05329200
11 0.63485400 0.41942100 0.03153200 0.03382000
11 0.69045600 0.39059700 0.03068700 0.02690200
0 0.42919500 0.35114000 0.22100200 0.30617500
0 0.68933000 0.35178100 0.13992100 0.25570100
14 0.88302400 0.65936500 0.05377300 0.03458900
14 0.98817575 0.64847600 0.02364850 0.03843200
0 0.90259000 0.57148300 0.19482000 0.21137600
0 0.53279800 0.35472700 0.14780400 0.23187300
0 0.96790500 0.44171200 0.06418900 0.29772000
