12 0.35438800 0.15388400 0.11170200 0.20268900
3 0.37857400 0.17368000 0.06432800 0.16459200
12 0.23113400 0.32345600 0.24252000 0.36703200
3 0.28125000 0.36441700 0.14195500 0.28461200
12 0.80111400 0.27091600 0.28839800 0.47012000
3 0.68326100 0.31536400 0.05236000 0.37923300
11 0.49409900 0.55677300 0.09823800 0.20866500
1 0.19016000 0.39691200 0.05019900 0.08814700
1 0.33319500 0.16882500 0.02011300 0.06424300
1 0.72864000 0.30166800 0.03939500 0.13819700
8 0.66580800 0.27651900 0.07031200 0.08640400
0 0.31931500 0.56586175 0.48537200 0.86827650
0 0.44431500 0.32096600 0.29188800 0.54133500
0 0.77759300 0.51195200 0.44481400 0.97609600
