12 0.29672600 0.28928600 0.11170600 0.18392900
3 0.31230200 0.32529800 0.08095200 0.11190500
12 0.48263900 0.16458300 0.09583300 0.21666700
3 0.49206300 0.21770800 0.07698400 0.11041700
11 0.43105200 0.51428600 0.04107100 0.09583300
11 0.36587300 0.63184500 0.07341300 0.13511900
11 0.53908700 0.41428600 0.10555600 0.10178600
11 0.53502000 0.49181500 0.05257900 0.10148800
0 0.30902800 0.56339300 0.56488100 0.79226200
0 0.47767900 0.47217300 0.25694400 0.86041700
1 0.26309500 0.30892900 0.02261900 0.05178600
14 0.07847200 0.88110100 0.10377000 0.15565500
14 0.17688500 0.86279800 0.05456300 0.10000000
