11 0.25151400 0.66886200 0.04330700 0.06586400
11 0.44700200 0.53202400 0.05511800 0.01703400
11 0.49348900 0.55564400 0.10084800 0.04883000
12 0.54694100 0.30422400 0.12901300 0.12968400
3 0.53497900 0.32307500 0.10145400 0.09198300
12 0.35599600 0.36531900 0.10751100 0.11196900
3 0.36114500 0.38621400 0.08086000 0.06927100
14 0.24560900 0.96070875 0.08540300 0.07858250
14 0.41247700 0.92368800 0.06420400 0.07040700
14 0.54724400 0.92698200 0.12901300 0.06382000
1 0.58979400 0.30570100 0.02029100 0.03043400
8 0.52135100 0.31989600 0.08873400 0.03611200
0 0.58222300 0.62003200 0.32919400 0.75993600
0 0.36008500 0.65432675 0.31253800 0.69134650
