12 0.81858300 0.88375000 0.22416700 0.23250000
3 0.62808300 0.02337500 0.07050000 0.04625000
12 0.27408300 0.08425000 0.12916700 0.16800000
3 0.29941700 0.10187500 0.07850000 0.13325000
11 0.35058300 0.85462500 0.05816700 0.14975000
11 0.51516700 0.90750000 0.06300000 0.13250000
11 0.16958300 0.73100000 0.09516700 0.07950000
11 0.05283300 0.97462500 0.10533300 0.05075000
11 0.57550000 0.32700000 0.11033300 0.11500000
11 0.60408300 0.29600000 0.07316700 0.07150000
11 0.68416700 0.29225000 0.04866700 0.08400000
11 0.41883300 0.40325000 0.07233300 0.05850000
8 0.30366700 0.08850000 0.08100000 0.09800000
0 0.74466700 0.63462500 0.45066700 0.73075000
0 0.30533300 0.23337500 0.30233300 0.46625000
0 0.57425000 0.16825000 0.27016700 0.33600000
