12 0.14037500 0.05016700 0.02775000 0.03833300
12 0.32087500 0.13633300 0.01275000 0.02000000
12 0.78200000 0.29083300 0.04350000 0.05700000
12 0.52437500 0.14116700 0.06075000 0.09100000
12 0.61662500 0.24266700 0.06875000 0.10933300
12 0.44587500 0.34316700 0.05525000 0.09433300
11 0.69262500 0.58283300 0.02575000 0.05033300
11 0.48150000 0.30400000 0.02100000 0.04400000
11 0.49600000 0.28516700 0.02900000 0.03300000
11 0.43075000 0.30200000 0.02550000 0.03200000
11 0.56625000 0.26383300 0.01500000 0.02433300
3 0.44075000 0.36266700 0.04350000 0.05333300
3 0.52675000 0.16516700 0.03600000 0.04300000
3 0.78087500 0.30383300 0.02375000 0.03033300
1 0.79500000 0.29416700 0.00450000 0.01366700
14 0.39875000 0.85000000 0.04800000 0.05400000
14 0.47587500 0.73600000 0.03275000 0.03466700
14 0.56887500 0.86050000 0.04325000 0.07300000
14 0.61887500 0.88150000 0.06775000 0.05966700
14 0.64950000 0.52000000 0.02600000 0.01933300
0 0.43262500 0.57400000 0.17275000 0.60666700
0 0.59112500 0.54916700 0.22875000 0.72233300
0 0.15437500 0.08116700 0.05525000 0.10500000
0 0.32650000 0.16466700 0.03900000 0.08266700
0 0.59837500 0.21983300 0.23325000 0.25300000
0 0.78562500 0.32250000 0.08475000 0.12300000
6 0.39850000 0.84933300 0.04000000 0.04666700
6 0.47575000 0.73600000 0.03150000 0.02200000
6 0.56687500 0.85400000 0.03125000 0.06133300
6 0.61887500 0.87550000 0.05925000 0.04766700
