3 0.42331600 0.24129700 0.08783400 0.16996600
12 0.42248200 0.21240000 0.10497600 0.22957900
3 0.17020600 0.24004600 0.08252400 0.14289000
12 0.16178700 0.21888500 0.10088000 0.18703100
3 0.61104400 0.26632500 0.09496400 0.16314000
12 0.61824900 0.22559700 0.11058900 0.24596100
12 0.73407200 0.34038700 0.16626200 0.24482400
8 0.42362000 0.22901000 0.08904700 0.05574500
8 0.61377400 0.25699700 0.11286400 0.07394800
1 0.12363500 0.23754300 0.01729400 0.04459600
1 0.38129600 0.23686000 0.01956900 0.04596100
11 0.18014300 0.50204800 0.05355000 0.05347000
11 0.21344100 0.28384500 0.04368900 0.08623400
11 0.38994200 0.51615500 0.04778500 0.03299200
11 0.36104400 0.59465300 0.02214800 0.06848700
11 0.53966900 0.77508500 0.08540700 0.11262800
11 0.62340700 0.68828200 0.07448400 0.07463000
0 0.13508800 0.32184300 0.26441100 0.49670100
0 0.42286100 0.34323100 0.29930200 0.49260500
0 0.51956900 0.36860100 0.33980600 0.52423200
