12 0.87083300 0.71525000 0.04066700 0.06200000
12 0.52508300 0.70737500 0.02150000 0.03875000
12 0.30066700 0.71100000 0.02333300 0.03650000
3 0.52316700 0.71162500 0.01633300 0.02575000
3 0.86508300 0.72725000 0.01583300 0.03050000
3 0.29725000 0.71525000 0.01383300 0.03050000
1 0.52866700 0.71187500 0.00633300 0.01025000
1 0.30166700 0.71300000 0.00466700 0.01000000
11 0.27116700 0.82275000 0.01166700 0.01600000
11 0.49141700 0.76312500 0.01183300 0.01525000
11 0.84108300 0.82225000 0.01650000 0.02200000
14 0.87633300 0.95275000 0.02333300 0.03650000
14 0.56850000 0.92987500 0.01466700 0.04875000
14 0.51475000 0.94562500 0.03083300 0.02675000
14 0.29066700 0.94925000 0.02966700 0.02700000
14 0.32383300 0.93225000 0.02200000 0.05100000
10 0.86958300 0.71187500 0.04050000 0.05475000
8 0.29808300 0.70937500 0.01450000 0.01125000
8 0.52233300 0.70575000 0.01333300 0.00900000
0 0.53783300 0.82650000 0.08333300 0.27700000
0 0.30383300 0.82825000 0.07466700 0.27600000
0 0.54283300 0.72850000 0.02466700 0.10050000
0 0.86391700 0.82950000 0.09850000 0.28300000
