12 0.49305600 0.59355700 0.06893000 0.06597200
12 0.38335900 0.53896600 0.05684200 0.05169800
3 0.39711900 0.54571800 0.02777800 0.03896600
12 0.49652800 0.49276600 0.04758200 0.04494600
3 0.50167200 0.49594900 0.03780900 0.03780900
12 0.73173900 0.56153500 0.06584400 0.05439800
12 0.73353900 0.49035500 0.04475300 0.04899700
3 0.72968100 0.49691400 0.03600800 0.03588000
11 0.44148700 0.59915100 0.02957800 0.01543200
11 0.43055600 0.60628900 0.03035000 0.01697500
11 0.69020100 0.62191400 0.02392000 0.01813300
11 0.66499500 0.62914700 0.02597700 0.02527000
11 0.67759800 0.59539000 0.03317900 0.01408200
11 0.66126500 0.59104900 0.01954700 0.01427500
1 0.48135300 0.49787800 0.00900200 0.01003100
1 0.71257700 0.57629200 0.01054500 0.01369600
1 0.75064300 0.49768500 0.00694400 0.01003100
0 0.35841000 0.61911700 0.19675900 0.21277000
0 0.49691400 0.55092600 0.13168700 0.16165100
0 0.70704700 0.55729200 0.15020600 0.18865700
0 0.75951600 0.62519300 0.23611100 0.18287000
14 0.39660500 0.70466800 0.05607000 0.04089500
14 0.41589500 0.69328700 0.03189300 0.04089500
0 0.49575600 0.64081800 0.17258200 0.16550900
