12 0.15558300 0.46150000 0.12250000 0.26850000
3 0.17058300 0.50175000 0.09250000 0.18450000
12 0.53000000 0.41637500 0.09933300 0.23575000
3 0.52625000 0.47687500 0.07816700 0.11475000
12 0.88775000 0.48737500 0.17583300 0.29525000
3 0.81550000 0.56712500 0.03133300 0.13325000
11 0.22725000 0.76262500 0.11450000 0.08925000
11 0.29158300 0.73987500 0.03816700 0.07075000
11 0.55416700 0.72625000 0.03400000 0.07350000
11 0.56700000 0.79075000 0.10866700 0.05250000
11 0.53491700 0.82850000 0.10083300 0.07400000
1 0.11666700 0.47287500 0.02166700 0.06125000
1 0.57100000 0.42712500 0.01633300 0.05375000
8 0.52175000 0.44700000 0.08516700 0.06200000
0 0.15550000 0.61612500 0.31100000 0.58525000
0 0.74216700 0.66975000 0.51466700 0.66050000
0 0.54925000 0.52537500 0.32283300 0.47425000
