12 0.49975000 0.43650000 0.11350000 0.08733300
12 0.84175000 0.46741700 0.14050000 0.08116700
12 0.32200000 0.39666700 0.14600000 0.12833300
3 0.81025000 0.47333300 0.07500000 0.06666700
3 0.50312500 0.44683300 0.09075000 0.08366700
3 0.36375000 0.40408300 0.06050000 0.09483300
1 0.45062500 0.43975000 0.01475000 0.02283300
1 0.33212500 0.38483300 0.02175000 0.03966700
1 0.86187500 0.46058300 0.02175000 0.02550000
11 0.64237500 0.62366700 0.08975000 0.05900000
11 0.61387500 0.73616700 0.06225000 0.03566700
11 0.86925000 0.62216700 0.08300000 0.05933300
11 0.30975000 0.79866700 0.09650000 0.04966700
8 0.39400000 0.39783300 0.01850000 0.02933300
14 0.42775000 0.98783300 0.04950000 0.02433300
0 0.26700000 0.64025000 0.27250000 0.66650000
0 0.50375000 0.68558300 0.31800000 0.62883300
0 0.79875000 0.68800000 0.40250000 0.62400000
