3 0.44625000 0.23587500 0.09716700 0.16375000
3 0.53608300 0.29950000 0.07216700 0.13450000
12 0.44050000 0.18375000 0.11900000 0.26950000
12 0.52483300 0.26700000 0.10466700 0.20250000
1 0.39233300 0.19062500 0.02233300 0.06075000
11 0.40883300 0.88537500 0.09766700 0.09925000
11 0.65616700 0.81975000 0.08666700 0.10300000
8 0.86425000 0.84062500 0.07083300 0.04375000
14 0.03533300 0.97400000 0.05633300 0.05200000
14 0.01525000 0.94750000 0.03016700 0.03700000
6 0.04433300 0.96125000 0.03666700 0.03150000
0 0.54925000 0.51825000 0.30350000 0.70450000
0 0.33816700 0.52450000 0.37466700 0.95100000
3 0.79016700 0.54525000 0.07000000 0.12400000
12 0.79116700 0.52537500 0.08200000 0.19275000
0 0.03766700 0.67600000 0.07500000 0.64800000
