11 0.32555800 0.52961300 0.07656200 0.04642900
11 0.56796900 0.48519300 0.11361600 0.02663700
11 0.54207600 0.48973200 0.03370500 0.01577400
12 0.33113800 0.37075900 0.12388400 0.12723200
3 0.33694200 0.38690500 0.10200900 0.09553600
12 0.64196400 0.26733600 0.10848200 0.10669600
3 0.63247800 0.27782700 0.08950900 0.08452400
1 0.27846000 0.37418200 0.01763400 0.02693500
8 0.33660700 0.38043200 0.11785700 0.03883900
1 0.68515600 0.27641400 0.01897300 0.02663700
14 0.18046900 0.79925600 0.07834800 0.08333300
14 0.33805800 0.77805100 0.10245500 0.07485100
14 0.54174100 0.72083300 0.12812500 0.07529800
14 0.47633900 0.74486600 0.13750000 0.05461300
0 0.30290200 0.57113100 0.32321400 0.53392900
0 0.60714300 0.49263400 0.40000000 0.55878000
