12 0.56300000 0.33087500 0.08566700 0.19125000
3 0.56625000 0.37725000 0.06350000 0.10050000
12 0.61533300 0.25662500 0.10533300 0.21175000
3 0.62225000 0.29575000 0.08250000 0.13150000
12 0.13416700 0.71175000 0.00800000 0.01700000
11 0.44725000 0.46800000 0.06250000 0.11550000
11 0.54483300 0.56825000 0.06100000 0.10850000
11 0.58525000 0.55650000 0.09450000 0.09200000
1 0.64816700 0.24387500 0.01833300 0.04025000
1 0.60333300 0.34900000 0.01233300 0.04200000
10 0.60941700 0.22450000 0.10083300 0.14750000
10 0.56091700 0.28400000 0.08416700 0.09800000
16 0.67516700 0.53612500 0.17533300 0.44925000
16 0.55741700 0.61300000 0.12216700 0.39450000
0 0.64883300 0.57462500 0.27133300 0.85075000
0 0.51291700 0.61612500 0.19350000 0.76775000
0 0.12766700 0.75937500 0.03066700 0.11075000
