11 0.24429900 0.68242000 0.03793200 0.08428700
11 0.35764300 0.51821200 0.04199600 0.05147500
11 0.41058900 0.53567100 0.06976700 0.05870000
12 0.28663400 0.29124000 0.07789600 0.14238400
3 0.28934300 0.32194500 0.06163900 0.07977100
12 0.42436200 0.21824200 0.08918500 0.15833800
3 0.41691100 0.24458200 0.07247700 0.10445500
14 0.21935000 0.99066800 0.03454500 0.01866300
14 0.32354900 0.96944600 0.04515700 0.06110800
14 0.41894300 0.96764000 0.09099100 0.06472000
1 0.45495600 0.21357600 0.01445000 0.03762800
8 0.40821900 0.23464800 0.06231700 0.04545500
0 0.30131000 0.60550900 0.20252900 0.77513500
0 0.45495600 0.56968700 0.24023500 0.86062600
