12 0.53599500 0.29746700 0.09840000 0.19615300
12 0.75558700 0.30508500 0.10716100 0.20148500
3 0.52729800 0.33250800 0.07161000 0.11464500
3 0.73616000 0.34726700 0.06678500 0.10721800
1 0.56799100 0.32498600 0.01358600 0.03599300
1 0.77704400 0.32317700 0.01929900 0.04799100
11 0.56938800 0.62588100 0.05573900 0.06913000
11 0.46387800 0.59807700 0.04989800 0.06608300
9 0.67394600 0.39363900 0.04520100 0.10778900
9 0.63611000 0.59436300 0.04342300 0.06665400
2 0.63864900 0.60131400 0.05358000 0.12626200
8 0.64829900 0.70205700 0.02767900 0.08208000
0 0.54323300 0.59188700 0.27056900 0.79718100
0 0.73393900 0.60198100 0.24517500 0.78347000
16 0.53631300 0.59436300 0.19781600 0.39078300
10 0.74466700 0.25995000 0.13661800 0.12835700
10 0.53631300 0.25690300 0.11147800 0.10778900
