12 0.57512500 0.34391700 0.21125000 0.20750000
3 0.56512500 0.35916700 0.17675000 0.14533300
3 0.87075000 0.49575000 0.06100000 0.16216700
1 0.65862500 0.36458300 0.03575000 0.05450000
11 0.15437500 0.69133300 0.13575000 0.07700000
11 0.47750000 0.74058300 0.20050000 0.10050000
11 0.41012500 0.83133300 0.13225000 0.15133300
0 0.46612500 0.49458300 0.76125000 0.56116700
8 0.56587500 0.34500000 0.18225000 0.04766700
11 0.55575000 0.72458300 0.12750000 0.04450000
0 0.66950000 0.66316675 0.66100000 0.67366650
