3 0.50987600 0.31247400 0.10672200 0.18584100
12 0.49904400 0.27222900 0.13348200 0.26633000
3 0.74609700 0.28718900 0.09684600 0.16814200
12 0.74737200 0.25874400 0.13507500 0.22587400
11 0.27556500 0.59924100 0.13316300 0.12473700
11 0.20978000 0.59502700 0.07040500 0.07332500
11 0.73765500 0.57269300 0.07805000 0.08428200
11 0.53870700 0.61146200 0.06371500 0.07753900
1 0.44297500 0.28107900 0.02134400 0.05394000
0 0.39407500 0.56826800 0.43198500 0.86346400
0 0.76361900 0.57395700 0.27970700 0.85208600
8 0.07948400 0.64096100 0.05766200 0.03961200
