12 0.78885000 0.53293500 0.02981400 0.05422800
3 0.78966700 0.53799000 0.02613800 0.04227900
12 0.66581600 0.52221200 0.01940000 0.03584600
12 0.68725800 0.30361500 0.01858300 0.03553900
12 0.65560500 0.31050900 0.01368200 0.03523300
3 0.65581000 0.31035500 0.01164000 0.02757400
11 0.76689800 0.60569900 0.02062500 0.01654400
11 0.76199700 0.61871900 0.01327300 0.01011000
14 0.78180500 0.85370700 0.04390400 0.02481600
14 0.75668800 0.83701000 0.03206000 0.02267200
14 0.65519700 0.76271400 0.01735800 0.02726700
1 0.66132300 0.52405000 0.00510500 0.01072300
1 0.68041700 0.30606600 0.00367600 0.01041700
0 0.77772100 0.68474300 0.07821100 0.36397100
0 0.66285500 0.34007400 0.02858900 0.09313700
0 0.66265100 0.63848000 0.04778400 0.27696100
