12 0.73836800 0.31562500 0.06458300 0.10416700
12 0.24878500 0.18216100 0.08055600 0.10442700
11 0.33715300 0.22187500 0.03159700 0.04635400
11 0.34531300 0.25846400 0.02048600 0.03724000
3 0.26779500 0.19375000 0.04114600 0.08020800
3 0.73185800 0.34427100 0.04357600 0.04218700
1 0.75260400 0.33945300 0.01111100 0.02109400
1 0.24513900 0.20546900 0.01493100 0.02656200
6 0.34809000 0.38619800 0.02326400 0.02135400
6 0.31692700 0.43515600 0.04843700 0.04687500
6 0.76675300 0.53059900 0.02343800 0.04244800
0 0.28472200 0.29270800 0.15277800 0.32968800
0 0.76918400 0.40755200 0.16857600 0.28854200
