12 0.23644800 0.55029200 0.14209900 0.09996900
3 0.26297600 0.57367000 0.07658600 0.05321400
12 0.59896200 0.44901600 0.14002300 0.11150400
3 0.60253700 0.48554300 0.07012700 0.03937300
12 0.77174200 0.59881600 0.14417500 0.09581700
3 0.72756600 0.60235300 0.05536300 0.07674600
1 0.21707000 0.57713000 0.02675900 0.02230100
11 0.37001200 0.68471200 0.06274500 0.03137500
11 0.42687400 0.70901300 0.09019600 0.03383600
11 0.55640100 0.63695800 0.06228400 0.02845300
11 0.52952700 0.67471500 0.05190300 0.03814200
11 0.57128000 0.66541100 0.04498300 0.01768700
11 0.69284900 0.73831100 0.06620500 0.03768100
0 0.75167200 0.75615200 0.49665500 0.41018100
0 0.26689700 0.66702600 0.41199500 0.33097500
0 0.66539800 0.53268200 0.32687400 0.27853000
