12 0.47933300 0.23233300 0.09933300 0.07800000
3 0.48066700 0.24022200 0.07666700 0.05955600
11 0.44800000 0.19600000 0.05533300 0.03377800
11 0.58566700 0.43866700 0.05400000 0.03733300
1 0.43566700 0.25133300 0.01266700 0.02044400
1 0.52266700 0.25388900 0.01200000 0.01844400
0 0.45366700 0.53666700 0.32066700 0.71777800
14 0.38083300 0.85755600 0.08366700 0.08044400
14 0.47716700 0.79322200 0.12633300 0.06555600
16 0.44100000 0.40555600 0.31200000 0.27955600
10 0.48050000 0.23766700 0.11833300 0.09000000
