3 0.31802200 0.23751500 0.15708300 0.33343100
12 0.24388600 0.20314325 0.30623500 0.40628650
3 0.43588900 0.15217400 0.09627700 0.19506500
12 0.42234000 0.12500000 0.13659400 0.25000000
8 0.32760500 0.22150400 0.14408500 0.12455900
1 0.23485300 0.21151600 0.05551900 0.12103400
11 0.42983000 0.73443000 0.13395000 0.14336100
11 0.50892300 0.63513500 0.12073100 0.11045800
11 0.59605600 0.50631600 0.03238600 0.09665100
11 0.58404900 0.88116900 0.12690000 0.16421900
14 0.69299400 0.87749700 0.11654500 0.13513500
0 0.48722200 0.47341400 0.53205600 0.94682700
0 0.32209725 0.49765000 0.64419450 0.99530000
