12 0.62067200 0.24118400 0.18549400 0.15370300
12 0.24741000 0.22853000 0.17235300 0.14290500
1 0.65643200 0.26117800 0.03411700 0.03171900
1 0.26408900 0.23696600 0.02173400 0.03155100
3 0.58390200 0.25375400 0.11448100 0.09650800
3 0.30098600 0.25012700 0.06166300 0.08925300
11 0.39840800 0.41640000 0.11852400 0.08402200
11 0.37452600 0.61928500 0.05458700 0.05517100
7 0.50846600 0.35549200 0.31892800 0.19369000
0 0.56861300 0.58309400 0.51908000 0.83381100
0 0.26535300 0.55441200 0.27192300 0.79703100
14 0.29921700 0.92559500 0.15415700 0.08840900
14 0.41117000 0.92677600 0.18802100 0.08840900
14 0.54915300 0.87531600 0.11928200 0.07828600
6 0.56823400 0.82891900 0.04169800 0.03273200
6 0.45501600 0.90804800 0.08668200 0.05095300
