12 0.42275000 0.19183300 0.21250000 0.20900000
12 0.67937500 0.36241700 0.26125000 0.27616700
3 0.68012500 0.39241700 0.22175000 0.16816700
3 0.42362500 0.23633300 0.17925000 0.11500000
1 0.79537500 0.37116700 0.02525000 0.05333300
11 0.51850000 0.69833300 0.16350000 0.08833300
11 0.55075000 0.81675000 0.28800000 0.10783300
11 0.14012500 0.55566700 0.13675000 0.06666700
11 0.40300000 0.58766700 0.08900000 0.04133300
2 0.40987500 0.21250000 0.25075000 0.23166700
2 0.67162500 0.36683300 0.30325000 0.30100000
0 0.33637500 0.32875000 0.47025000 0.49083300
0 0.70175000 0.55325000 0.59650000 0.66883300
