12 0.23212500 0.41725000 0.06775000 0.05516700
12 0.74550000 0.32033300 0.08050000 0.07466700
3 0.22925000 0.42633300 0.05450000 0.03833300
3 0.74212500 0.33191700 0.06425000 0.05216700
1 0.77750000 0.32608300 0.01550000 0.01616700
1 0.70837500 0.32183300 0.00525000 0.01700000
9 0.24162500 0.48716700 0.07175000 0.02400000
9 0.66225000 0.54683300 0.04000000 0.04433300
9 0.83762500 0.53266700 0.05225000 0.06366700
0 0.22212500 0.57500000 0.20825000 0.37133300
0 0.76175000 0.52816700 0.24800000 0.48333300
14 0.72600000 0.75575000 0.12400000 0.02350000
14 0.82625000 0.75333300 0.06900000 0.02766700
14 0.29737500 0.75183300 0.03925000 0.01800000
14 0.14412500 0.74941700 0.05275000 0.02350000
