12 0.08425000 0.61708300 0.06850000 0.05450000
12 0.35800000 0.54441700 0.05900000 0.05283300
12 0.43525000 0.61758300 0.06750000 0.04316700
3 0.35900000 0.55900000 0.04500000 0.02433300
3 0.09325000 0.62300000 0.04950000 0.04133300
3 0.41175000 0.62391700 0.01950000 0.03116700
1 0.06450000 0.62550000 0.01500000 0.01400000
1 0.38325000 0.54041700 0.00650000 0.01250000
11 0.31612500 0.62991700 0.02725000 0.02516700
11 0.38562500 0.70025000 0.02475000 0.02616700
11 0.09700000 0.74616700 0.03850000 0.02500000
9 0.15450000 0.52641700 0.02850000 0.03916700
9 0.31225000 0.65500000 0.02250000 0.03766700
9 0.15487500 0.51741700 0.01175000 0.01516700
0 0.11175000 0.67391700 0.19300000 0.33250000
0 0.34375000 0.64350000 0.20150000 0.24966700
0 0.43962500 0.73258300 0.14025000 0.27483300
14 0.41000000 0.85575000 0.08050000 0.02783300
14 0.46575000 0.81750000 0.04000000 0.02766700
14 0.29812500 0.74200000 0.03575000 0.04733300
14 0.26937500 0.69291700 0.03675000 0.02716700
14 0.18900000 0.79100000 0.03800000 0.03266700
14 0.10800000 0.82266700 0.03600000 0.03333300
