3 0.65615200 0.27972900 0.11240000 0.09571400
3 0.09173300 0.54012200 0.13850600 0.18079300
12 0.08810725 0.51498500 0.17621450 0.25620400
12 0.64479100 0.25934600 0.19361900 0.18514300
1 0.00737225 0.52280100 0.01474450 0.05913600
11 0.59004100 0.66621000 0.09040400 0.08234000
11 0.68117000 0.53988100 0.10974100 0.06912700
11 0.12327800 0.77747300 0.10297300 0.06542100
0 0.09620500 0.66008700 0.19241000 0.53673900
11 0.95769900 0.72486300 0.08460200 0.04495600
0 0.61143300 0.45705800 0.39086300 0.56123100
2 0.02042525 0.63527200 0.04085050 0.05913600
