3 0.36544600 0.41026700 0.02666700 0.06497900
3 0.42169000 0.30731400 0.03662000 0.05991600
3 0.53831000 0.40843900 0.03399100 0.05682100
3 0.80009400 0.16075900 0.13840400 0.26751100
12 0.82441300 0.14557000 0.23699500 0.29057700
12 0.54140800 0.38804500 0.07436600 0.09985900
12 0.42075100 0.29296800 0.04638500 0.09142100
12 0.35530500 0.39339000 0.04807500 0.09648400
11 0.39793400 0.49606200 0.02028200 0.03685000
11 0.47746500 0.40562600 0.01896700 0.04106900
11 0.49352100 0.51195500 0.02216000 0.03769300
11 0.52544600 0.51884700 0.01953100 0.03066100
11 0.39145500 0.53628700 0.02610300 0.04078800
11 0.62291100 0.93895900 0.13295800 0.12208200
14 0.37849800 0.82180000 0.05352100 0.04416300
14 0.41370900 0.79085800 0.02892000 0.02897300
14 0.42497700 0.74655400 0.01877900 0.04500700
0 0.53314600 0.44233500 0.10704200 0.20843900
0 0.42985900 0.38157500 0.11417800 0.26976100
0 0.77859175 0.50014075 0.44281650 0.99971850
