11 0.30245500 0.38404000 0.06503000 0.17254500
11 0.33787200 0.42075900 0.06175600 0.16830400
11 0.72314000 0.76841500 0.12991100 0.11004500
11 0.82165200 0.63772300 0.09360100 0.11473200
12 0.44114600 0.45558000 0.11503000 0.14687500
3 0.42879500 0.44620500 0.08794600 0.11026800
1 0.46547600 0.49843700 0.02857100 0.03348200
12 0.65870500 0.34084800 0.13913700 0.26919600
3 0.67567000 0.40558000 0.09836300 0.14107100
1 0.62194900 0.39084800 0.02366100 0.04553600
0 0.25565500 0.64877200 0.51131000 0.70245500
0 0.73058000 0.60312500 0.53883900 0.79375000
