12 0.44015500 0.19286200 0.04085000 0.06709600
12 0.34232000 0.34589500 0.03758200 0.07536800
12 0.21568600 0.36121300 0.03349700 0.10110300
3 0.44475100 0.20664800 0.02675700 0.04503700
3 0.34242200 0.36963800 0.02594000 0.02175200
3 0.21568600 0.38174000 0.02369300 0.05759800
1 0.42718500 0.20419700 0.00755700 0.02175200
1 0.22702200 0.36274500 0.00919100 0.02941200
11 0.45802700 0.23039200 0.01899500 0.04289200
11 0.49407700 0.35493300 0.02573500 0.02910500
11 0.32720600 0.48713200 0.02124200 0.02879900
11 0.34936700 0.50153200 0.02226300 0.02267200
11 0.32730800 0.63250600 0.02634800 0.04871300
14 0.46313300 0.64920300 0.04513900 0.02205900
14 0.42024100 0.63235300 0.04187100 0.02451000
7 0.46691200 0.20006100 0.03431400 0.04718100
0 0.45394200 0.40992600 0.11090700 0.50796600
0 0.26613600 0.48820500 0.13562100 0.34283100
0 0.33915400 0.48069900 0.10396200 0.35723000
