12 0.21807800 0.31178700 0.00951500 0.01455500
12 0.24519500 0.01127300 0.00856300 0.01683800
12 0.04005700 0.00528000 0.00666000 0.01055900
12 0.45537600 0.49329300 0.00761200 0.01455500
3 0.45394900 0.49457800 0.00475700 0.01084500
12 0.76907700 0.37257400 0.00856300 0.01683800
12 0.86546100 0.11230000 0.00837300 0.01740900
12 0.94281600 0.07334500 0.00818300 0.01598200
12 0.70180800 0.21532500 0.00647000 0.00941800
12 0.68411000 0.20333900 0.00875400 0.01626700
12 0.06955300 0.35502300 0.00932400 0.01484000
10 0.24595600 0.00727700 0.01046600 0.01170100
10 0.04471900 0.00242600 0.00418600 0.00485200
10 0.68325400 0.20291100 0.00742200 0.01769400
10 0.86536600 0.11058800 0.00856300 0.01512600
10 0.94148400 0.07077600 0.00932400 0.01141600
15 0.45632700 0.53410400 0.01674600 0.08190600
9 0.25061800 0.02754000 0.00456700 0.01170100
9 0.24548000 0.02754000 0.00418600 0.01055900
9 0.22131300 0.33804200 0.00418600 0.00656400
9 0.45147500 0.52111900 0.00323500 0.00684900
9 0.71370100 0.20533700 0.00437700 0.00713500
9 0.67783100 0.23316200 0.00456700 0.01084500
9 0.93216000 0.09532000 0.00361600 0.00570800
9 0.94757400 0.10202600 0.00475700 0.00827600
9 0.03577500 0.03638700 0.00342500 0.00770500
0 0.45585200 0.52911000 0.01769700 0.09246600
0 0.22759300 0.32377300 0.03006700 0.04994300
0 0.05880100 0.38156400 0.03197000 0.06906400
0 0.04186500 0.03438925 0.01712700 0.06877850
0 0.24757400 0.04395000 0.02854400 0.08790000
0 0.70742200 0.23244900 0.01922000 0.06478300
0 0.68972400 0.22873900 0.02987600 0.07277400
0 0.77155100 0.38327600 0.02150300 0.04395000
0 0.94119900 0.09075300 0.02131300 0.05764800
0 0.86698400 0.11829300 0.01864900 0.03053700
