3 0.27913300 0.45041800 0.10224700 0.16649300
12 0.27991600 0.42419100 0.11426600 0.22259900
3 0.44417300 0.39091900 0.06688700 0.12839200
12 0.43302600 0.36547500 0.08883500 0.18241100
3 0.62820100 0.37761000 0.07263500 0.13100200
12 0.62785200 0.35699400 0.07925400 0.16962400
8 0.62959400 0.36769300 0.06392600 0.05584600
1 0.59458300 0.35751600 0.00749000 0.04018800
1 0.40219500 0.37761000 0.01811500 0.04331900
1 0.23628300 0.40044400 0.02316700 0.05871600
11 0.31867300 0.74739000 0.08099600 0.08924800
11 0.41517200 0.68254200 0.05243000 0.09055300
11 0.51942200 0.65383600 0.06375200 0.06028200
11 0.57681600 0.64287600 0.05626200 0.05349700
11 0.60111500 0.61625800 0.05783000 0.05558500
11 0.65676700 0.43097600 0.02943700 0.07489600
0 0.46420500 0.48460300 0.28357400 0.43162800
0 0.24986900 0.61886700 0.38373100 0.63491600
0 0.58744100 0.45628900 0.17575300 0.37761000
