12 0.48930900 0.30537300 0.15679800 0.16849400
3 0.49150200 0.33708000 0.13541700 0.10032900
1 0.55838800 0.34237900 0.01754400 0.03307700
1 0.42091600 0.33753700 0.01946300 0.03252900
11 0.36376100 0.82556700 0.12993400 0.07511000
11 0.70435900 0.74497400 0.07099800 0.06524100
16 0.46313000 0.55692600 0.38075700 0.34996300
8 0.49396900 0.31368800 0.13596500 0.03453900
8 0.71066300 0.75959400 0.06990100 0.08205400
0 0.48451200 0.61138500 0.51288400 0.77723000
10 0.48999500 0.27138200 0.19216000 0.10672500
