3 0.12865500 0.11074600 0.04203200 0.09100900
3 0.37198500 0.20106900 0.04294600 0.08251100
3 0.05391100 0.18379900 0.03728100 0.08031800
12 0.12335500 0.10156200 0.05445900 0.10937500
12 0.36430900 0.17996200 0.05829700 0.12253300
12 0.36001500 0.33278500 0.06432700 0.10636000
12 0.04861100 0.15899100 0.09685700 0.12993400
1 0.03079300 0.15967700 0.01516800 0.03920000
4 0.53956500 0.32511000 0.14089900 0.29166700
9 0.45650600 0.71025200 0.08187100 0.11348700
9 0.43941900 0.19613500 0.07730300 0.12198500
0 0.11659400 0.44873900 0.13231000 0.80043900
0 0.28673200 0.55112400 0.29751500 0.57154600
0 0.05500700 0.51850300 0.10562900 0.84676500
0 0.34018600 0.32250500 0.17013900 0.40707200
7 0.44289100 0.53125000 0.05573800 0.67324600
7 0.21527800 0.88349800 0.18530700 0.07346500
15 0.59274500 0.56044400 0.37627900 0.87911200
0 0.59055200 0.56222600 0.38651300 0.87554800
0 0.28728100 0.51082800 0.29312900 0.53810300
