12 0.29808300 0.23025000 0.11183300 0.23200000
3 0.29200000 0.24875000 0.09833300 0.19850000
12 0.53858300 0.29237500 0.08016700 0.24875000
3 0.53866700 0.32275000 0.08000000 0.18950000
12 0.66650000 0.24475000 0.20166700 0.39750000
3 0.63575000 0.30150000 0.13783300 0.28100000
11 0.17858300 0.37337500 0.08516700 0.14075000
11 0.72233300 0.39212500 0.09533300 0.22575000
11 0.59825000 0.34637500 0.04716700 0.12075000
0 0.48616700 0.51825000 0.26200000 0.75300000
0 0.68758300 0.52275000 0.45983300 0.95450000
0 0.31316700 0.43137500 0.35700000 0.69025000
2 0.33400000 0.25350000 0.07300000 0.09850000
2 0.54116700 0.16625000 0.05966700 0.04550000
2 0.68291700 0.27937500 0.16150000 0.46925000
2 0.07600000 0.80050000 0.15166700 0.10350000
