12 0.30437500 0.42891700 0.07075000 0.07450000
12 0.37862500 0.45666700 0.08675000 0.06333300
3 0.40587500 0.46800000 0.02975000 0.03366700
12 0.52887500 0.42183300 0.09575000 0.09200000
11 0.20462500 0.62650000 0.03625000 0.04966700
11 0.37400000 0.61925000 0.02850000 0.02516700
14 0.50925000 0.92533300 0.07600000 0.11433300
14 0.33337500 0.90708300 0.07475000 0.12616700
14 0.40987500 0.85650000 0.08725000 0.03000000
14 0.29400000 0.82908300 0.06900000 0.03283300
14 0.23000000 0.82216700 0.06650000 0.03233300
14 0.30250000 0.79625000 0.06750000 0.03283300
6 0.39312500 0.85525000 0.05125000 0.02683300
6 0.29887500 0.81316700 0.05025000 0.03400000
6 0.23012500 0.81441700 0.05975000 0.02883300
6 0.30287500 0.79216700 0.06425000 0.03500000
1 0.38725000 0.46325000 0.01300000 0.01716700
0 0.47450000 0.69100000 0.35800000 0.61566700
0 0.35362500 0.65358300 0.20175000 0.45283300
0 0.27662500 0.61533300 0.19675000 0.44566700
