3 0.31678600 0.55718900 0.15423700 0.12915600
12 0.29231100 0.52540000 0.20503300 0.19458100
8 0.38616900 0.25577300 0.13322600 0.12577000
12 0.36908300 0.22252200 0.16832100 0.19227200
3 0.71276800 0.47613900 0.17686400 0.08466700
12 0.70595700 0.41163800 0.20849700 0.21490100
1 0.21784800 0.55234000 0.04548600 0.03848500
1 0.30916600 0.24846100 0.03324900 0.04248800
1 0.38790100 0.25207800 0.16347300 0.06111500
11 0.63980600 0.82466100 0.18933300 0.09390400
11 0.66809100 0.68765400 0.13599600 0.07173600
11 0.83421800 0.75200100 0.14130700 0.06311600
11 0.13253300 0.56196100 0.10621100 0.07466100
11 0.10263200 0.77232100 0.06257200 0.06557900
0 0.35603800 0.42826400 0.55368300 0.60344800
0 0.36723600 0.71474775 0.73401100 0.57050450
0 0.74232300 0.54187200 0.51535400 0.48245100
