3 0.34957300 0.52021600 0.06629800 0.12531400
12 0.34170400 0.50615300 0.08337500 0.15394300
3 0.26075700 0.48669000 0.07182300 0.17830200
12 0.24351200 0.46584600 0.11267400 0.22149700
3 0.61200400 0.34656000 0.06881000 0.14063300
12 0.61945400 0.33111500 0.08839800 0.16951300
3 0.92717200 0.49723800 0.07065100 0.17026600
12 0.94567200 0.47739800 0.10865600 0.21195400
8 0.61049700 0.35095400 0.08354300 0.04645900
8 0.25020900 0.46145200 0.09459200 0.06956300
1 0.65235200 0.34404800 0.01791400 0.04068300
1 0.21764600 0.45655400 0.01908600 0.06278300
1 0.30939200 0.52096900 0.01841600 0.04445000
1 0.97162200 0.49937200 0.02528000 0.06002000
11 0.39678600 0.82006500 0.09241600 0.07157200
11 0.41829900 0.81441500 0.08454700 0.06529400
11 0.47446800 0.76644900 0.06228000 0.05173300
11 0.50828700 0.75050200 0.03716700 0.04897000
11 0.69487700 0.82446000 0.06981400 0.06328500
11 0.69872800 0.78013600 0.07215800 0.05499700
0 0.64205600 0.51783000 0.25079500 0.54696100
0 0.38925200 0.60936700 0.27256000 0.37091900
0 0.25096300 0.66084900 0.41989000 0.61049700
0 0.82931500 0.68809600 0.33936000 0.62380700
