12 0.33477400 0.34972600 0.06383000 0.13869500
3 0.34067500 0.37138900 0.05136300 0.09437300
12 0.59067500 0.11416800 0.04072500 0.08042800
3 0.58361000 0.12437700 0.02593100 0.05951200
12 0.80817800 0.38359100 0.08111700 0.13769900
3 0.79263600 0.40998500 0.05036600 0.08441200
11 0.43542200 0.58242000 0.03307800 0.05029900
11 0.37408600 0.60196700 0.05302500 0.05204200
11 0.70944100 0.62898400 0.05950800 0.04432300
11 0.66040600 0.58590600 0.04720700 0.04432300
11 0.59416600 0.15488000 0.02310500 0.05229100
11 0.54255300 0.35184300 0.01595700 0.03137500
1 0.31175200 0.35246500 0.01180200 0.03311800
1 0.81890000 0.38346600 0.01446100 0.04133500
8 0.54645900 0.66110600 0.04471400 0.02639400
14 0.33851400 0.82071700 0.04637600 0.06573700
14 0.37375300 0.78598100 0.06399600 0.06399400
14 0.60206100 0.56885000 0.02925500 0.05652400
14 0.56274900 0.57358100 0.03141600 0.05204200
14 0.71525900 0.87848600 0.06549200 0.04830700
14 0.63622000 0.88583200 0.09990000 0.04756000
0 0.33136600 0.56449200 0.24085800 0.57818700
0 0.57970400 0.33764900 0.09025900 0.52539800
0 0.76437800 0.61230100 0.35621700 0.59512000
6 0.71434500 0.86454200 0.05967400 0.02589600
6 0.65541900 0.87114000 0.05851100 0.04258000
6 0.60214400 0.56013400 0.01845100 0.04457200
6 0.56341400 0.56648400 0.02210800 0.03884500
