12 0.79817700 0.46093800 0.17708300 0.28554700
12 0.05429700 0.50019500 0.10494800 0.25898400
12 0.28932300 0.30683600 0.05130200 0.10195300
3 0.72558600 0.50595700 0.02851600 0.17753900
3 0.08248700 0.52832000 0.04153600 0.17890600
1 0.73977900 0.52363300 0.02434900 0.07148400
1 0.06477900 0.54726600 0.02018200 0.06054700
11 0.49863300 0.38007800 0.07903600 0.16992200
11 0.25097700 0.47529300 0.03580700 0.06191400
0 0.69277300 0.64072300 0.54335900 0.70410200
0 0.27037800 0.60078100 0.19908900 0.69687500
0 0.07903625 0.68427700 0.15807250 0.61894500
