12 0.39268400 0.15110200 0.10083000 0.23009100
12 0.49844300 0.09792500 0.07575200 0.15278900
12 0.68073300 0.22568100 0.12383300 0.23813200
12 0.79877200 0.13839200 0.09598800 0.17561600
12 0.16897300 0.14695200 0.11034200 0.22386500
1 0.43306800 0.16744500 0.01522000 0.05473400
1 0.46739900 0.11660200 0.01020400 0.03294400
1 0.52966100 0.12153000 0.00709100 0.03035000
1 0.72786200 0.24682200 0.02542400 0.05577200
1 0.84010700 0.14630400 0.01573800 0.05810600
1 0.76132800 0.15239900 0.01452800 0.05110200
1 0.11579000 0.16212700 0.00882000 0.03164700
1 0.21852300 0.17898800 0.01504700 0.05343700
3 0.16672400 0.18884600 0.09166400 0.13748400
3 0.38715000 0.19131000 0.08007600 0.11076500
3 0.49792500 0.12075200 0.05430600 0.10609600
3 0.67165300 0.25797700 0.10186800 0.15849500
3 0.79825300 0.15953300 0.07592500 0.10428000
11 0.60065700 0.69325600 0.08993400 0.14137500
11 0.14346200 0.51310000 0.04687000 0.06381300
11 0.56788300 0.36640700 0.03718400 0.04850800
11 0.79842600 0.39481200 0.05275000 0.03527900
9 0.43082000 0.53385200 0.05326900 0.05706900
9 0.29505400 0.53138800 0.06330000 0.18287900
8 0.79911800 0.12931300 0.07765500 0.04383900
7 0.18358700 0.36640700 0.16170900 0.20726300
0 0.51859200 0.23125800 0.17139400 0.38780800
0 0.81546200 0.51945500 0.17917700 0.93981800
0 0.15141800 0.50544700 0.24057400 0.94811900
0 0.37167100 0.51634200 0.27049500 0.95330700
0 0.62763700 0.55460400 0.25423700 0.89079100
