8 0.40185800 0.41231900 0.05731500 0.02756900
3 0.39662400 0.40987600 0.06987700 0.06630600
3 0.55116500 0.41240600 0.10416100 0.07625200
12 0.37176100 0.39923200 0.12064900 0.08550000
12 0.55286600 0.37628700 0.12117200 0.14779300
11 0.43365600 0.57825900 0.08898200 0.04606500
11 0.44935900 0.55025300 0.06333400 0.03960900
11 0.53860200 0.53175700 0.07432600 0.03681700
11 0.44360100 0.53934700 0.08374800 0.02442900
14 0.31837200 0.76129800 0.07354100 0.08899000
14 0.40787800 0.76609700 0.12169600 0.05426600
14 0.57982200 0.89452100 0.21172500 0.08637200
14 0.59604800 0.85299200 0.17874900 0.04763600
0 0.38484700 0.58000300 0.38445400 0.45123000
0 0.62379000 0.62092100 0.46767900 0.63531700
6 0.32452200 0.75728500 0.06019400 0.07398400
6 0.40709200 0.76731800 0.11332100 0.04449500
