12 0.67753200 0.56707800 0.07397900 0.07019000
12 0.40239900 0.26428200 0.05841400 0.05957000
3 0.66810100 0.57989500 0.04632900 0.04064900
3 0.40917400 0.27710000 0.04303200 0.03491200
12 0.12332900 0.39465300 0.02069200 0.01635700
3 0.12360400 0.39709500 0.01355100 0.01001000
11 0.59769300 0.69329800 0.03955300 0.02038600
11 0.63294300 0.66607700 0.04303200 0.01428200
9 0.45861600 0.34674100 0.04230000 0.02819800
14 0.44781200 0.52581800 0.03497500 0.03210400
14 0.49176000 0.52740500 0.03314400 0.03674300
14 0.79573300 0.97460900 0.06134400 0.02832000
1 0.68055300 0.57012900 0.01483200 0.01818800
1 0.38454500 0.27661100 0.01135300 0.01001000
10 0.40194100 0.24896200 0.06555600 0.03747600
10 0.67496800 0.55584700 0.09192500 0.05798300
0 0.70161100 0.75732400 0.25032000 0.46215800
0 0.43536000 0.38708500 0.16462200 0.31250000
0 0.12415300 0.43365500 0.04541300 0.09436000
