12 0.30872400 0.30191000 0.29609400 0.25277800
3 0.34362000 0.29453100 0.21484400 0.16996500
1 0.24296900 0.34479200 0.04791700 0.04479200
5 0.32890600 0.36953100 0.20885400 0.10017400
11 0.56145800 0.90121500 0.15000000 0.09166700
11 0.41276000 0.43489600 0.13125000 0.17465300
9 0.55338500 0.29765600 0.18697900 0.10017400
9 0.71497400 0.51310800 0.11484400 0.16510400
7 0.45260400 0.29192700 0.14739600 0.03038200
13 0.70416675 0.37699700 0.59166650 0.75121500
4 0.50364600 0.16935800 0.10156200 0.08697900
0 0.52031200 0.58741300 0.82447900 0.82517400
0 0.70494800 0.37421900 0.58906300 0.74149300
