12 0.51350000 0.14103500 0.16300000 0.25956500
3 0.49825000 0.21417900 0.12850000 0.10727700
11 0.35950000 0.33683400 0.05700000 0.10352600
11 0.32325000 0.46136500 0.07250000 0.08702200
1 0.48225000 0.14816200 0.03750000 0.04726200
7 0.31425000 0.45648900 0.11650000 0.08927200
7 0.35525000 0.34996200 0.03450000 0.13278300
14 0.38875000 0.88859700 0.13750000 0.12678200
14 0.24225000 0.93885975 0.14950000 0.12228050
14 0.10700000 0.75393800 0.12300000 0.07651900
14 0.14200000 0.67817000 0.06700000 0.05701400
0 0.34500000 0.50037500 0.50200000 0.99925000
0 0.09350000 0.39985000 0.17600000 0.79820000
