3 0.47685400 0.30128400 0.09258200 0.08060300
12 0.48006100 0.27913300 0.12688200 0.12341800
3 0.24693300 0.39463900 0.04155000 0.05435600
12 0.22518100 0.38691400 0.08505300 0.06980600
3 0.33742300 0.37081200 0.02955900 0.04281500
12 0.31678800 0.36466900 0.07306200 0.05323900
3 0.68906900 0.39845500 0.02063600 0.03778900
12 0.71430600 0.38784400 0.07278300 0.05975400
12 0.63859500 0.36364500 0.05800300 0.05230800
0 0.47560000 0.59996300 0.43363100 0.76247200
0 0.24121600 0.51405400 0.23591700 0.33227800
0 0.29601200 0.39696600 0.11238100 0.12527900
0 0.68237600 0.50977300 0.23759100 0.29988800
1 0.53346300 0.28602000 0.02063600 0.02848100
1 0.21834900 0.40013000 0.01450100 0.01582300
1 0.65476900 0.37183500 0.01282800 0.01545000
11 0.44618000 0.47552100 0.07808100 0.04374500
11 0.48996100 0.48408400 0.04684900 0.03778900
11 0.28485800 0.45765100 0.03932000 0.02438600
14 0.31455700 0.91865200 0.10094800 0.11057300
14 0.64235900 0.92535400 0.08561100 0.11541300
14 0.28471800 0.63607600 0.09202500 0.04318700
14 0.37548800 0.66344000 0.10903500 0.03387900
14 0.52175100 0.62285900 0.04238700 0.03648500
14 0.63301700 0.64733800 0.02119400 0.04411800
