3 0.45375000 0.36937500 0.12016700 0.20525000
12 0.44983300 0.32562500 0.15700000 0.28625000
3 0.65166700 0.18075000 0.12966700 0.20700000
12 0.66991700 0.14187500 0.16750000 0.28325000
1 0.50566700 0.34775000 0.01800000 0.05700000
1 0.73091700 0.10862500 0.03050000 0.07275000
9 0.16183300 0.61525000 0.11200000 0.14100000
9 0.41833300 0.79637500 0.13800000 0.06225000
11 0.44158300 0.69225000 0.14716700 0.10650000
11 0.60166700 0.83062500 0.25866700 0.18975000
10 0.44650000 0.25375000 0.15666700 0.14550000
10 0.66358300 0.05162500 0.23750000 0.10275000
0 0.36283300 0.59112500 0.51566700 0.81775000
0 0.68350000 0.50025000 0.63300000 0.99950000
