3 0.41583300 0.27200000 0.06200000 0.08000000
3 0.77766700 0.54087500 0.05366700 0.08575000
12 0.43333300 0.22850000 0.10466700 0.18900000
12 0.76033300 0.52375000 0.09533300 0.19100000
1 0.43383300 0.25912500 0.01666700 0.02975000
11 0.33075000 0.53750000 0.04716700 0.06200000
11 0.34758300 0.44737500 0.05583300 0.09925000
11 0.91600000 0.63875000 0.05000000 0.10500000
11 0.90783300 0.71137500 0.02233300 0.04925000
0 0.42708300 0.56225000 0.20983300 0.86350000
0 0.81883300 0.69887500 0.24866700 0.52975000
