3 0.37402800 0.30625000 0.10583300 0.17333300
12 0.38194400 0.25916700 0.13500000 0.27166700
3 0.63333300 0.45875000 0.08222200 0.16833300
12 0.60125000 0.43291700 0.14694400 0.22083300
3 0.40666700 0.64208300 0.05222200 0.09166700
12 0.43361100 0.65937500 0.10722200 0.13041700
1 0.43013900 0.31541700 0.02138900 0.05833300
1 0.32152800 0.28333300 0.01194400 0.06083300
1 0.58583300 0.48833300 0.02888900 0.05250000
11 0.30625000 0.72229200 0.06972200 0.08375000
11 0.31930600 0.65166700 0.02861100 0.05083300
11 0.36597200 0.65958300 0.03194400 0.04083300
6 0.34972200 0.86750000 0.08000000 0.09500000
6 0.80555600 0.74333300 0.05944400 0.08750000
0 0.68291700 0.60604200 0.31027800 0.57208300
0 0.39583300 0.64791700 0.18222200 0.15666700
0 0.32972200 0.51895800 0.39611100 0.79208300
