12 0.79062700 0.23217800 0.28622400 0.45149600
3 0.71356700 0.29521900 0.12958700 0.32653100
12 0.49716900 0.15725500 0.19626800 0.31395000
3 0.48762800 0.20450100 0.16418500 0.22113500
11 0.43615000 0.42703400 0.08429400 0.19373800
11 0.48825700 0.74014500 0.17718600 0.16634100
11 0.24281800 0.89949700 0.17907300 0.20100600
1 0.57066500 0.13209400 0.03459800 0.08806300
1 0.78779600 0.30738000 0.03606600 0.10148200
0 0.57433400 0.35378800 0.53554200 0.70701700
0 0.57391500 0.50307500 0.84462200 0.99385000
