12 0.81202400 0.28382300 0.04352600 0.08306100
12 0.23463000 0.30431600 0.06066400 0.10010900
12 0.66322100 0.33968100 0.04951000 0.05477000
1 0.23463000 0.31537900 0.01115300 0.02357600
1 0.82712200 0.28690600 0.01006500 0.01958700
9 0.27162700 0.56166100 0.02910800 0.04461400
9 0.45144200 0.43743200 0.05413500 0.07109200
5 0.80549500 0.30395400 0.02720300 0.03409500
5 0.25639300 0.32607900 0.02312300 0.04787800
14 0.74782400 0.71780900 0.03917300 0.04207500
14 0.84874900 0.72760200 0.03373200 0.04497600
14 0.25680100 0.85001800 0.08106600 0.04896600
14 0.08800300 0.88665200 0.09113200 0.05404400
15 0.81705700 0.51378300 0.12540800 0.41675700
16 0.82045700 0.40188600 0.12404800 0.19804100
