11 0.34731900 0.39879100 0.03028500 0.04243800
11 0.37326400 0.40586400 0.02276200 0.03703700
11 0.42293600 0.55748500 0.02334100 0.03317900
11 0.50028900 0.44585900 0.04031600 0.03266500
11 0.56876900 0.55002600 0.01909700 0.05221200
11 0.69203300 0.53343600 0.02141200 0.03909500
12 0.36381200 0.22865200 0.05825600 0.09876500
3 0.37249200 0.24035500 0.03935200 0.07484600
12 0.49729900 0.24447000 0.05555600 0.09696500
3 0.49787800 0.25694400 0.04282400 0.07047300
12 0.64178200 0.27507700 0.06751500 0.09079200
3 0.62654300 0.28639400 0.03510800 0.06764400
1 0.35011600 0.23765400 0.00617300 0.02160500
1 0.64699100 0.28395100 0.00733000 0.02469100
1 0.47444100 0.25295800 0.00405100 0.01620400
1 0.52083300 0.25900200 0.00463000 0.01594700
14 0.36188300 0.80671300 0.02932100 0.07124500
14 0.33960300 0.78768000 0.02218400 0.06198600
14 0.47019700 0.78485100 0.01485300 0.03883700
14 0.48804000 0.80529800 0.03549400 0.05246900
14 0.66049400 0.77764900 0.03665100 0.06918700
14 0.61361900 0.81468600 0.03317900 0.04861100
0 0.34606500 0.50977400 0.14544800 0.66821000
0 0.48485700 0.51286000 0.15297100 0.63734600
0 0.63715300 0.53485100 0.15663600 0.60879600
0 0.88030500 0.53935200 0.14294000 0.61831300
1 0.89564000 0.28922300 0.01929000 0.03420800
3 0.90740700 0.29115200 0.04282400 0.07613200
12 0.88995000 0.28973800 0.08352600 0.11702700
11 0.88098000 0.53215000 0.03858000 0.05144000
14 0.91493100 0.80311200 0.06635800 0.07896100
14 0.82455600 0.77559200 0.04841800 0.08873500
