12 0.57200000 0.27883300 0.13300000 0.13033300
12 0.29950000 0.50058300 0.14350000 0.12150000
3 0.33050000 0.52350000 0.07900000 0.07566700
12 0.65550000 0.51358300 0.15000000 0.14583300
3 0.63687500 0.54308300 0.11275000 0.08750000
3 0.56837500 0.29908300 0.10975000 0.08916700
11 0.82350000 0.78075000 0.09800000 0.06983300
11 0.66925000 0.72550000 0.11300000 0.04833300
11 0.43750000 0.42991700 0.07200000 0.04150000
11 0.49675000 0.48375000 0.08850000 0.04716700
11 0.33137500 0.72808300 0.06925000 0.03250000
11 0.42062500 0.68850000 0.07125000 0.06566700
1 0.62862500 0.27725000 0.01525000 0.03016700
1 0.70325000 0.53058300 0.02750000 0.03716700
0 0.73737500 0.62758300 0.47175000 0.37616700
0 0.57350000 0.43025000 0.34400000 0.43083300
0 0.28175000 0.59241700 0.35050000 0.30450000
8 0.56375000 0.28983300 0.10300000 0.04133300
8 0.63162500 0.53400000 0.11725000 0.03400000
