12 0.54263100 0.77072500 0.05671300 0.04101600
12 0.43518500 0.39019100 0.05555600 0.04904500
12 0.60571000 0.50878900 0.06404300 0.04796000
3 0.61824800 0.51942300 0.03202200 0.02712700
1 0.63271600 0.50629300 0.00925900 0.01041700
10 0.43537800 0.38812900 0.05517000 0.04145000
10 0.54456000 0.76280400 0.06057100 0.03125000
10 0.60262300 0.50542500 0.05787000 0.04340300
8 0.61805600 0.51529900 0.01388900 0.01454000
16 0.41165100 0.91503900 0.15200600 0.07313400
16 0.53182900 0.83311600 0.11767000 0.09418400
16 0.69483000 0.53982200 0.12731500 0.06966100
16 0.37673600 0.44086400 0.13001500 0.07487000
11 0.48109600 0.37022600 0.01929000 0.02777800
11 0.58892700 0.43164100 0.02121900 0.02039900
14 0.36882700 0.98112000 0.05246900 0.03298600
14 0.47800900 0.98708775 0.06327200 0.02582450
14 0.35030900 0.61046000 0.04089500 0.01736100
14 0.43267700 0.60937500 0.04359600 0.01822900
0 0.54417400 0.87662775 0.14236100 0.24674450
0 0.41956000 0.93587200 0.17091000 0.12825500
0 0.39853400 0.48567700 0.18287000 0.26736100
0 0.66647400 0.55566400 0.18325600 0.14648400
