3 0.50904000 0.35245500 0.16763400 0.16681500
12 0.48571400 0.33348200 0.21473200 0.20565500
3 0.28125000 0.44702400 0.18973200 0.18720200
12 0.21596000 0.41160700 0.32165200 0.26160700
3 0.60279000 0.25424100 0.09799100 0.09479200
12 0.60312500 0.24598200 0.11830400 0.11041700
12 0.57957600 0.14709800 0.15022300 0.14925600
8 0.24888400 0.43980700 0.25848200 0.05818500
8 0.60446400 0.23973200 0.10803600 0.03392900
1 0.16875000 0.45223200 0.05982100 0.05446400
1 0.40357100 0.37001500 0.04910700 0.04360100
1 0.60412900 0.16577400 0.03995500 0.03750000
11 0.47700900 0.78928600 0.15044600 0.08958300
11 0.41830400 0.73169600 0.16383900 0.07827400
11 0.77343800 0.67008900 0.16294600 0.08154800
11 0.85636200 0.63422600 0.12656200 0.07410700
11 0.69486600 0.44419600 0.06741100 0.04821400
11 0.81607100 0.39761900 0.08616100 0.04672600
11 0.80714300 0.37522300 0.06250000 0.03675600
0 0.27667400 0.64360100 0.55290200 0.71279800
0 0.58861600 0.46689000 0.66250000 0.47128000
0 0.70234400 0.31279800 0.31718800 0.26011900
0 0.42321400 0.19702400 0.51071400 0.25714300
