12 0.20711800 0.07317700 0.03784700 0.06666700
3 0.20520800 0.07864600 0.02395800 0.03906200
1 0.21059000 0.07070300 0.00833300 0.01849000
11 0.50503500 0.56341100 0.02395800 0.02682300
11 0.21024300 0.18385400 0.01631900 0.03177100
11 0.54218800 0.19830700 0.02083300 0.03880200
14 0.51076400 0.77825500 0.05208300 0.04140600
14 0.57144100 0.85950500 0.05781300 0.04557300
6 0.57109400 0.85911500 0.05538200 0.04010400
6 0.50989600 0.77421900 0.04722200 0.03229200
11 0.47118100 0.31237000 0.03263900 0.03724000
14 0.25277800 0.26744800 0.01736100 0.02864600
0 0.23324700 0.16002600 0.09982600 0.22838500
0 0.52691000 0.58398400 0.14652800 0.57838500
