12 0.09689800 0.26750900 0.02168100 0.03176600
12 0.51517700 0.22436200 0.18912600 0.20810400
3 0.50383600 0.27363700 0.13909300 0.10655300
1 0.59072700 0.24249600 0.03268800 0.05377700
1 0.43062000 0.24862400 0.01801200 0.03101600
11 0.34139400 0.84329700 0.07705100 0.11630800
11 0.68062000 0.84629800 0.08038700 0.11080500
16 0.09756500 0.32253600 0.05970600 0.07678800
16 0.03936000 0.39244600 0.02801900 0.07403700
16 0.52718500 0.59292100 0.33255500 0.48649300
10 0.50233500 0.17358700 0.22081400 0.10855400
10 0.02084700 0.33216600 0.02968600 0.02651300
10 0.09723100 0.26113100 0.03368900 0.02251100
16 0.28035400 0.39882400 0.05703800 0.08479200
0 0.54219500 0.56003000 0.51801200 0.87994000
0 0.09689800 0.34779900 0.06170800 0.20285100
0 0.32188100 0.32878900 0.02334900 0.08929500
