3 0.43638200 0.54074000 0.10653300 0.10345800
12 0.42512600 0.50448900 0.13105500 0.16791700
3 0.64452300 0.48210900 0.10753800 0.10251900
12 0.63809000 0.46877500 0.12201000 0.12918800
12 0.27919600 0.60989000 0.23397000 0.19673000
1 0.37678400 0.53524500 0.01547700 0.03430700
1 0.30783900 0.62858500 0.03557800 0.04945100
8 0.64512600 0.48472300 0.10673400 0.03162700
11 0.67658300 0.81580000 0.09648200 0.08965400
11 0.72211100 0.70792000 0.06854300 0.04864600
11 0.80452300 0.67837000 0.05407000 0.03966800
11 0.66974900 0.66316000 0.08241200 0.05454300
11 0.56874400 0.73244400 0.14170900 0.05266700
0 0.66231200 0.55152800 0.35859300 0.29335300
0 0.54432200 0.58925200 0.42613100 0.33905100
0 0.37165800 0.75489100 0.70834200 0.49021700
