3 0.73756000 0.37108100 0.03835500 0.06374700
3 0.54172400 0.54392300 0.03852800 0.04923600
3 0.32506900 0.51891700 0.03921900 0.06348800
12 0.54327900 0.51995300 0.04613000 0.10443100
12 0.75069100 0.35967900 0.06461600 0.09588000
12 0.32766100 0.50362800 0.04958500 0.09562100
1 0.76278500 0.37354200 0.01140300 0.02202600
1 0.56383900 0.52176700 0.00881100 0.02824600
1 0.34796100 0.51334500 0.01278500 0.02332200
1 0.30615100 0.50336900 0.00656500 0.02772700
11 0.33120200 0.68294900 0.04353800 0.04120200
11 0.34977500 0.67219500 0.02436100 0.03006000
11 0.64521400 0.44441600 0.03023500 0.04975400
11 0.71501400 0.50181400 0.03334500 0.05830500
8 0.53904600 0.53511300 0.03593600 0.02073100
8 0.32308200 0.50259100 0.03455400 0.02565400
0 0.53913300 0.57553800 0.17847300 0.22285600
0 0.30882900 0.56711600 0.18607500 0.24695500
0 0.71216300 0.64692900 0.17035200 0.67971000
