3 0.51406500 0.43631200 0.06607500 0.07740700
12 0.54634700 0.41271200 0.13215000 0.12385100
3 0.34944300 0.40321000 0.09288300 0.07891800
12 0.34972600 0.39251100 0.10100100 0.10107000
12 0.41202600 0.65154200 0.17651500 0.13404700
1 0.39503500 0.38502200 0.00849500 0.02467000
8 0.34765000 0.39559500 0.08854100 0.04052900
1 0.55550300 0.44594100 0.01755700 0.02290700
11 0.58561400 0.77526700 0.08193300 0.04845800
11 0.57419300 0.83373200 0.08174400 0.05387000
11 0.13007400 0.49106400 0.06683000 0.05097500
11 0.19935800 0.53134000 0.07438200 0.04845800
11 0.34142000 0.52479500 0.11685900 0.05525500
11 0.40721200 0.58049100 0.09779100 0.02643200
0 0.48612400 0.79301400 0.49499700 0.41397100
0 0.29535600 0.44682200 0.40230300 0.21120200
0 0.51378100 0.55708000 0.46309200 0.42467000
