12 0.50793200 0.46588200 0.08341900 0.10474200
3 0.50550200 0.48260000 0.07855700 0.06960100
12 0.07343900 0.38126900 0.10133100 0.08256600
3 0.04183700 0.38689900 0.03761500 0.06960100
0 0.08712900 0.52217700 0.17425800 0.36335700
0 0.49603400 0.56943000 0.47773800 0.30979200
11 0.01586500 0.60841000 0.02814700 0.03394700
11 0.01548100 0.56226500 0.03045000 0.04298900
1 0.07164800 0.39014000 0.02098300 0.02695300
11 0.29708300 0.67775500 0.07932400 0.09723600
8 0.04439600 0.37700400 0.04170900 0.01501200
