12 0.25525000 0.33625000 0.14383300 0.22850000
3 0.28700000 0.36212500 0.08266700 0.17775000
12 0.34791700 0.26637500 0.07516700 0.14675000
12 0.41041700 0.24100000 0.04483300 0.09550000
12 0.53925000 0.25012500 0.04350000 0.08575000
12 0.68650000 0.27787500 0.11900000 0.22875000
3 0.69466700 0.30800000 0.09933300 0.16750000
12 0.08475000 0.17587500 0.07216700 0.15425000
3 0.08816700 0.19962500 0.05700000 0.10775000
12 0.90683300 0.19037500 0.17833300 0.35025000
3 0.87766700 0.24337500 0.11733300 0.24625000
11 0.05375000 0.42562500 0.05350000 0.08075000
11 0.51441700 0.30062500 0.01550000 0.06325000
11 0.53566700 0.31625000 0.03566700 0.06100000
11 0.55041700 0.68837500 0.10383300 0.11675000
11 0.64133300 0.56700000 0.09500000 0.15350000
11 0.70616700 0.68612500 0.05466700 0.09125000
1 0.05491700 0.18137500 0.01383300 0.03375000
1 0.21683300 0.36012500 0.02266700 0.06025000
1 0.74200000 0.29025000 0.00866700 0.02600000
1 0.65075000 0.34100000 0.01983300 0.02850000
1 0.94391700 0.20937500 0.03816700 0.08975000
1 0.55591700 0.25912500 0.00883300 0.01975000
14 0.48500000 0.80350000 0.05266700 0.06900000
14 0.53133300 0.80087500 0.04533300 0.07275000
8 0.87425000 0.21962500 0.10416700 0.10575000
8 0.68933300 0.28550000 0.09033300 0.07550000
8 0.08833300 0.18400000 0.07100000 0.04300000
0 0.09008300 0.55000000 0.17983300 0.90000000
0 0.41283300 0.31287500 0.05000000 0.23925000
0 0.52441700 0.52225000 0.13150000 0.63550000
0 0.79833300 0.50600000 0.40333300 0.98800000
0 0.36450000 0.60887500 0.47133300 0.78225000
0 0.68125000 0.57962500 0.29350000 0.84075000
0 0.34341700 0.48262500 0.15883300 0.58125000
