3 0.59237500 0.37766700 0.17625000 0.11633300
3 0.41237500 0.22741700 0.11075000 0.10650000
3 0.21100000 0.23366700 0.07400000 0.07333300
12 0.59387500 0.31925000 0.23675000 0.23716700
12 0.93012500 0.30108300 0.13975000 0.23950000
12 0.44675000 0.21100000 0.18550000 0.15366700
12 0.23812500 0.20116700 0.14375000 0.12433300
1 0.48687500 0.21283300 0.03675000 0.04600000
1 0.26850000 0.21216700 0.03400000 0.04000000
11 0.39225000 0.62641700 0.19550000 0.05816700
11 0.48050000 0.69108300 0.20800000 0.06916700
11 0.22125000 0.49033300 0.10600000 0.06433300
11 0.04812500 0.39541700 0.07775000 0.04383300
11 0.72250000 0.79683300 0.18500000 0.06800000
11 0.76850000 0.88508300 0.22800000 0.10416700
0 0.81100000 0.57008300 0.37800000 0.73650000
0 0.23250000 0.27933300 0.44900000 0.29533300
0 0.62975000 0.47400000 0.67300000 0.54900000
0 0.37225000 0.32558300 0.42200000 0.39383300
