12 0.30822600 0.41800200 0.17200900 0.18999300
3 0.32398500 0.46367500 0.13942300 0.10042700
12 0.61792200 0.25605400 0.16266000 0.16239300
3 0.62954100 0.29629600 0.12927400 0.08190900
12 0.80048100 0.42192000 0.22382500 0.18322600
3 0.77110000 0.46358600 0.13995700 0.09846900
1 0.24091900 0.42022800 0.02884600 0.03276400
1 0.84308200 0.43028800 0.02911300 0.04611800
14 0.43669900 0.95779900 0.18322600 0.08440200
11 0.47529400 0.62767100 0.09695500 0.05092600
0 0.27243600 0.65981100 0.54433800 0.67254300
0 0.83493600 0.54344700 0.32959400 0.42770700
0 0.63047500 0.46100400 0.40892100 0.57122500
