12 0.52419600 0.35096400 0.06109800 0.05027900
12 0.82143800 0.42926700 0.08840200 0.09082700
12 0.92646700 0.41349800 0.10867800 0.07514900
12 0.18031900 0.40205400 0.09786400 0.07893300
3 0.52527700 0.35150500 0.04974300 0.04054800
3 0.89199800 0.41737200 0.02838600 0.05298300
3 0.22600700 0.43052800 0.02541200 0.04289100
3 0.21938400 0.41430900 0.01973500 0.04433200
1 0.20275800 0.41899400 0.01135400 0.01838200
1 0.50040600 0.35646100 0.00919200 0.01189400
1 0.91335500 0.42205800 0.01162500 0.02090500
11 0.74344400 0.54559400 0.04812100 0.02613100
11 0.69518800 0.51117300 0.04568800 0.02973500
11 0.51527400 0.47179700 0.03352300 0.03099700
11 0.46134100 0.51153400 0.02189800 0.03189800
11 0.78021100 0.53667300 0.04271400 0.02991500
11 0.39091600 0.54712600 0.03730700 0.03027600
8 0.52798100 0.35060400 0.04325500 0.02072400
8 0.88983500 0.41494000 0.03271200 0.01784100
8 0.78453600 0.41854400 0.00811000 0.01639900
14 0.48742900 0.64993700 0.06596400 0.05172100
14 0.60948900 0.64768400 0.04244400 0.05226200
14 0.68221100 0.71823800 0.11273300 0.06541700
14 0.63206300 0.69408900 0.09786400 0.04271000
14 0.59637700 0.70472200 0.04595800 0.02721200
14 0.40348700 0.72697800 0.09651300 0.05406400
14 0.44120000 0.71886800 0.05839400 0.03784500
0 0.53920000 0.49630600 0.18086000 0.35934400
0 0.28656400 0.56226300 0.35685300 0.40656000
0 0.85685300 0.51063300 0.25439300 0.27914900
0 0.78372500 0.47215700 0.20113500 0.16831900
