3 0.60625000 0.25737500 0.13116700 0.21975000
3 0.11608300 0.32475000 0.12583300 0.18050000
12 0.66750000 0.22112500 0.25133300 0.39175000
12 0.13075000 0.25975000 0.15416700 0.29250000
1 0.69591700 0.24912500 0.03516700 0.07275000
1 0.19216700 0.27212500 0.03266700 0.08975000
11 0.49658300 0.45837500 0.12350000 0.26875000
11 0.45791700 0.47250000 0.05616700 0.10850000
11 0.05016700 0.78700000 0.08433300 0.09900000
11 0.03616700 0.39700000 0.07233300 0.21850000
8 0.08416700 0.27325000 0.08333300 0.06300000
0 0.17825000 0.46525000 0.35650000 0.71550000
0 0.62150000 0.50462500 0.46100000 0.96825000
