12 0.14198900 0.86250000 0.01413700 0.02295900
12 0.20188500 0.78724500 0.00942500 0.01938800
12 0.67224700 0.29387800 0.01016900 0.02142900
12 0.49119500 0.36428600 0.00768800 0.01938800
12 0.28856600 0.29413300 0.00620000 0.01479600
12 0.04253500 0.21811200 0.00669600 0.01377600
12 0.21242600 0.57908200 0.01116100 0.02142900
12 0.26971700 0.57525500 0.01215300 0.01887800
12 0.20548100 0.65484700 0.01215300 0.02193900
12 0.84585800 0.09693900 0.00818500 0.01326500
12 0.86346700 0.13265300 0.00768800 0.01632700
12 0.75632400 0.07780600 0.00570400 0.01479600
12 0.89384900 0.32627600 0.00744000 0.01479600
11 0.13020800 0.85816300 0.00496000 0.00918400
11 0.20994500 0.79719400 0.00471200 0.00765300
11 0.23127500 0.58494900 0.00868100 0.01275500
11 0.20684500 0.69693900 0.00644800 0.00918400
11 0.26884900 0.61250000 0.00595200 0.00867300
11 0.50384400 0.38418400 0.00372000 0.00714300
11 0.04811500 0.24336700 0.00347200 0.00714300
11 0.66579900 0.32423500 0.00471200 0.01173500
11 0.86073900 0.16913300 0.00421600 0.00765300
11 0.76116100 0.10025500 0.00347200 0.00663300
11 0.87673600 0.36734700 0.00396800 0.00918400
3 0.86309500 0.13622400 0.00496000 0.01020400
14 0.84052600 0.17142900 0.00793700 0.00816300
14 0.83147300 0.16836700 0.00471200 0.00816300
6 0.22371000 0.72117300 0.00942500 0.01071400
6 0.22011400 0.71224500 0.00818500 0.01020400
14 0.13690500 0.92346900 0.01388900 0.01530600
12 0.34040200 0.59693900 0.00868100 0.01428600
0 0.04761900 0.23979600 0.01835300 0.05816300
0 0.28980700 0.29515300 0.01413700 0.05459200
0 0.13405300 0.89132700 0.03001000 0.08265300
0 0.20213300 0.82321400 0.02827400 0.09744900
0 0.21416200 0.68418400 0.03149800 0.08673500
0 0.27467800 0.59846900 0.02306500 0.06326500
0 0.21813000 0.60382700 0.03695400 0.07500000
0 0.33457300 0.59923500 0.02182500 0.04744900
0 0.49590800 0.40586700 0.02356200 0.10255100
0 0.67199900 0.30816300 0.01860100 0.05408200
0 0.88529300 0.37015300 0.03348200 0.10255100
0 0.86470700 0.14923500 0.01364100 0.04846900
0 0.83978200 0.13418400 0.02232100 0.08775500
0 0.75471200 0.09005100 0.01488100 0.04132700
