3 0.80102400 0.31143900 0.04484500 0.03042500
11 0.73923000 0.31910400 0.01165300 0.03018900
11 0.73605200 0.40813700 0.03707600 0.02570800
11 0.30596800 0.54976400 0.02718900 0.03349100
11 0.36175800 0.38172200 0.01730200 0.02617900
14 0.36440700 0.67122600 0.03742900 0.03066000
14 0.35257800 0.56839600 0.06038100 0.03773600
14 0.36423000 0.54398600 0.02507100 0.02759400
14 0.72969600 0.58832500 0.08792400 0.03042500
14 0.90324900 0.49304200 0.05367200 0.05542500
10 0.82044500 0.27665100 0.11052300 0.04905700
10 0.30791000 0.27275900 0.09039500 0.05967000
10 0.19615100 0.33195800 0.11264100 0.04976400
16 0.30473200 0.36155700 0.13206200 0.16226400
16 0.21416000 0.47193400 0.19738700 0.18962300
16 0.83192100 0.39268900 0.13983100 0.14481100
0 0.24841100 0.50306600 0.27083300 0.40424500
0 0.32132800 0.41839600 0.16384200 0.35330200
0 0.79254900 0.42995300 0.23269800 0.35660400
0 0.04237300 0.27299500 0.08474600 0.08938700
