12 0.10550200 0.43393900 0.21100400 0.21189500
3 0.16039000 0.44765000 0.10016000 0.18269200
12 0.67614900 0.25267100 0.25080100 0.20584000
3 0.63408100 0.29140000 0.16453000 0.12553400
1 0.08867500 0.47792000 0.05769200 0.03525600
1 0.73410800 0.26397800 0.04193400 0.04861100
11 0.21274000 0.45708700 0.06383500 0.10683800
11 0.42508000 0.74314500 0.18028800 0.09277100
11 0.56730800 0.64093700 0.07318400 0.08636000
11 0.63955700 0.61066600 0.15731800 0.07425200
0 0.76615900 0.57416300 0.46768200 0.85167400
0 0.30008000 0.66408500 0.60016000 0.67183000
