9 0.26220600 0.42372900 0.18839400 0.37405000
9 0.75094500 0.45748100 0.21042200 0.36382200
9 0.71206600 0.83620700 0.18790100 0.12478100
9 0.39199400 0.85198700 0.12576000 0.11075400
12 0.62008900 0.26081200 0.16537900 0.36499100
12 0.43153000 0.25686700 0.23080700 0.42197500
3 0.61860900 0.29748700 0.13710300 0.26651100
3 0.41706400 0.29938600 0.15847400 0.29661000
8 0.62033500 0.26431900 0.12806200 0.13121000
8 0.41205000 0.30157800 0.15600900 0.27001800
13 0.22456000 0.51198100 0.44912000 0.75569800
13 0.69217500 0.64976600 0.49958900 0.52396300
0 0.27494700 0.45499700 0.54989300 0.90999400
0 0.69398300 0.49152500 0.50715100 0.84044400
