12 0.24944900 0.41370600 0.13103600 0.21293100
3 0.27679800 0.43735000 0.07513500 0.16671100
12 0.34852700 0.19596600 0.08996200 0.18033700
3 0.35694200 0.22936100 0.06992600 0.11247700
12 0.51743100 0.16924900 0.08194800 0.18354300
3 0.51913400 0.19543100 0.06932500 0.13117800
12 0.67741900 0.27598200 0.10619100 0.17312300
3 0.66129000 0.30336600 0.07473500 0.11888900
12 0.80324600 0.41651100 0.14666400 0.18381000
3 0.77008600 0.43454400 0.07914200 0.14881100
11 0.30144300 0.81846100 0.08114600 0.10713300
11 0.35323600 0.63411700 0.06050900 0.08843200
11 0.43247800 0.56131400 0.06111000 0.02511400
11 0.51643000 0.50574400 0.04788600 0.08923300
11 0.50631100 0.58910000 0.06772200 0.06999700
11 0.63053500 0.73296800 0.04928900 0.04568500
11 0.64365900 0.84744900 0.09236600 0.09083600
11 0.69465000 0.44696800 0.05810500 0.03847200
1 0.23642600 0.39994700 0.02043700 0.05663900
1 0.31336400 0.20959100 0.01602900 0.04301400
1 0.48036500 0.17339000 0.00901600 0.03686900
1 0.55600100 0.16644400 0.00480900 0.03686900
1 0.81316400 0.47007700 0.02063700 0.03499900
0 0.51302300 0.35065500 0.19615300 0.54688800
0 0.68914000 0.36401300 0.17892200 0.38071100
0 0.33720700 0.32661000 0.25245400 0.49345400
0 0.21809300 0.65228400 0.43618500 0.69543100
0 0.76668000 0.66283700 0.36806300 0.67432500
