12 0.36951500 0.52913300 0.09375000 0.16235100
12 0.54537900 0.64529400 0.06516000 0.10732100
12 0.41622300 0.39579200 0.07712800 0.10333700
12 0.87126000 0.29307800 0.08294500 0.13496000
3 0.37799200 0.55465600 0.05152900 0.10831700
3 0.43126700 0.40214100 0.04006000 0.08715100
3 0.85837800 0.31100600 0.05352400 0.09362500
8 0.37832400 0.54083700 0.04953500 0.03934300
1 0.34690800 0.53946700 0.01296500 0.03361600
1 0.56948100 0.65488000 0.01296500 0.02888400
1 0.89112400 0.29643900 0.01429500 0.04009000
11 0.29571100 0.57694200 0.03623700 0.03984100
11 0.41688800 0.71426800 0.05984000 0.07495000
11 0.43442500 0.73779900 0.03906200 0.04980100
11 0.54770600 0.72895900 0.03723400 0.02913300
11 0.86835100 0.56063200 0.05585100 0.05552800
11 0.80028300 0.55839100 0.02775900 0.06349600
0 0.53282900 0.67280900 0.17137600 0.15936300
0 0.88389300 0.61167800 0.19431500 0.77415300
0 0.39901900 0.55117000 0.24518000 0.41558800
0 0.35438800 0.68862100 0.20046500 0.47983100
