12 0.50762500 0.28316700 0.19925000 0.22433300
12 0.83037500 0.31808300 0.33925000 0.21716700
3 0.75525000 0.38258300 0.12200000 0.08916700
3 0.49825000 0.31841700 0.17100000 0.15383300
1 0.59325000 0.28766700 0.02650000 0.05166700
1 0.41262500 0.26508300 0.00725000 0.02416700
11 0.68800000 0.62950000 0.05050000 0.07633300
11 0.47325000 0.59391700 0.14500000 0.06916700
11 0.47387500 0.66183300 0.16525000 0.08966700
11 0.29712500 0.61891700 0.10525000 0.07016700
0 0.47587500 0.58500000 0.57775000 0.83000000
0 0.70050000 0.60475000 0.59900000 0.79050000
