12 0.21999500 0.22606400 0.21489000 0.16223400
12 0.77191200 0.32039600 0.19223100 0.14045900
1 0.79033900 0.33976100 0.03286900 0.02925500
1 0.19746000 0.25515300 0.02838600 0.03889600
3 0.72796300 0.32887300 0.10134500 0.08959400
3 0.26917300 0.26587400 0.11304800 0.08693500
11 0.55079700 0.40616700 0.10408400 0.05236000
11 0.50585200 0.45802900 0.10732100 0.06166900
11 0.56324700 0.61727100 0.07619500 0.05867700
11 0.57034400 0.62757600 0.06797800 0.04438200
7 0.21314700 0.35380700 0.19023900 0.14677500
0 0.37213625 0.55302500 0.74427250 0.83543900
0 0.71389400 0.56632300 0.38844600 0.65159600
14 0.63956700 0.92744300 0.21190200 0.07264000
14 0.63421300 0.82106100 0.05478100 0.04604400
14 0.70169300 0.83793200 0.16733100 0.05817800
14 0.32358100 0.88090100 0.17056800 0.08128300
6 0.59325200 0.89727400 0.08142400 0.03158200
6 0.29096100 0.82887300 0.08789800 0.05468800
