12 0.36014700 0.85558100 0.12384300 0.20499000
12 0.75829500 0.82896100 0.13387300 0.20113200
12 0.15335600 0.04398125 0.11496900 0.08796250
3 0.16714900 0.04449600 0.08815600 0.08796300
11 0.29427100 0.85442400 0.03260000 0.04989700
11 0.58111500 0.70241800 0.07426700 0.07561700
11 0.91194100 0.73379600 0.04996100 0.10030900
11 0.59702900 0.05889900 0.05594100 0.11779800
11 0.54485000 0.12024200 0.06500800 0.12165600
11 0.34384600 0.40740700 0.06346500 0.09670800
1 0.72453700 0.88271600 0.01234600 0.02057600
1 0.30410900 0.87075600 0.01138100 0.03575100
0 0.18788600 0.22736625 0.37577200 0.45473250
0 0.35648100 0.87615700 0.36998500 0.24768500
0 0.74498500 0.83166175 0.40354900 0.33667650
0 0.55073300 0.09130700 0.14660500 0.18261300
