12 0.27652600 0.54626000 0.15882000 0.13277300
3 0.31955400 0.57337000 0.07186300 0.07765100
12 0.81133100 0.54430800 0.12142400 0.11865400
3 0.80412300 0.57292000 0.09033600 0.05992800
1 0.85965300 0.55872600 0.02162600 0.02403100
1 0.27134500 0.56608600 0.02410500 0.02192900
10 0.28407300 0.51824900 0.18923200 0.07765100
10 0.80434800 0.51494400 0.15341300 0.06473400
8 0.32225700 0.55609800 0.05339000 0.02358100
8 0.79950400 0.55316900 0.09912100 0.02222900
0 0.22482525 0.67407600 0.44965050 0.39291100
0 0.79725200 0.70764500 0.38567200 0.44863300
7 0.11545400 0.80422000 0.15611600 0.13142100
9 0.11703100 0.75525700 0.07727000 0.08846500
9 0.40256800 0.83448500 0.08155000 0.06939000
9 0.95348100 0.86805300 0.07096200 0.08966700
9 0.63516600 0.80407000 0.06600600 0.09056800
