12 0.31466700 0.29912500 0.09900000 0.19975000
3 0.29825000 0.32512500 0.06683300 0.14975000
12 0.46450000 0.24500000 0.13666700 0.22500000
3 0.44241700 0.25450000 0.09216700 0.20500000
12 0.66908300 0.30562500 0.15816700 0.30375000
3 0.65291700 0.34087500 0.12316700 0.23075000
11 0.32033300 0.34412500 0.05833300 0.07125000
11 0.33875000 0.42312500 0.05816700 0.13125000
11 0.42058300 0.74062500 0.07816700 0.07825000
11 0.62416700 0.76725000 0.04933300 0.08050000
0 0.46458300 0.42675000 0.30983300 0.59000000
0 0.63391700 0.56287500 0.50450000 0.81775000
2 0.34933300 0.26850000 0.03733300 0.11800000
2 0.45683300 0.22875000 0.13066700 0.20850000
2 0.67766700 0.31500000 0.14166700 0.34300000
2 0.21208300 0.71875000 0.12116700 0.08050000
0 0.34008300 0.41787500 0.16350000 0.44075000
