12 0.81157400 0.42999500 0.08354600 0.08090600
3 0.81783300 0.43808600 0.07153800 0.06404400
12 0.37148700 0.43672300 0.09708700 0.09810900
3 0.37902400 0.45333000 0.07690300 0.06489500
11 0.83073600 0.78819600 0.17501300 0.06114800
11 0.59018900 0.77576200 0.11139500 0.07613700
11 0.89486500 0.56310700 0.08405700 0.02282400
8 0.38796600 0.45418200 0.07434800 0.02026900
8 0.82179400 0.43169800 0.07485900 0.02197200
0 0.35679600 0.50928300 0.26136900 0.24016400
0 0.81336200 0.48151900 0.26443500 0.18770200
2 0.37519200 0.44106600 0.10296400 0.08976300
2 0.80850800 0.42633300 0.07741400 0.07528500
0 0.76724600 0.86884700 0.46550800 0.26230600
