12 0.53820800 0.26069600 0.12028300 0.27474800
12 0.36533000 0.61514300 0.05235800 0.09102300
3 0.56143900 0.31711400 0.07051900 0.14597300
3 0.37181600 0.63611600 0.03278300 0.04656000
1 0.58066000 0.22252500 0.02641500 0.06333900
1 0.37169800 0.59941300 0.01226400 0.01929500
9 0.58101400 0.72357400 0.06202800 0.11996600
9 0.43714600 0.74685400 0.08089600 0.17575500
9 0.22464600 0.80243300 0.02287700 0.04026800
0 0.65342000 0.46518500 0.50589600 0.75587200
0 0.43301900 0.66338100 0.19056600 0.32760100
0 0.21745300 0.69169500 0.18113200 0.28607400
0 0.06521225 0.75713100 0.13042450 0.19630900
