12 0.79541300 0.47203900 0.04733200 0.08552600
3 0.79431700 0.49629900 0.03051900 0.03536200
3 0.75822400 0.44654600 0.02010200 0.02521900
1 0.81094700 0.47998900 0.00895500 0.02302600
9 0.74013200 0.67050400 0.03106700 0.03782900
9 0.76041700 0.59786200 0.02521900 0.03179800
9 0.72715600 0.54742300 0.01388900 0.03837700
9 0.59530300 0.68105800 0.02503700 0.02768600
9 0.51206100 0.68009900 0.02046800 0.03179800
9 0.21948100 0.61019700 0.02375700 0.02467100
9 0.14574200 0.63157900 0.02138200 0.02741200
10 0.79495600 0.45504400 0.05043900 0.04714900
0 0.80674300 0.55811400 0.16538700 0.25438600
0 0.77229500 0.50438600 0.10782200 0.21546100
0 0.50630500 0.59745100 0.20742000 0.26891400
0 0.16292000 0.56620100 0.14053400 0.18777400
15 0.49725900 0.60800400 0.17763200 0.20339900
15 0.16255500 0.58059200 0.12737600 0.12390400
15 0.81962700 0.59388700 0.14619900 0.20093200
15 0.76964500 0.52275200 0.07474400 0.15021900
