12 0.52857100 0.16180600 0.31964300 0.29265900
3 0.53065500 0.22132900 0.27381000 0.17559500
9 0.67559500 0.60545600 0.19881000 0.17004000
11 0.41860100 0.45009900 0.19910700 0.12043700
0 0.60461300 0.34980200 0.77172600 0.66944400
7 0.67187500 0.80148800 0.29136900 0.15297600
7 0.62247000 0.71607100 0.38660700 0.05793700
7 0.61577400 0.75863100 0.31309500 0.06964300
7 0.10253000 0.79960300 0.20506000 0.07341300
7 0.13928600 0.70357100 0.13690500 0.04920600
7 0.47321400 0.48650800 0.06666700 0.19484100
