3 0.33621600 0.28978200 0.08066700 0.16624600
12 0.33437900 0.26452400 0.09566800 0.21768100
3 0.66056900 0.19563700 0.06750300 0.15384600
12 0.67855500 0.17772700 0.10561800 0.19517800
11 0.34784900 0.50045900 0.08189200 0.08656700
11 0.56352400 0.48840400 0.07393200 0.08036700
11 0.60592400 0.46440900 0.07332000 0.07416800
14 0.48155500 0.84041300 0.10133200 0.14879400
14 0.54094600 0.94959800 0.12612900 0.10080400
8 0.33591000 0.28048200 0.08250400 0.05533900
1 0.29381600 0.27577500 0.01454200 0.04500600
1 0.37815700 0.28587800 0.00994900 0.04316900
0 0.65666600 0.53616500 0.45216600 0.92766900
0 0.27514200 0.57669300 0.31578100 0.84661300
