12 0.34144000 0.33557100 0.24491100 0.26971400
12 0.88418700 0.39178600 0.23162600 0.28071400
3 0.88632975 0.43471400 0.22734050 0.17800000
3 0.35258200 0.38692900 0.21362800 0.15985700
1 0.46025300 0.34885700 0.02528400 0.05685700
11 0.45746700 0.91292900 0.13927600 0.05585700
11 0.21587700 0.43864300 0.11034900 0.13871400
11 0.80887100 0.88385700 0.25498200 0.10171400
8 0.35643900 0.39528600 0.18877200 0.07771400
8 0.83447600 0.44071400 0.17248800 0.07628600
0 0.35986700 0.59307100 0.66231000 0.81385700
0 0.67859400 0.64207100 0.64281100 0.71585700
