12 0.37516100 0.58958500 0.08353200 0.07673500
12 0.53524900 0.59001300 0.06958000 0.07098300
3 0.53524900 0.60665800 0.05415800 0.03402300
3 0.38213700 0.60751400 0.05342400 0.03622600
1 0.56737700 0.59325700 0.01046400 0.01627700
1 0.35037600 0.59588800 0.01266800 0.01884700
11 0.41683500 0.68339200 0.05599400 0.02741400
11 0.45538800 0.70199500 0.02551900 0.02105000
9 0.60106500 0.75927100 0.05617800 0.04968800
9 0.47888700 0.74109700 0.04240900 0.04124300
2 0.48926000 0.74691000 0.04810000 0.04063200
14 0.36203400 0.93171000 0.07710700 0.02790400
14 0.41371400 0.93036300 0.04424500 0.03010600
14 0.53497300 0.93348400 0.08151300 0.02680200
14 0.62988800 0.94131700 0.04956900 0.03757200
8 0.49577700 0.71356000 0.02551900 0.03879600
0 0.38204500 0.73760900 0.17991600 0.38453100
0 0.56287900 0.75633300 0.21479700 0.40998700
16 0.37672100 0.66864500 0.14393200 0.13792700
10 0.53598300 0.57373600 0.07582200 0.02545600
10 0.37993400 0.57275700 0.08867300 0.03965200
