12 0.78634000 0.45928600 0.11838900 0.21618100
12 0.45437800 0.25151000 0.12767100 0.27817200
12 0.23782800 0.40202300 0.10648000 0.18781200
3 0.46068300 0.27830300 0.09684800 0.22353600
3 0.24430800 0.41555000 0.08581400 0.15445200
3 0.79492100 0.47819800 0.09842400 0.17678000
1 0.50989500 0.25912800 0.00928200 0.05752600
1 0.40770600 0.28079900 0.01891400 0.05883900
1 0.74080600 0.46572100 0.01681300 0.04675600
1 0.19851100 0.42316800 0.01663700 0.04623100
11 0.54220700 0.53690600 0.09842400 0.14289500
11 0.72373000 0.78237500 0.07338000 0.06540600
11 0.76383500 0.81678500 0.10595400 0.07171000
11 0.26838900 0.71775700 0.06147100 0.07643800
11 0.23169900 0.73863900 0.06795100 0.08195400
8 0.25271500 0.41607600 0.06935200 0.04307900
0 0.79098100 0.66325200 0.26672500 0.66666700
0 0.49781100 0.55371700 0.40507900 0.89256600
0 0.19211900 0.64867300 0.23782800 0.70265300
