12 0.53485700 0.44422900 0.06119300 0.13013200
3 0.52749800 0.47095300 0.04802500 0.07591000
1 0.55189800 0.45488000 0.01007000 0.03137100
12 0.61438200 0.53233900 0.05654500 0.11735100
3 0.60108400 0.55131700 0.02891800 0.07862100
1 0.62019100 0.55383400 0.00929500 0.01394300
9 0.47418000 0.73082900 0.04725000 0.06971300
0 0.53588900 0.57087500 0.17015200 0.39349300
0 0.61476900 0.61890000 0.15491900 0.30519000
8 0.59824400 0.54976800 0.02323800 0.02517400
11 0.55422200 0.68009300 0.03382400 0.06274200
11 0.58055800 0.71068900 0.02866000 0.06041800
