3 0.34560400 0.23231300 0.14898200 0.12041600
12 0.37353800 0.21556500 0.20744900 0.15506800
1 0.35340000 0.20026000 0.05197100 0.02743300
8 0.36336100 0.22639300 0.05630100 0.11492900
11 0.39605900 0.49047100 0.08185400 0.06786000
11 0.08510200 0.47458900 0.06972700 0.09962500
14 0.12213100 0.71469800 0.24426200 0.05890800
6 0.11238600 0.71195500 0.22044200 0.04880200
7 0.26396700 0.76017900 0.11476800 0.04764700
7 0.54136000 0.60655500 0.57427500 0.30233900
0 0.23949800 0.42578700 0.47899500 0.66676300
