12 0.47996800 0.58805200 0.07318400 0.07140300
3 0.48397400 0.59294900 0.06463700 0.06089700
12 0.72048600 0.57790200 0.07772400 0.06214400
3 0.71674700 0.58751800 0.05475400 0.04184500
1 0.44791700 0.58101900 0.00908100 0.01745000
1 0.74505900 0.58867500 0.01201900 0.01673800
11 0.41933800 0.76362200 0.04647400 0.05217200
11 0.46634600 0.76736100 0.05074800 0.03650300
11 0.78231800 0.75712300 0.04594000 0.01638200
11 0.68816800 0.76086200 0.03766000 0.04273500
0 0.69885100 0.68402800 0.19364300 0.27546300
0 0.44778300 0.69177400 0.28231800 0.27955800
7 0.82465300 0.75756800 0.07398500 0.03222900
