12 0.09217900 0.72191800 0.05439800 0.06560600
3 0.09995000 0.72751000 0.03852500 0.05243500
12 0.55853200 0.67196800 0.04828000 0.07355900
12 0.45957300 0.23620800 0.04480800 0.09617300
3 0.46172300 0.25422500 0.03554900 0.05914500
12 0.69022800 0.31175400 0.04976900 0.09120300
3 0.68378000 0.33051700 0.03554900 0.05069600
12 0.80795300 0.53280300 0.04414700 0.08051700
3 0.80605200 0.54845900 0.03207700 0.04771400
0 0.10598500 0.77137200 0.13591300 0.45725600
0 0.56200400 0.75621275 0.13822800 0.48757450
0 0.45949100 0.46769400 0.13359800 0.56013900
0 0.67774500 0.53628200 0.12665300 0.54522900
0 0.79976900 0.60959200 0.11805600 0.23508900
6 0.64120400 0.79137700 0.05158700 0.03404600
6 0.71850200 0.73832000 0.02695100 0.03528800
6 0.47767900 0.71483600 0.02149500 0.06287300
11 0.14252600 0.55342900 0.02149500 0.02186900
11 0.40219900 0.49192300 0.01901500 0.05044700
11 0.51736100 0.49105400 0.01653400 0.04274400
11 0.51645200 0.53578500 0.01967600 0.04771400
11 0.59259300 0.56386700 0.03736800 0.04622300
11 0.64525500 0.52572100 0.02529800 0.04249500
11 0.80481200 0.70439900 0.03158100 0.04398600
6 0.77306500 0.69806200 0.02463600 0.03926400
1 0.07415700 0.72800700 0.00876300 0.01814100
1 0.44080700 0.23620800 0.00661400 0.02062600
1 0.70461300 0.32119800 0.01107800 0.02112300
1 0.57705000 0.68762400 0.01025100 0.01491100
14 0.01008600 0.73931400 0.02017200 0.02534800
14 0.01711300 0.72229100 0.01868400 0.01963200
14 0.03009300 0.77062600 0.01719600 0.02932400
14 0.04786700 0.75521900 0.01736100 0.02683900
14 0.14194800 0.73409500 0.01967600 0.02336000
14 0.16021800 0.73185900 0.02083300 0.02336000
14 0.16956000 0.77373300 0.02430600 0.03305200
14 0.18295300 0.77249000 0.01769200 0.02957300
14 0.20825100 0.69868300 0.01471600 0.02261400
14 0.18692100 0.70029800 0.00711000 0.01292200
14 0.20866400 0.80889700 0.03439200 0.03479100
14 0.22371000 0.81958300 0.03935200 0.03379700
14 0.24032700 0.79485600 0.03488800 0.02559600
14 0.26347600 0.79920500 0.01603800 0.03131200
14 0.27116400 0.81274900 0.01752600 0.04001000
14 0.28397800 0.81784300 0.02430600 0.03578500
14 0.77347900 0.70725600 0.02546300 0.03230600
