3 0.35048500 0.21777300 0.13111200 0.12988300
12 0.35011900 0.17999300 0.16260800 0.20349100
3 0.76551900 0.36016800 0.13825300 0.12585400
12 0.79555000 0.33667000 0.19941400 0.16943400
12 0.41485100 0.74218800 0.28840900 0.22485400
1 0.28200000 0.20660400 0.00732500 0.02648900
8 0.75874400 0.35784900 0.12543500 0.04602100
1 0.28218300 0.76898200 0.02343900 0.03967300
11 0.13532300 0.46160900 0.06811900 0.05529800
11 0.28080900 0.50476100 0.10492600 0.07543900
11 0.67927100 0.64086900 0.10748900 0.08398400
11 0.72926200 0.64209000 0.14154900 0.08081100
11 0.78007700 0.76342800 0.14869100 0.06860400
0 0.76103300 0.46649200 0.47793400 0.43225100
0 0.29133900 0.33563200 0.42226700 0.55163600
0 0.45705900 0.80474875 0.85442200 0.39050250
