12 0.23115500 0.28228100 0.15565900 0.11963300
3 0.23465600 0.30507200 0.10805100 0.07716200
12 0.36371100 0.29744900 0.09311600 0.07498400
3 0.37397900 0.30709400 0.06511100 0.05569400
12 0.86312700 0.23218700 0.18459700 0.11216600
3 0.83745600 0.23483200 0.13325600 0.10625400
11 0.20093300 0.52955800 0.07141200 0.09427500
11 0.43068800 0.52893600 0.11598600 0.07094000
11 0.46394400 0.47339800 0.06067700 0.04231500
11 0.66452700 0.51968000 0.13372200 0.06642800
1 0.91050200 0.25809000 0.03944000 0.03080300
14 0.15052500 0.79916000 0.16942800 0.08556300
14 0.61376900 0.90362500 0.11295200 0.10625400
14 0.52975500 0.76252300 0.12368700 0.06269400
14 0.41096800 0.81852800 0.22590400 0.09505300
8 0.76347700 0.36131000 0.06884500 0.06642800
8 0.39930000 0.39164600 0.02287000 0.04589300
8 0.17689600 0.36893300 0.01960300 0.06487200
0 0.18436400 0.52878000 0.36826100 0.62414400
0 0.44749100 0.52675800 0.28681400 0.53391400
0 0.63453900 0.56386100 0.73092200 0.78298100
