12 0.37842700 0.51717800 0.02604200 0.02119900
3 0.37390400 0.51809200 0.01589900 0.01571600
12 0.43064700 0.52494500 0.01151300 0.01224400
12 0.88062000 0.54376800 0.01781800 0.01443700
12 0.86636500 0.54038700 0.01617300 0.01535100
3 0.86622800 0.54057000 0.01096500 0.01023400
12 0.73821300 0.51498500 0.03673200 0.02558500
12 0.70600300 0.51946300 0.02768600 0.02503700
12 0.66790000 0.51398000 0.02055900 0.02138200
12 0.68338800 0.52074200 0.01096500 0.01626500
12 0.80345400 0.53983900 0.01809200 0.01462000
1 0.73231900 0.52101600 0.00411200 0.00731000
11 0.80194600 0.54148400 0.01123900 0.00877200
11 0.81277400 0.53636700 0.00767500 0.00548200
11 0.85128800 0.55848000 0.00849800 0.00657900
11 0.87171100 0.54733200 0.00767500 0.00621300
0 0.37280700 0.53207200 0.05263200 0.05537300
0 0.85512600 0.55784000 0.04194100 0.04915900
0 0.42900200 0.52768600 0.02686400 0.01845800
0 0.74671100 0.52969700 0.05372800 0.05902800
0 0.80235700 0.57675400 0.05975900 0.08845000
