11 0.28509500 0.40807500 0.05334500 0.10309500
11 0.79101600 0.77632300 0.09277300 0.07269700
11 0.55163600 0.56647100 0.04711900 0.04486400
3 0.56982400 0.31981300 0.10644500 0.18513100
3 0.37890600 0.21159100 0.11718800 0.16462200
12 0.37286400 0.14859900 0.12756300 0.29719800
12 0.58477800 0.27485800 0.13708500 0.26954800
1 0.63018800 0.29381100 0.02893100 0.06537300
1 0.31634500 0.14869100 0.01940900 0.06665400
0 0.32623300 0.38921425 0.26965300 0.77842850
0 0.66711400 0.47399700 0.35180700 0.67991200
