12 0.84591900 0.09431600 0.10494200 0.18821600
12 0.33946400 0.15479900 0.11091100 0.17926300
3 0.85751000 0.15136400 0.06343700 0.06870700
3 0.31454700 0.18686200 0.05496900 0.11388700
1 0.86889200 0.11253400 0.01957200 0.03643600
1 0.30108300 0.14324400 0.01304800 0.03414500
11 0.79580800 0.47314200 0.06746300 0.03227100
11 0.80962000 0.33937100 0.02984500 0.07412000
11 0.34099100 0.49739700 0.06649100 0.03123000
11 0.25999400 0.38548800 0.05080500 0.07682700
14 0.27713800 0.91026400 0.07121000 0.06995600
14 0.92712400 0.96429300 0.12715200 0.05225900
14 0.89609900 0.92442200 0.04900100 0.02540100
14 0.18038600 0.97137200 0.07176600 0.04684600
8 0.85029200 0.11846800 0.05427500 0.08453100
0 0.24521100 0.52696200 0.30774600 0.92109100
0 0.88173200 0.49448300 0.23653500 0.98854900
7 0.25971700 0.44565900 0.10466400 0.12471400
7 0.81322900 0.38132400 0.07204300 0.14345200
10 0.35584400 0.15313300 0.08398100 0.16885300
10 0.84425300 0.08942300 0.10383100 0.16468900
