12 0.94362500 0.43514000 0.11275000 0.28344100
12 0.49127900 0.15898100 0.11652600 0.23381900
12 0.16328000 0.65655300 0.21794600 0.35086300
12 0.07651500 0.47977300 0.15303000 0.26806900
3 0.94119800 0.46979500 0.09530700 0.20927700
3 0.47203700 0.20118700 0.07588600 0.14239500
1 0.23646800 0.75539400 0.03704400 0.09654800
1 0.99154800 0.44134300 0.01690300 0.06823100
11 0.87799000 0.58279400 0.07390800 0.11866200
11 0.68369000 0.82106300 0.06581600 0.08980600
11 0.39831000 0.72438000 0.02841200 0.04368900
11 0.62210000 0.73449300 0.06527600 0.11515600
11 0.31936700 0.78114900 0.05862300 0.05474600
0 0.50845200 0.40695800 0.29617000 0.76806900
0 0.82062600 0.64266500 0.35874800 0.70550200
