3 0.59956100 0.68646400 0.06496100 0.10969800
12 0.60319500 0.64217600 0.10796500 0.19736500
3 0.51317400 0.51374100 0.07177500 0.10492800
12 0.50878300 0.47615300 0.08570600 0.17828800
3 0.67527300 0.55564400 0.07495500 0.13059300
12 0.67815000 0.52430200 0.08585700 0.19282300
1 0.47380400 0.48932500 0.01726200 0.03747400
1 0.56178100 0.66886200 0.01150800 0.04133500
1 0.71267400 0.53247800 0.01317400 0.04247100
8 0.67307700 0.54860300 0.07359200 0.05155600
11 0.59161100 0.79184600 0.07238000 0.07744700
11 0.65437600 0.87360900 0.06829200 0.12514200
11 0.61833700 0.88110400 0.03376700 0.07608400
11 0.69359500 0.78514600 0.06435500 0.06677300
0 0.73697800 0.70088600 0.20321000 0.55098800
0 0.47486400 0.67635700 0.30496700 0.57324600
0 0.57336500 0.75789200 0.23516100 0.43197800
