3 0.62503200 0.26238700 0.16296300 0.12838400
3 0.07675600 0.33900900 0.15351200 0.11714600
12 0.65044700 0.24493400 0.21992300 0.20211100
12 0.08927200 0.31210600 0.17854400 0.18423300
1 0.72247800 0.24910600 0.04572200 0.05346500
1 0.16807200 0.31798100 0.02452100 0.04852700
11 0.54252900 0.84948100 0.28301400 0.19717400
11 0.47433000 0.52298700 0.11902900 0.08598700
11 0.04802025 0.79669700 0.09604050 0.11578400
0 0.69834000 0.35978200 0.59719000 0.47539600
0 0.18186500 0.37766000 0.36372900 0.36131400
