12 0.09886600 0.63656800 0.03434500 0.05652800
12 0.27675900 0.56978500 0.03868000 0.04402200
12 0.41030300 0.58654300 0.03434500 0.05752900
3 0.40613500 0.59905000 0.01800600 0.03051500
12 0.59786600 0.61655800 0.02334100 0.03952000
12 0.79293100 0.56278100 0.03134400 0.05702900
3 0.79526500 0.57303700 0.02467500 0.03952000
3 0.09436500 0.65057500 0.01667200 0.02651300
11 0.27509200 0.59479700 0.01400500 0.02101100
11 0.28876300 0.58729400 0.01400500 0.00900500
11 0.51783900 0.61130600 0.01733900 0.02101100
11 0.40063400 0.60680300 0.01167100 0.01500800
11 0.61270400 0.61655800 0.01433800 0.02351200
11 0.71440500 0.60030000 0.01700600 0.01901000
11 0.77909300 0.59179600 0.01433800 0.02701400
11 0.89729900 0.57728900 0.01867300 0.02301200
1 0.09819900 0.63982000 0.00633500 0.01300700
1 0.80576900 0.56003000 0.00500200 0.01350700
1 0.78242700 0.57303700 0.00633500 0.01150600
14 0.13637900 0.87118600 0.04201400 0.02651300
14 0.23291100 0.84592300 0.03167700 0.04302200
14 0.30460200 0.85417700 0.04168100 0.01850900
14 0.38296100 0.84567300 0.03034300 0.04352200
14 0.45731900 0.84792400 0.04234700 0.02901500
14 0.52367500 0.83466700 0.01900600 0.05953000
14 0.82110700 0.83891900 0.03101000 0.01901000
14 0.90096700 0.82566300 0.04134700 0.02851400
14 0.75241700 0.81640800 0.01833900 0.05502800
14 0.68189400 0.83891900 0.04001300 0.03101600
0 0.16505500 0.74487200 0.16939000 0.27413700
0 0.32794300 0.70710400 0.14104700 0.32166100
0 0.46182100 0.71035500 0.14404800 0.30815400
0 0.67222400 0.72311200 0.17872600 0.26363200
0 0.84361500 0.68984500 0.15738600 0.31815900
