12 0.33471700 0.20450000 0.16037700 0.30880300
12 0.74537700 0.25290100 0.15226400 0.24709900
3 0.73528300 0.32564400 0.06188700 0.09821700
1 0.35905700 0.25049500 0.02452800 0.07755400
1 0.76556600 0.29649000 0.02622600 0.06085500
9 0.39188700 0.90602900 0.12075500 0.11435000
9 0.46217000 0.85409000 0.09603800 0.11123700
9 0.54386800 0.72756900 0.09490600 0.12991800
9 0.64924500 0.40928400 0.07886800 0.09623500
8 0.73443400 0.29960400 0.06509400 0.07897000
8 0.38537700 0.25092000 0.03075500 0.05293000
0 0.28509400 0.53410700 0.42000000 0.93178600
0 0.73584900 0.56411000 0.52830200 0.87178000
10 0.33443400 0.14675900 0.16056600 0.19445200
10 0.74547200 0.21737900 0.15094300 0.18114900
