3 0.45530100 0.42732200 0.18918900 0.17238400
12 0.48050900 0.40722500 0.24012500 0.21638900
3 0.66619000 0.38990000 0.12655900 0.17792800
12 0.75013000 0.35628900 0.29443900 0.24410900
1 0.56925700 0.42117100 0.04028100 0.05994500
1 0.75467800 0.36399900 0.05093600 0.08038800
11 0.44906400 0.70244300 0.09823300 0.07085900
11 0.53222500 0.71673600 0.08004200 0.08835800
11 0.53950100 0.67593600 0.11382500 0.08264000
11 0.30704300 0.43009400 0.11980200 0.11347900
14 0.12694900 0.94646600 0.25389800 0.10360400
0 0.65319600 0.61659700 0.69360700 0.76680500
0 0.39527000 0.64579000 0.76715200 0.70842000
