12 0.65779300 0.43547500 0.12422800 0.24479200
12 0.13773100 0.40827500 0.12422800 0.19270800
3 0.66801700 0.49074100 0.08217600 0.13078700
3 0.16454500 0.44155100 0.07060200 0.12152800
11 0.60879600 0.74710600 0.07561700 0.09490700
11 0.73534000 0.74797500 0.10879600 0.08854200
11 0.02064025 0.70052100 0.04128050 0.06192100
1 0.11361900 0.44791700 0.02970700 0.04513900
1 0.71277000 0.43229200 0.01041700 0.05208300
0 0.66763100 0.52170100 0.36458300 0.49479200
0 0.19521600 0.53443300 0.39043200 0.44849500
