12 0.53506900 0.42274300 0.20439800 0.35416700
3 0.54652800 0.48914900 0.16713000 0.22482600
12 0.31516200 0.37413200 0.07106500 0.09722200
12 0.19143500 0.38744200 0.06064800 0.09606500
12 0.08217600 0.38512700 0.06666700 0.10995400
12 0.61782400 0.35170700 0.06620400 0.16116900
12 0.64074100 0.26533600 0.07592600 0.09432900
12 0.79363400 0.36849000 0.06967600 0.12066000
8 0.11689800 0.50463000 0.07592600 0.06018500
11 0.06539400 0.63064200 0.06412000 0.07320600
11 0.14166700 0.62861700 0.06018500 0.08246500
11 0.40231500 0.85141800 0.08472200 0.12471100
11 0.72731500 0.85329900 0.09259300 0.10879600
11 0.77384300 0.65393500 0.09213000 0.13425900
1 0.62233800 0.39178200 0.02986100 0.08044000
12 0.11944400 0.47989000 0.10046300 0.17447900
1 0.16574100 0.48379600 0.01574100 0.02604200
1 0.07476900 0.46224000 0.00925900 0.02401600
1 0.31145800 0.38310200 0.01226900 0.03067100
0 0.57245400 0.62297475 0.48472200 0.75405050
0 0.12604200 0.69704875 0.25208300 0.60590250
0 0.80868100 0.41174800 0.10115700 0.21180600
0 0.31412000 0.46137200 0.09953700 0.27401600
0 0.21851900 0.46976300 0.11574100 0.26302100
0 0.05798600 0.43185800 0.11597200 0.20978000
0 0.42974500 0.46658000 0.07569400 0.16059000
0 0.86412000 0.68113400 0.27175900 0.56828700
0 0.70057900 0.36429400 0.19652800 0.29745400
