12 0.35727300 0.50411200 0.05007300 0.07511000
12 0.50036500 0.39610700 0.03216400 0.05318000
12 0.74214200 0.48464900 0.01498500 0.02741200
3 0.35106000 0.52193000 0.03252900 0.03179800
3 0.74250700 0.48821300 0.01059900 0.01918900
1 0.34466400 0.51178700 0.00804100 0.01151300
1 0.49579700 0.39747800 0.00694400 0.01754400
8 0.36038000 0.52439700 0.01315800 0.02576800
8 0.74305600 0.48410100 0.01023400 0.00767500
11 0.24360400 0.58662300 0.02668100 0.04605300
11 0.28600100 0.64747800 0.01937100 0.04824600
11 0.76315800 0.54002200 0.00877200 0.01535100
11 0.71509500 0.52987900 0.00694400 0.01151300
14 0.51005100 0.73876100 0.04641800 0.07401300
14 0.54568700 0.71929800 0.03362600 0.06688600
14 0.73227300 0.60389300 0.01206100 0.02028500
14 0.74616200 0.60855300 0.00913700 0.01535100
14 0.23775600 0.84128300 0.06615500 0.04331100
14 0.30062100 0.77713800 0.05811400 0.03892500
7 0.31304800 0.66228100 0.21235400 0.24232500
7 0.48282200 0.67708300 0.04824600 0.15899100
7 0.71747100 0.56222600 0.01388900 0.08826800
0 0.28746300 0.65433100 0.18969300 0.42489000
0 0.73903500 0.54139300 0.05921100 0.15625000
16 0.27924000 0.53837700 0.12426900 0.17324600
16 0.53435700 0.45943000 0.09502900 0.14035100
16 0.74068000 0.52467100 0.03252900 0.06907900
0 0.53380800 0.56880500 0.11074600 0.40734600
0 0.12152800 0.52439700 0.00986800 0.03453900
