3 0.25520800 0.36357100 0.06966100 0.13975700
12 0.24747700 0.32392900 0.10107400 0.22540500
3 0.42504900 0.35807300 0.06949900 0.14438700
12 0.42529300 0.32190400 0.08007800 0.21788200
3 0.71248400 0.28645800 0.08219400 0.17476900
12 0.71671500 0.25680000 0.09847000 0.23582200
3 0.79484000 0.36009800 0.07405600 0.19241900
12 0.82381200 0.31944400 0.13297500 0.27199100
8 0.26204400 0.35604700 0.06445300 0.05816000
8 0.42439800 0.34447300 0.06917300 0.06452500
1 0.75480100 0.27546300 0.01253300 0.05439800
1 0.46240200 0.32725700 0.00911500 0.04687500
1 0.21386700 0.33405700 0.01627600 0.04890000
11 0.22566700 0.65928800 0.05973300 0.08304400
11 0.60465500 0.70645300 0.09212200 0.07725700
11 0.63907900 0.68041100 0.04280600 0.02922500
11 0.66918900 0.64916100 0.06917300 0.06394700
11 0.57397500 0.62876200 0.04931600 0.07812500
0 0.20214800 0.45804400 0.24902300 0.50000000
0 0.68391900 0.40422500 0.27343800 0.53356500
0 0.42952500 0.42650500 0.20735700 0.42534700
0 0.77140300 0.58941000 0.42724600 0.81192100
