7 0.34653800 0.27455200 0.10160300 0.29507800
7 0.51058400 0.94681300 0.10402200 0.10183700
7 0.58066200 0.98423700 0.03643800 0.03152600
7 0.79346800 0.23588100 0.35440000 0.23724200
7 0.80049900 0.13642525 0.33459300 0.27285050
7 0.44216800 0.10886800 0.03764700 0.15377600
7 0.46212600 0.08698100 0.04218300 0.12542500
7 0.15157200 0.48344300 0.10054400 0.24880900
11 0.72860600 0.30097500 0.17296600 0.20049900
11 0.69405800 0.88943075 0.22391900 0.22113850
0 0.77782000 0.59423900 0.44436000 0.81152200
