3 0.23601200 0.50502200 0.10208300 0.15870500
12 0.21763400 0.48962100 0.14062500 0.19308000
3 0.74322900 0.46183000 0.08348200 0.16919600
12 0.73392900 0.44453100 0.10625000 0.20468800
8 0.23020800 0.49084800 0.08392900 0.09196400
9 0.44531200 0.36194200 0.05461300 0.13727700
9 0.46852700 0.37433000 0.06324400 0.18080400
9 0.68802100 0.91227700 0.09270800 0.09866100
13 0.68110100 0.71830400 0.39910700 0.56071400
13 0.29814000 0.70390600 0.39003000 0.59218700
0 0.66086300 0.64006700 0.43928600 0.71986600
0 0.29836300 0.64776800 0.39047600 0.69910700
