12 0.38852100 0.40478100 0.07682700 0.13859800
12 0.27014700 0.34850900 0.12088100 0.18345400
12 0.89264000 0.30002700 0.19287200 0.25731900
3 0.39487800 0.41189900 0.04835200 0.10341100
3 0.29521800 0.36059600 0.06429100 0.14853600
11 0.58918300 0.62691400 0.08022900 0.06446400
11 0.46660100 0.62342200 0.09401900 0.07574500
11 0.44672300 0.75758800 0.04674100 0.04217000
11 0.36864300 0.82661800 0.07145400 0.07440200
11 0.39989300 0.80351900 0.03151900 0.06204700
1 0.25716300 0.34233100 0.01647600 0.04002100
0 0.34258600 0.58877200 0.34384000 0.66559200
0 0.76996800 0.59239875 0.46006400 0.81520250
0 0.40051900 0.58407200 0.14022200 0.49127000
