3 0.48934600 0.37875500 0.06847300 0.06414300
12 0.47724500 0.33401100 0.09184900 0.15237800
3 0.31278400 0.29896700 0.04882100 0.07165200
12 0.31299100 0.26345400 0.06412900 0.14142700
1 0.49793100 0.33213400 0.02151400 0.02909900
11 0.30833700 0.61514400 0.03909800 0.09011300
11 0.29768300 0.56242200 0.03682300 0.05851100
11 0.48955300 0.66301600 0.05026900 0.11201500
11 0.65835700 0.64737200 0.02503100 0.08886100
7 0.46276400 0.72356100 0.30616500 0.30006300
7 0.32343800 0.70228400 0.08626400 0.18742200
0 0.94176675 0.41254700 0.11646650 0.29943700
0 0.28206500 0.45400500 0.18390600 0.52878600
0 0.60198600 0.59809100 0.34298700 0.69368000
