12 0.72292000 0.53198900 0.08172000 0.13173700
3 0.71227900 0.53561300 0.05660800 0.12070600
12 0.60161700 0.30223800 0.06086400 0.11534800
3 0.59948900 0.30995900 0.05448000 0.10179600
12 0.83049600 0.24881800 0.07725000 0.13205200
3 0.82858100 0.26063700 0.07427100 0.10652400
1 0.86007700 0.26205500 0.01383300 0.03561300
11 0.52862300 0.74708500 0.03405000 0.08477800
11 0.71068300 0.76252800 0.04703100 0.03057000
11 0.87561200 0.69161700 0.07001500 0.09045100
11 0.24909600 0.30586200 0.05767200 0.11503300
11 0.22334500 0.24866100 0.03681600 0.02962500
8 0.59863800 0.29656500 0.05320300 0.03529800
8 0.82634600 0.23589700 0.07107900 0.03309200
8 0.71196000 0.51985500 0.05682100 0.03372200
0 0.85007400 0.58950500 0.24877600 0.82099000
0 0.65226600 0.72975100 0.31666300 0.52789200
0 0.59980800 0.55373500 0.18961500 0.62401500
0 0.13854000 0.50015775 0.27665500 0.99968450
