11 0.35775100 0.12548200 0.06866000 0.13999500
11 0.49841300 0.62214200 0.11710700 0.14179300
11 0.41931200 0.81929100 0.09522200 0.13691200
11 0.49373500 0.83804300 0.15419300 0.13074700
3 0.46007400 0.04765000 0.11927800 0.09478600
3 0.61677200 0.33496000 0.15101900 0.25892600
12 0.64174700 0.27588000 0.20096900 0.38530700
12 0.46667200 0.05253000 0.14617400 0.10454700
1 0.70305700 0.27934800 0.04326800 0.09940900
0 0.44562300 0.38980200 0.36501800 0.77909100
0 0.69144675 0.52710000 0.61710650 0.89288500
