7 0.06596600 0.29291700 0.05428600 0.32316600
7 0.07218500 0.29896600 0.01563000 0.16032300
7 0.08453800 0.28800100 0.01445400 0.12982100
7 0.09479000 0.28686700 0.01378200 0.12604000
7 0.10504200 0.27691000 0.01378200 0.10612600
7 0.11327700 0.29871400 0.01479000 0.13259400
7 0.12369700 0.31169600 0.01378200 0.16309600
7 0.13630300 0.27350600 0.01647100 0.07310300
7 0.14302500 0.29934500 0.01243700 0.11772100
7 0.13789900 0.28636200 0.00823500 0.09276500
7 0.16395000 0.27867400 0.00857100 0.07436300
7 0.16058800 0.28686700 0.00958000 0.08217800
7 0.15781500 0.28081700 0.00638700 0.07108600
7 0.17184900 0.27375900 0.00756300 0.05444900
7 0.18672300 0.27640500 0.00537800 0.05520500
7 0.24302500 0.29909300 0.04369700 0.12326700
7 0.15789900 0.42727500 0.01831900 0.08117000
7 0.17025200 0.42349400 0.01176500 0.06654900
7 0.12546200 0.46244000 0.02100800 0.09200900
7 0.27235300 0.43206500 0.01596600 0.08167400
7 0.18243700 0.67570000 0.05327700 0.12377100
7 0.27823500 0.62982100 0.03210100 0.14494600
7 0.28773100 0.63889600 0.02958000 0.12024200
7 0.29756300 0.64280300 0.02302500 0.10133600
7 0.30462200 0.64897900 0.02168100 0.09352200
7 0.31445400 0.65288600 0.01781500 0.07864900
7 0.32899200 0.65805400 0.01193300 0.05974300
7 0.43243700 0.65641500 0.06722700 0.04537400
7 0.28075600 0.30841900 0.01831900 0.06478400
