3 0.50998600 0.19415700 0.10354900 0.15615300
12 0.50959900 0.16119400 0.12371500 0.22673200
12 0.83575700 0.66817500 0.18499100 0.29136500
12 0.81365100 0.52805100 0.16986600 0.18433300
12 0.12497600 0.59953500 0.13515600 0.21923500
3 0.12100100 0.62797300 0.12487900 0.15098200
11 0.35592400 0.77701700 0.10568200 0.09126200
11 0.06883800 0.85160300 0.09579200 0.08841800
11 0.67888300 0.80002600 0.05662200 0.12952400
11 0.72881500 0.78632400 0.07116500 0.10832500
1 0.56321500 0.15511900 0.01338000 0.05636000
1 0.46015100 0.18355700 0.01822800 0.05015500
1 0.08755100 0.57109600 0.02966800 0.04188200
0 0.09811900 0.69118400 0.19623800 0.41804600
0 0.50465400 0.44971600 0.40546800 0.80946200
0 0.86465000 0.76047075 0.27070000 0.47905850
0 0.84690700 0.71496900 0.30618600 0.57006200
