12 0.37930100 0.38632500 0.00860200 0.01616700
14 0.37655600 0.46278200 0.00896800 0.00943100
14 0.39147100 0.45554100 0.00951700 0.01178800
0 0.09928600 0.90367100 0.03861600 0.07881400
0 0.14430800 0.84557100 0.03678600 0.06702600
0 0.18987900 0.79033300 0.03129600 0.06635200
0 0.24698000 0.72751800 0.02580500 0.05523700
0 0.28971400 0.68339500 0.02635400 0.06399500
0 0.33345500 0.57325700 0.02708600 0.05658500
0 0.34745600 0.54260700 0.02360900 0.05658500
0 0.38168000 0.41832300 0.02580500 0.08959200
0 0.68951300 0.21859200 0.01994900 0.05119600
0 0.78312600 0.21674000 0.02306000 0.04142800
0 0.72300500 0.25715700 0.01921700 0.05826900
0 0.74277100 0.28629200 0.01921700 0.07544600
0 0.76198800 0.30599500 0.01848500 0.05961600
0 0.79099600 0.33260400 0.02306000 0.04749100
0 0.81231700 0.32637300 0.02397500 0.05186900
0 0.84416200 0.35247600 0.02873400 0.06029000
0 0.10065900 0.43886800 0.03367500 0.08622400
