3 0.24858300 0.30625000 0.09283300 0.13200000
12 0.22416700 0.22712500 0.14433300 0.29425000
3 0.62275000 0.26475000 0.09616700 0.11500000
12 0.61591700 0.18662500 0.15116700 0.27125000
11 0.28983300 0.70087500 0.07566700 0.14075000
11 0.37691700 0.71062500 0.04750000 0.08275000
11 0.51441700 0.67162500 0.04150000 0.08125000
11 0.50308300 0.54825000 0.05183300 0.10500000
1 0.19208300 0.27787500 0.02550000 0.05325000
1 0.65683300 0.20925000 0.02633300 0.05600000
0 0.22816700 0.53987500 0.35600000 0.91475000
0 0.64900000 0.52200000 0.34033300 0.95600000
