11 0.22782100 0.73819700 0.05210200 0.04184500
11 0.35606500 0.63237700 0.02776100 0.02923800
11 0.42144400 0.58221600 0.03017500 0.02977500
11 0.66143600 0.72720000 0.03741700 0.03809000
11 0.73435900 0.67784300 0.04767700 0.04613700
12 0.81241200 0.57188800 0.07262100 0.11480700
3 0.80114700 0.59093300 0.04647000 0.07618000
12 0.68346400 0.55941500 0.05612600 0.08771500
3 0.67421000 0.57054700 0.03641100 0.06545100
12 0.38191500 0.47116400 0.04647000 0.08610500
3 0.38483200 0.48377100 0.03862400 0.05981800
12 0.17461300 0.53715100 0.07966200 0.12634100
3 0.18255900 0.55633000 0.05894200 0.08798300
1 0.36431300 0.47129800 0.00804700 0.02038600
1 0.69684200 0.56799900 0.00885100 0.02172700
8 0.66978500 0.56585300 0.03520400 0.02011800
0 0.12904825 0.73632000 0.25809650 0.52682400
0 0.36360900 0.57483900 0.14584600 0.29399100
0 0.70076400 0.63251100 0.11446400 0.23390600
0 0.80748300 0.64485000 0.19633900 0.26073000
