12 0.17133300 0.49562500 0.05400000 0.08675000
3 0.18333300 0.51237500 0.02866700 0.05325000
12 0.62158300 0.34250000 0.09950000 0.17150000
3 0.64258300 0.35787500 0.05650000 0.14275000
11 0.81283300 0.30687500 0.03633300 0.14075000
11 0.68000000 0.85912500 0.00933300 0.05525000
11 0.17100000 0.66587500 0.03666700 0.03775000
11 0.23483300 0.72675000 0.03100000 0.04800000
0 0.15041700 0.62950000 0.20050000 0.35450000
0 0.69066700 0.61787500 0.28033300 0.76425000
7 0.29350000 0.79150000 0.23100000 0.23850000
1 0.16375000 0.50587500 0.00850000 0.02125000
