12 0.32198400 0.36469600 0.02091200 0.04020900
12 0.57466500 0.37334100 0.01957100 0.03659000
11 0.56635400 0.40229200 0.00723900 0.01568200
9 0.33096500 0.47084800 0.00938300 0.02010500
9 0.56541600 0.42340200 0.01286900 0.01608400
14 0.32453100 0.54362700 0.02815000 0.02734200
14 0.49530800 0.54242100 0.01474500 0.03618800
14 0.50750700 0.54000800 0.01179600 0.03860100
14 0.58217200 0.54081200 0.02332400 0.02573400
16 0.58163500 0.41777200 0.03404800 0.07157200
16 0.46863300 0.50060300 0.04396800 0.04744700
16 0.32453100 0.42239600 0.03833800 0.08484100
7 0.36635400 0.52291900 0.05388700 0.05026100
0 0.32412900 0.44873300 0.03914200 0.22275800
0 0.47506700 0.51326900 0.06916900 0.09127500
0 0.57908800 0.44270200 0.03967800 0.18415800
