12 0.40604400 0.46631700 0.09463700 0.09781100
3 0.41644000 0.49170900 0.06684800 0.04780400
12 0.50495500 0.47221100 0.11212600 0.10364000
3 0.51350600 0.50330400 0.06976300 0.04197400
11 0.34279100 0.51230700 0.05596600 0.05583600
1 0.54848400 0.48309400 0.01418600 0.01528700
11 0.69160500 0.58323600 0.02681700 0.02876000
10 0.40410000 0.45465700 0.09696900 0.07526900
10 0.49815400 0.46178300 0.13272400 0.08226500
8 0.40847300 0.48562000 0.05169100 0.02008000
14 0.71453600 0.90659400 0.06218400 0.05570700
14 0.60445000 0.90860200 0.12184200 0.02526200
14 0.51593500 0.89027100 0.05402300 0.03731100
14 0.32821600 0.89933900 0.05441100 0.03964200
0 0.41546800 0.66770300 0.27710800 0.50213800
0 0.59337300 0.67826100 0.32394100 0.51729500
9 0.30071900 0.65001900 0.04722100 0.06594100
