3 0.70118200 0.40929900 0.07954100 0.10534800
3 0.89931900 0.37785500 0.10283100 0.13437200
3 0.41329300 0.19940900 0.06843400 0.09943600
12 0.40935100 0.16070900 0.11859500 0.19510900
12 0.71157300 0.38511200 0.10032200 0.17092200
12 0.91580100 0.32222500 0.13471900 0.23864600
12 0.05186300 0.22856800 0.10336800 0.16097800
12 0.05723800 0.40782000 0.11411700 0.32491300
1 0.74561100 0.41050800 0.02579700 0.04971800
1 0.95834800 0.32827200 0.02454300 0.06423000
1 0.37146200 0.15627500 0.01486900 0.04219300
11 0.52848400 0.67777500 0.05696900 0.09083600
11 0.56610500 0.70249900 0.04837000 0.05106200
11 0.63140500 0.70679900 0.05141500 0.08384800
11 0.33697600 0.52593400 0.05696900 0.13329800
11 0.40424600 0.77425400 0.12020800 0.07363600
11 0.29290600 0.82585300 0.11537100 0.18812100
11 0.16893600 0.80032200 0.08527400 0.09244800
11 0.85856300 0.74791700 0.06144800 0.10319800
11 0.85256200 0.42394500 0.04980300 0.11152900
11 0.13077700 0.73273300 0.04908600 0.04380500
0 0.69025400 0.52580000 0.27803700 0.45552300
0 0.17556400 0.62026300 0.35077000 0.75947300
0 0.40800800 0.38753000 0.30544600 0.68852500
0 0.86725200 0.51451200 0.26549600 0.62053200
0 0.23056300 0.48091900 0.46076700 0.66514400
