11 0.75314300 0.39091300 0.04114300 0.04800700
11 0.58914300 0.17809700 0.03485700 0.05615100
12 0.63357100 0.19545600 0.05857100 0.08829800
1 0.65185700 0.18452600 0.01057100 0.02357500
3 0.62557100 0.19674200 0.04314300 0.07458200
0 0.66242900 0.52421800 0.22257100 0.75096400
14 0.66385700 0.87676800 0.02942900 0.04414900
6 0.67100000 0.86948100 0.03685700 0.05015000
6 0.60985700 0.86348000 0.06200000 0.04586400
14 0.61100000 0.86862400 0.07000000 0.04672100
7 0.73300000 0.63909100 0.08142900 0.50235700
