3 0.41258300 0.27625000 0.07450000 0.14350000
12 0.41608300 0.24087500 0.10750000 0.21825000
3 0.63991700 0.38025000 0.07616700 0.11950000
12 0.64041700 0.33212500 0.10816700 0.21625000
1 0.68641700 0.35225000 0.01616700 0.04350000
1 0.37025000 0.23712500 0.01150000 0.05225000
11 0.46308300 0.61575000 0.10616700 0.05950000
9 0.60400000 0.63325000 0.14300000 0.10100000
10 0.41733300 0.19912500 0.11066700 0.13575000
10 0.64125000 0.28600000 0.12616700 0.13350000
0 0.64516700 0.61025000 0.26866700 0.77950000
0 0.38483300 0.56725000 0.25433300 0.86550000
