12 0.11146100 0.67240000 0.04890500 0.04400000
12 0.15871600 0.66620000 0.03660400 0.03320000
12 0.44794500 0.66760000 0.02580300 0.02080000
0 0.16291600 0.77100000 0.09240900 0.24480000
14 0.17986800 0.87260000 0.05910600 0.01760000
14 0.13711400 0.88470000 0.04200400 0.01780000
14 0.06390600 0.95800000 0.08460800 0.02760000
14 0.08925900 0.94180000 0.04410400 0.01960000
14 0.47794800 0.80290000 0.01740200 0.02740000
14 0.44884500 0.80740000 0.02520300 0.01360000
14 0.41059100 0.79600000 0.01590200 0.01960000
14 0.38868900 0.80540000 0.01770200 0.01280000
14 0.34728500 0.83280000 0.02610300 0.02000000
14 0.31788200 0.79820000 0.01470100 0.01200000
14 0.33153300 0.80580000 0.01200100 0.00920000
12 0.81353100 0.67800000 0.03030300 0.02840000
1 0.80708100 0.67820000 0.00480000 0.00720000
11 0.49399900 0.74050000 0.01170100 0.01060000
11 0.42079200 0.68970000 0.01110100 0.01180000
8 0.16186600 0.66540000 0.03390300 0.00800000
8 0.66216600 0.69980000 0.00960100 0.00640000
0 0.07260700 0.81100000 0.12721300 0.32400000
0 0.35463500 0.76190000 0.07260700 0.16580000
0 0.39889000 0.74870000 0.04650500 0.12780000
0 0.45739600 0.73650000 0.08670900 0.16100000
0 0.79958000 0.70750000 0.05700600 0.08860000
0 0.52100200 0.68730000 0.02250200 0.05100000
