6 0.15435800 0.15342400 0.03234900 0.04284100
6 0.17572000 0.18409000 0.03283700 0.05474200
6 0.26074200 0.69443400 0.04296900 0.04064400
6 0.24292000 0.84602700 0.06176800 0.05639000
6 0.76300000 0.84282300 0.06042500 0.06426200
6 0.71679700 0.70413800 0.03637700 0.04174300
6 0.67578100 0.38191100 0.02636700 0.05162900
6 0.69677700 0.46841800 0.04345700 0.05364300
6 0.33038300 0.40617000 0.02624500 0.06169900
6 0.42791700 0.34035200 0.03015100 0.02965900
6 0.81976300 0.41633100 0.03039600 0.04540500
6 0.88757300 0.42182400 0.03393600 0.04906600
14 0.20764200 0.33888700 0.03418000 0.05346000
14 0.26324500 0.39527600 0.03161600 0.06993800
11 0.82605000 0.95953875 0.05273400 0.08092250
11 0.57782000 0.62779200 0.04943800 0.05675600
11 0.62036100 0.22684000 0.02490200 0.05126300
11 0.64404300 0.32076200 0.04052700 0.04394000
9 0.20758100 0.80639000 0.17297400 0.22757200
9 0.22473100 0.52682200 0.09350600 0.06682500
9 0.88018800 0.36818000 0.05163600 0.08458400
9 0.83459500 0.28048300 0.02636700 0.06188200
9 0.28192100 0.30611500 0.05212400 0.12706000
9 0.41711400 0.27316000 0.06713900 0.16660600
7 0.64599600 0.22015700 0.10009800 0.06829000
7 0.60229500 0.26757600 0.06835900 0.08916100
7 0.80084200 0.32112800 0.04235800 0.10582200
7 0.83233600 0.35747000 0.06115700 0.14188900
7 0.51019300 0.61378600 0.12414600 0.26126000
7 0.31610100 0.65095200 0.08776900 0.15470500
7 0.25775100 0.30767100 0.09509300 0.07121900
0 0.14721700 0.70560200 0.29418900 0.45990500
0 0.74621600 0.73480400 0.38671900 0.53039200
0 0.35357700 0.25274600 0.19567900 0.37001100
0 0.70135500 0.27288500 0.21203600 0.44507500
0 0.90271000 0.21841800 0.19458000 0.43573800
0 0.13507100 0.10509000 0.11438000 0.20981300
