12 0.39549200 0.47168200 0.03688500 0.05766000
11 0.33652100 0.59007200 0.01457200 0.02285900
11 0.41427600 0.52285900 0.00979100 0.02081200
11 0.47939400 0.31559200 0.00796900 0.01978800
11 0.47723100 0.21426100 0.01730400 0.01569400
7 0.33003200 0.63271900 0.23702200 0.28215600
7 0.45241300 0.23831500 0.16029100 0.15455500
6 0.39560600 0.71033800 0.02982700 0.02183600
6 0.31671200 0.70709700 0.01867000 0.02422400
6 0.45537300 0.40088700 0.01821500 0.01433000
6 0.41313800 0.41453400 0.01798700 0.02251800
0 0.36418500 0.58307700 0.11498200 0.27635600
0 0.44273700 0.31746800 0.07946300 0.21528500
