3 0.35950000 0.12025000 0.03800000 0.13150000
12 0.33133300 0.09300000 0.09533300 0.18600000
3 0.43975000 0.18387500 0.07316700 0.13675000
12 0.43908300 0.16375000 0.08450000 0.18100000
3 0.63608300 0.54662500 0.05683300 0.15275000
12 0.60600000 0.51937500 0.11966700 0.21125000
11 0.40875000 0.48000000 0.07316700 0.05950000
11 0.43591700 0.42137500 0.05150000 0.05475000
11 0.37558300 0.61462500 0.04050000 0.07425000
11 0.67516700 0.82112500 0.04233300 0.08125000
11 0.70166700 0.79337500 0.05833300 0.07425000
8 0.65391700 0.52962500 0.02283300 0.04125000
2 0.61116700 0.52712500 0.10266700 0.22925000
2 0.43233300 0.24112500 0.09033300 0.09425000
2 0.34366700 0.19037500 0.13866700 0.12175000
1 0.40216700 0.16037500 0.01366700 0.03075000
0 0.33858300 0.49525000 0.24616700 0.99000000
0 0.60925000 0.70400000 0.24316700 0.57950000
0 0.44841700 0.53412500 0.22483300 0.92925000
