3 0.85134400 0.34951200 0.21639600 0.16912200
3 0.41815300 0.38997300 0.15810500 0.13682300
12 0.86478575 0.31260000 0.27042850 0.22378000
12 0.42041500 0.37000900 0.21426700 0.16468500
1 0.50638800 0.38589200 0.02954500 0.03957400
1 0.97591200 0.34525300 0.04711200 0.05696500
11 0.61072700 0.69591800 0.12430100 0.06903300
11 0.57878600 0.52173900 0.10034600 0.10292800
11 0.48935300 0.70913900 0.13654500 0.08837600
11 0.19430400 0.60461400 0.08464200 0.03407300
0 0.71000800 0.52910400 0.57998400 0.68127800
0 0.36465300 0.50745300 0.67553900 0.45483600
