3 0.28216800 0.50697100 0.04818400 0.07736500
3 0.40016400 0.49166200 0.04252600 0.07572400
3 0.52181100 0.36304000 0.06059500 0.12411200
3 0.76537700 0.36181000 0.04654100 0.13477300
12 0.27696700 0.48428100 0.06552300 0.12493200
12 0.39441500 0.46596500 0.06059500 0.12657200
12 0.52464000 0.33542900 0.08633000 0.17988000
12 0.79457900 0.33747900 0.10348600 0.18562100
11 0.32213900 0.69313800 0.05329400 0.05768200
11 0.43137400 0.65062900 0.03449500 0.04210000
11 0.59937900 0.58173900 0.06205500 0.10005500
11 0.63232300 0.53116500 0.05384200 0.06287600
11 0.82250400 0.66033400 0.05128700 0.07189700
14 0.46368000 0.95913075 0.03449500 0.08173850
14 0.44880500 0.96787875 0.02409200 0.06424250
14 0.32724900 0.98072700 0.06789600 0.03854600
1 0.55028300 0.35142200 0.01569600 0.03963900
0 0.76364300 0.62370100 0.31429100 0.75259700
0 0.48731500 0.62383800 0.38437700 0.75232400
0 0.25178000 0.71118100 0.20350400 0.57763800
0 0.40564000 0.70188600 0.15240000 0.59622700
