12 0.57748000 0.21803000 0.08718700 0.16547500
3 0.59327600 0.26648100 0.03794600 0.06698400
1 0.61533700 0.22517900 0.01147200 0.02727000
7 0.55444800 0.49761700 0.12548500 0.77760100
14 0.64807600 0.92613200 0.07659700 0.06566100
14 0.61083700 0.88165200 0.04871200 0.07042600
9 0.57686200 0.57558900 0.04712300 0.09902000
9 0.50723600 0.17818400 0.04235800 0.10060900
10 0.57562700 0.21419100 0.08312700 0.15779700
16 0.66369600 0.32525800 0.14348700 0.33227400
0 0.61048400 0.50079400 0.24885300 0.91951300
0 0.23482200 0.48980700 0.02100200 0.12761500
