3 0.49098300 0.33176400 0.11636600 0.19434900
12 0.47992500 0.28852700 0.14732900 0.28167800
3 0.75689000 0.26348500 0.10241600 0.18878400
12 0.75808100 0.24293700 0.14426700 0.22559900
11 0.30163300 0.63762800 0.13916300 0.07234600
11 0.17557000 0.62157500 0.11228300 0.07020500
11 0.72422600 0.59182400 0.09833300 0.08433200
11 0.52347700 0.63377600 0.07519600 0.08861300
1 0.42514500 0.31613900 0.02551900 0.05436600
0 0.77798600 0.56528275 0.32970400 0.86943450
0 0.38414400 0.57084800 0.52807100 0.84888700
8 0.04287200 0.66738000 0.06873100 0.04366400
