12 0.51833300 0.51163900 0.04259900 0.05020500
9 0.42590900 0.67686000 0.02632000 0.04929300
14 0.50220600 0.98231400 0.03620900 0.03537200
14 0.55165100 0.97843500 0.02616800 0.03400300
7 0.60170400 0.61398900 0.04625000 0.05636700
7 0.41799800 0.56663600 0.00745500 0.04016400
7 0.40073000 0.56652200 0.00426000 0.03537200
7 0.42423600 0.53388900 0.00532500 0.02441800
7 0.53567600 0.49178500 0.02403800 0.05111800
7 0.54495700 0.50251000 0.00730300 0.05568200
7 0.54769500 0.50604700 0.01825700 0.06275700
0 0.49391400 0.74258300 0.16446100 0.50798700
