12 0.53734400 0.25450300 0.10373400 0.06204100
12 0.33580300 0.51034000 0.09780700 0.06337600
1 0.56639000 0.25083400 0.01481900 0.01601100
1 0.34943700 0.52251500 0.01363400 0.01968000
9 0.54860700 0.39359600 0.04445800 0.03068700
9 0.74718400 0.29869900 0.02904600 0.03635800
11 0.51067000 0.49583100 0.03853000 0.03435600
8 0.54594000 0.26234200 0.02489600 0.03302200
10 0.52193200 0.24366200 0.06579700 0.06170800
0 0.63811500 0.36207500 0.30171900 0.29186100
0 0.40575000 0.66210800 0.24244200 0.39092700
14 0.38618900 0.83489000 0.09425000 0.02801900
14 0.60551300 0.49516300 0.09187900 0.03035400
14 0.68168300 0.49099400 0.08773000 0.04402900
