12 0.22043300 0.36101700 0.04425600 0.08361600
3 0.21968000 0.37175100 0.03710000 0.05706200
12 0.41864400 0.36158200 0.04783400 0.09378500
3 0.41280600 0.38305100 0.03013200 0.04576300
12 0.57288100 0.32175100 0.04896400 0.10169500
3 0.57344600 0.34053700 0.03653500 0.06186400
12 0.62071600 0.32076300 0.05122400 0.09067800
8 0.22024500 0.36257100 0.03484000 0.01779700
8 0.41045200 0.37570600 0.02542400 0.01920900
8 0.57316400 0.32457600 0.03634700 0.02146900
11 0.23615800 0.52655400 0.01657300 0.02259900
11 0.38032000 0.47994400 0.02542400 0.03615800
11 0.55348400 0.43432200 0.02824900 0.02909600
14 0.60979300 0.86709000 0.06139400 0.04774000
14 0.67570600 0.86172300 0.04519800 0.04717500
14 0.25593200 0.80127100 0.04632800 0.03192100
14 0.41393600 0.79491500 0.04444400 0.03163800
14 0.38662900 0.79618600 0.02485900 0.02118600
14 0.51996200 0.83983100 0.02674200 0.02881400
14 0.57504700 0.83997200 0.01525400 0.02118600
1 0.42768400 0.37146900 0.00678000 0.01694900
1 0.55555600 0.33107300 0.00376600 0.01864400
1 0.60160100 0.33813600 0.00357800 0.01751400
10 0.22071600 0.34124300 0.04369100 0.04067800
10 0.41770200 0.34180800 0.05235400 0.05310700
10 0.57259900 0.29915300 0.04877600 0.05593200
10 0.62099800 0.31426600 0.05141200 0.07542400
15 0.22015100 0.59646900 0.11186400 0.41214700
15 0.43992500 0.59251400 0.09039500 0.41158200
15 0.54613900 0.59435000 0.08813600 0.49491500
15 0.63371000 0.61200600 0.13785300 0.50423700
0 0.21807900 0.56016900 0.11676100 0.48700600
0 0.42617700 0.55353100 0.11487800 0.48050800
0 0.63220300 0.58008500 0.14124300 0.62005600
0 0.55273100 0.56186400 0.10282500 0.59491500
