3 0.42569700 0.39397600 0.04531400 0.02683400
12 0.42668200 0.37943300 0.06135700 0.05892300
3 0.66943400 0.39425800 0.04756500 0.03152600
12 0.66957500 0.38206000 0.05516500 0.05817200
8 0.42499300 0.38891000 0.04559500 0.01482500
11 0.37250200 0.47635600 0.03687000 0.02120500
11 0.54953600 0.49774800 0.03124100 0.02833600
11 0.62679400 0.54672500 0.02927100 0.01369900
11 0.71643700 0.45759100 0.01041400 0.01670100
14 0.45060500 0.70369700 0.04165500 0.03565400
14 0.40782400 0.69018600 0.03996600 0.05216700
14 0.67717400 0.70501000 0.04221800 0.04391100
14 0.64157100 0.67170200 0.03743300 0.05010300
0 0.67351500 0.53893800 0.17337500 0.37568000
0 0.45693800 0.53659200 0.24908500 0.37924600
