3 0.34326400 0.34418300 0.05829000 0.16371100
3 0.04679400 0.38292400 0.06055700 0.09885800
12 0.84634100 0.32766600 0.11334200 0.08015500
12 0.31136700 0.31454900 0.12726700 0.23269400
12 0.05173300 0.36009200 0.08500600 0.14500900
1 0.30505200 0.32037900 0.02202100 0.05586600
1 0.07950100 0.33616700 0.01263000 0.02914700
1 0.81314800 0.35487000 0.02331600 0.03060500
11 0.55221800 0.61792600 0.05715700 0.09230000
11 0.51441100 0.59570100 0.06152800 0.06728200
0 0.36544700 0.59922275 0.42810900 0.80155450
0 0.10079300 0.43235400 0.18410000 0.31576400
