12 0.93394700 0.60581000 0.13210500 0.35569200
12 0.71295900 0.21929600 0.13320700 0.19721300
12 0.51212400 0.43930100 0.09211100 0.19319800
12 0.29145000 0.45642400 0.12376000 0.24870100
12 0.11691100 0.32983000 0.23382100 0.44473300
3 0.70335400 0.24811100 0.07652300 0.13627800
3 0.50417300 0.46528100 0.06928000 0.13887600
3 0.31758800 0.48346700 0.06896600 0.19556000
1 0.27224100 0.45583400 0.02267400 0.06802100
1 0.54519000 0.45984900 0.01873700 0.03731700
1 0.94701600 0.69414300 0.04141100 0.11147900
11 0.43386900 0.70689700 0.09841000 0.11998100
11 0.44874800 0.82368900 0.07935800 0.09990600
11 0.56384800 0.73547500 0.06550100 0.08171900
11 0.73303400 0.59104900 0.04833900 0.06495000
11 0.75909300 0.71799700 0.02550800 0.07841300
11 0.81066000 0.91166700 0.09463100 0.10675500
11 0.32664100 0.95819575 0.13273500 0.08360850
11 0.36262000 0.93953700 0.08975000 0.12092600
8 0.69067900 0.25673100 0.04361500 0.05904600
8 0.50165300 0.45406200 0.05857300 0.04747300
0 0.77625600 0.44626800 0.27617700 0.66532800
0 0.87852300 0.71669800 0.24295400 0.56660400
0 0.20170100 0.55951800 0.40340100 0.87765700
0 0.32246900 0.62317000 0.32467300 0.57652300
0 0.49063100 0.56660400 0.23051500 0.45111000
