11 0.43566700 0.79287500 0.07133300 0.09225000
11 0.61766700 0.79937500 0.06933300 0.08275000
12 0.44525000 0.30312500 0.09416700 0.18225000
3 0.44758300 0.32000000 0.07283300 0.14900000
0 0.48508300 0.60500000 0.33916700 0.79000000
7 0.63883300 0.75137500 0.09700000 0.02825000
7 0.63041700 0.73712500 0.08216700 0.02625000
7 0.76466700 0.70100000 0.03333300 0.03050000
8 0.21341700 0.74037500 0.05416700 0.02775000
1 0.40816700 0.32612500 0.01933300 0.04675000
1 0.48683300 0.32175000 0.01100000 0.04650000
