3 0.50356600 0.24957200 0.16719000 0.14875400
12 0.50313800 0.23939500 0.18858800 0.17329300
8 0.50413700 0.24148800 0.16719000 0.03937600
1 0.41697600 0.26517000 0.01626200 0.04032700
1 0.58944400 0.26402900 0.01369500 0.04146900
11 0.23937200 0.62830500 0.08901600 0.09244800
11 0.20485000 0.61850900 0.09643400 0.13639000
11 0.82525000 0.62906600 0.14465000 0.08331700
11 0.84750400 0.59482600 0.13266800 0.11185100
0 0.54293900 0.57589900 0.70470800 0.84820200
0 0.17632000 0.69868700 0.35263900 0.60224500
0 0.89072775 0.70724700 0.21854450 0.58550500
