12 0.79717300 0.28045600 0.17232100 0.15654800
3 0.77946400 0.31170600 0.13571400 0.09404800
12 0.37500000 0.25932500 0.24166700 0.17023800
3 0.43720200 0.27728200 0.11666700 0.13551600
11 0.66681500 0.49146800 0.11875000 0.04841300
11 0.73824400 0.53006000 0.13541700 0.07916700
11 0.80253000 0.58234100 0.10327400 0.12539700
11 0.74508900 0.37757900 0.08363100 0.08690500
0 0.38511900 0.58710300 0.76964300 0.82579400
0 0.70297600 0.53541700 0.56904800 0.67083300
1 0.35907700 0.29573400 0.04017900 0.04305600
1 0.85133900 0.31785700 0.03006000 0.02539700
14 0.55029800 0.93174600 0.27976200 0.12936500
14 0.65878000 0.85873000 0.22232100 0.10555600
14 0.89315500 0.79434500 0.20059500 0.10138900
14 0.83006000 0.81875000 0.23571400 0.10773800
