11 0.62325100 0.64878000 0.09289700 0.12254000
11 0.44707800 0.48425600 0.09464700 0.12254000
11 0.43247000 0.51128300 0.10181900 0.19811100
11 0.75848500 0.87352400 0.04391200 0.04985600
11 0.81000700 0.70978700 0.04338700 0.02938900
3 0.55344600 0.43112000 0.15727800 0.20939400
3 0.69830300 0.22369500 0.14538100 0.21542900
3 0.75787300 0.63369200 0.03394000 0.06560000
12 0.55948200 0.39359700 0.18789400 0.34269200
12 0.71238600 0.19351900 0.17354800 0.28575200
12 0.74816300 0.60509100 0.06210600 0.09866200
1 0.48845300 0.36643900 0.02589200 0.08475500
1 0.64179500 0.15770100 0.02326800 0.07399600
0 0.57067900 0.50183700 0.45696300 0.96273900
0 0.45495100 0.59853100 0.43579400 0.79611700
0 0.76093400 0.73996300 0.13663400 0.36053500
