12 0.31616700 0.54325000 0.01533300 0.03050000
3 0.31441700 0.54875000 0.01150000 0.01900000
1 0.32241700 0.54400000 0.00250000 0.00650000
12 0.48291700 0.52725000 0.01483300 0.02550000
3 0.48466700 0.53325000 0.00900000 0.01350000
1 0.47975000 0.52900000 0.00250000 0.00750000
12 0.58083300 0.50887500 0.00966700 0.02025000
3 0.58083300 0.51212500 0.00733300 0.01275000
0 0.31458300 0.57887500 0.03550000 0.10325000
0 0.48608300 0.55200000 0.05183300 0.07350000
0 0.57966700 0.52925000 0.02500000 0.06400000
11 0.30225000 0.57725000 0.00616700 0.01450000
11 0.47058300 0.55237500 0.00516700 0.01275000
11 0.57583300 0.53150000 0.00400000 0.00900000
11 0.58700000 0.55662500 0.00400000 0.00825000
11 0.50883300 0.57350000 0.00633300 0.01050000
