12 0.26743500 0.38935300 0.09076900 0.18441200
12 0.53896700 0.20691300 0.16839300 0.31454400
12 0.76527000 0.24367900 0.10236600 0.18023700
11 0.54437900 0.65738800 0.10221100 0.12247700
11 0.64713200 0.67919300 0.11844800 0.11041500
11 0.26078600 0.63129200 0.06602800 0.05497600
11 0.26635200 0.68545600 0.04190500 0.04453700
11 0.84420900 0.42333600 0.08736700 0.12062200
5 0.27037300 0.42797500 0.07128500 0.10252800
8 0.27238300 0.40477800 0.06881100 0.05242400
5 0.53749800 0.26780300 0.12370500 0.19415400
5 0.76967700 0.28984000 0.09355200 0.09765700
1 0.48500100 0.20528900 0.02427700 0.07701200
1 0.72344200 0.26107600 0.01530800 0.03363500
1 0.23364800 0.38796100 0.01237000 0.03827400
0 0.79325800 0.57469300 0.29287200 0.84504800
0 0.24493600 0.64439800 0.18184600 0.70285300
0 0.49041300 0.52621200 0.43064800 0.94757600
