0 0.39854700 0.35641000 0.23743600 0.63538500
0 0.52495700 0.29987200 0.17230800 0.52025600
0 0.89717900 0.41435900 0.20564100 0.82102600
0 0.69777800 0.33628200 0.20923100 0.59307700
0 0.15170900 0.64153800 0.30307700 0.51948700
3 0.42034200 0.16141000 0.07521400 0.12230800
12 0.41914500 0.13051300 0.10461500 0.18564100
3 0.52547000 0.15538500 0.06393200 0.12359000
12 0.52581200 0.12884600 0.09025600 0.17666700
3 0.66410300 0.15794900 0.06632500 0.13897400
12 0.67589700 0.13512800 0.09504300 0.19076900
12 0.92632500 0.15871800 0.06735000 0.16000000
12 0.94632500 0.12294900 0.10735000 0.23256400
12 0.07230800 0.48935900 0.14427400 0.21461500
3 0.08982900 0.54012800 0.10888900 0.11307700
12 0.79111100 0.60230800 0.15897400 0.19846200
3 0.73350400 0.60910300 0.04410300 0.18179500
12 0.34529900 0.91961500 0.20547000 0.16076900
0 0.76615400 0.75064100 0.31555600 0.49871800
1 0.70145300 0.15628200 0.02102600 0.03615400
8 0.42854700 0.15653800 0.05812000 0.05051300
1 0.48897400 0.12923100 0.01145300 0.04051300
1 0.77299100 0.67512800 0.02871800 0.04256400
8 0.08470100 0.53474400 0.09658100 0.10589700
11 0.23324800 0.79051300 0.06854700 0.08256400
11 0.16615400 0.80012800 0.08000000 0.06333300
11 0.42521400 0.45128200 0.05931600 0.05487200
11 0.49188000 0.49230800 0.04906000 0.03897400
11 0.45914500 0.52205100 0.03623900 0.07076900
11 0.58829100 0.52935900 0.04495700 0.05256400
11 0.65965800 0.46128200 0.05812000 0.08051300
11 0.64085500 0.71948700 0.06529900 0.07487200
11 0.82393200 0.41371800 0.05230800 0.06282100
11 0.83239300 0.47448700 0.07128200 0.08128200
11 0.46871800 0.92897400 0.05230800 0.07589700
0 0.42666700 0.91461500 0.37094000 0.17076900
