7 0.28437500 0.77310300 0.06250000 0.15424100
7 0.29947900 0.31116100 0.07098200 0.08571400
7 0.68177100 0.43895100 0.11592300 0.10424100
7 0.78184500 0.32578100 0.09315500 0.14397300
7 0.79784200 0.43705400 0.20967300 0.27455400
7 0.65729200 0.63158500 0.02053600 0.05156200
11 0.62187500 0.76160700 0.15833300 0.22232100
11 0.62232100 0.55971000 0.13035700 0.12656300
1 0.95022300 0.38270100 0.07336300 0.14174100
12 0.89910700 0.28582600 0.20148800 0.57165200
0 0.75558000 0.52232100 0.48883900 0.95535700
