3 0.20254300 0.34412400 0.05269300 0.11354600
12 0.20138000 0.34038800 0.06366400 0.11703200
3 0.42204100 0.34985100 0.05252700 0.11255000
12 0.42262300 0.33528400 0.06432800 0.14317700
3 0.67204100 0.35644900 0.05418900 0.11777900
12 0.67353700 0.35122000 0.06615700 0.13271900
12 0.90566800 0.41023400 0.02343800 0.03212200
8 0.67245700 0.34910400 0.05668200 0.03037800
11 0.11968100 0.69982600 0.03457400 0.05005000
11 0.15034900 0.63047800 0.02676200 0.05527900
11 0.31540900 0.56474100 0.04238700 0.10209200
11 0.43484000 0.58491000 0.04621000 0.10458200
11 0.67827500 0.59163300 0.05701500 0.08217100
11 0.68841400 0.55901400 0.05535200 0.05677300
11 0.87500000 0.53212200 0.00897600 0.03037800
14 0.53033600 0.77751500 0.07164200 0.10433300
14 0.85779600 0.76767900 0.06931500 0.06673300
14 0.44207100 0.76979600 0.06033900 0.09437300
14 0.25241000 0.75498000 0.09790600 0.06175300
1 0.17353700 0.35097100 0.00831100 0.02913300
1 0.23030300 0.35358600 0.00448800 0.02739000
1 0.45046500 0.34026400 0.00897600 0.03062700
1 0.39527900 0.34312700 0.00864400 0.03336700
1 0.70121300 0.36142900 0.01014000 0.03262000
1 0.64353400 0.35408400 0.00548500 0.03087600
0 0.69356700 0.55801800 0.39910200 0.54780900
0 0.35580100 0.54046300 0.30468800 0.55303800
0 0.14710800 0.56225100 0.25797900 0.56125500
0 0.90325800 0.49950200 0.06715400 0.21065700
0 0.86585800 0.54581700 0.04022600 0.12500000
