12 0.28652000 0.39455400 0.08986900 0.17284300
3 0.59965200 0.38274100 0.05322500 0.10942600
12 0.60213900 0.36359100 0.06184700 0.14772400
1 0.32631400 0.41395200 0.00928500 0.05247500
1 0.25451800 0.43757800 0.01790700 0.04153200
1 0.62933200 0.36508300 0.00613500 0.03780200
11 0.58754800 0.55409100 0.05587800 0.04128300
11 0.52462300 0.55993500 0.03681000 0.04998800
7 0.62891700 0.60320800 0.01094300 0.04849500
0 0.60935200 0.64312375 0.23047600 0.71375250
0 0.35864700 0.64598375 0.31835500 0.70803250
