12 0.47337500 0.09250000 0.14675000 0.13133300
3 0.47600000 0.10575000 0.10150000 0.10316700
14 0.55962500 0.83533300 0.11225000 0.04800000
14 0.41350000 0.84350000 0.11200000 0.04833300
14 0.02575000 0.39550000 0.05150000 0.05233300
11 0.46350000 0.40358300 0.08250000 0.08250000
11 0.57750000 0.34491700 0.07900000 0.06716700
0 0.45662500 0.44733300 0.34675000 0.84100000
7 0.50350000 0.65633300 0.71400000 0.63366700
1 0.52737500 0.10716700 0.00925000 0.02766700
0 0.02837500 0.30683300 0.05675000 0.23300000
