3 0.31938200 0.42033500 0.12104100 0.12110200
3 0.72850700 0.51282700 0.13159900 0.12952700
12 0.28648200 0.39694400 0.18910300 0.16712800
12 0.76423500 0.49113400 0.20267700 0.15379800
1 0.24076200 0.41467600 0.03469100 0.03760100
1 0.80920100 0.53225600 0.04562600 0.03709800
11 0.45729600 0.61638600 0.15969100 0.04791200
11 0.53290000 0.59299500 0.11519600 0.09720800
11 0.60935100 0.68806600 0.08031700 0.04338500
11 0.56495100 0.70491700 0.02017300 0.03885800
0 0.33540700 0.55684100 0.51395200 0.48641900
0 0.75697600 0.58582700 0.40686300 0.33916000
