12 0.32103200 0.22500000 0.11071400 0.21369000
3 0.31855200 0.26889900 0.08432500 0.12351200
12 0.53244000 0.24092300 0.10734100 0.19613100
3 0.54176600 0.27485100 0.08869000 0.12708300
11 0.27013900 0.71919600 0.05218300 0.12113100
11 0.32123000 0.70907700 0.05000000 0.11756000
11 0.60496000 0.61741100 0.08650800 0.09970200
11 0.60714300 0.70758900 0.04523800 0.11279800
0 0.28601200 0.44211300 0.30297600 0.67767900
0 0.56210300 0.47038700 0.29920600 0.70982100
7 0.01666700 0.63690500 0.03333300 0.05357100
1 0.27113100 0.24375000 0.01091300 0.02916700
1 0.49156700 0.27142900 0.02400800 0.04881000
14 0.56686500 0.77128000 0.06547600 0.10803600
14 0.64424600 0.76145800 0.05079400 0.09494000
14 0.18660700 0.74881000 0.10297600 0.05654800
