12 0.37908100 0.36428400 0.08725800 0.09131200
12 0.46056100 0.42226900 0.08263500 0.06241600
12 0.63204300 0.35455600 0.09332600 0.07455200
3 0.62294100 0.36457300 0.05894300 0.04989400
3 0.47038400 0.42564100 0.05663100 0.05336200
3 0.39251700 0.37305000 0.05807600 0.07378200
1 0.35379900 0.36467000 0.01820300 0.02080500
1 0.66064700 0.35079900 0.01589100 0.02080500
11 0.39930700 0.53380900 0.05894300 0.04739000
11 0.48786500 0.51444800 0.06096500 0.03525300
11 0.48902100 0.53987700 0.03207200 0.03525300
11 0.56197600 0.51271400 0.04911900 0.02908900
11 0.68838500 0.50115600 0.05518600 0.01830100
14 0.35336600 0.84627200 0.08610200 0.05047200
14 0.40551900 0.80774400 0.09794900 0.02697000
14 0.66830400 0.78963600 0.07801200 0.03159300
14 0.76784200 0.81015200 0.06674400 0.03409700
14 0.60257200 0.78944300 0.03033800 0.01926400
14 0.47414000 0.79185100 0.02716000 0.01444800
0 0.50809000 0.59256400 0.21814500 0.40647300
0 0.66483700 0.56896600 0.26639700 0.51647100
0 0.34354200 0.59612800 0.21670000 0.55654000
8 0.62034100 0.35185900 0.05720900 0.01483300
