9 0.50392900 0.46189700 0.02174700 0.03837700
9 0.63194400 0.44531200 0.03216400 0.03865100
9 0.40478800 0.49698500 0.02558500 0.03673200
9 0.27613300 0.49314700 0.02558500 0.03947400
10 0.60727300 0.36102000 0.06067300 0.10307000
10 0.35681700 0.37321800 0.05427600 0.10170000
14 0.42498200 0.74835500 0.02869200 0.06688600
14 0.28792000 0.75219300 0.02211300 0.06688600
14 0.69782500 0.78111300 0.02942300 0.05838800
0 0.35124300 0.55688000 0.18348000 0.46244500
0 0.60270500 0.56140400 0.21820200 0.49835500
