14 0.23654900 0.75052100 0.09462000 0.13854200
14 0.34693900 0.71701400 0.12569600 0.12777800
11 0.32803800 0.51362800 0.03780100 0.03767400
11 0.19422500 0.56553800 0.06470300 0.03420100
10 0.20292200 0.29062500 0.11781100 0.04965300
4 0.22089500 0.33949700 0.06748600 0.04600700
12 0.21335800 0.31588500 0.07003700 0.09079900
0 0.25139100 0.54314200 0.31632700 0.55468800
0 0.85540400 0.02864600 0.04012100 0.04722200
10 0.86363600 0.01024300 0.01855300 0.01180600
12 0.86328800 0.01553800 0.01832100 0.02343800
