11 0.74906200 0.55363900 0.05529300 0.13250200
11 0.59541700 0.69454900 0.05822900 0.09133100
11 0.43027200 0.68918500 0.09460100 0.11887500
11 0.33200100 0.30240600 0.06768900 0.17164400
12 0.43989600 0.33009600 0.11286900 0.22528300
12 0.65862000 0.26485900 0.09460100 0.22760200
1 0.46248600 0.40026100 0.02528100 0.04610000
8 0.42431900 0.34096800 0.08399900 0.08002300
8 0.66237200 0.24427400 0.07209300 0.05595800
5 0.40613300 0.39939100 0.06263300 0.13482200
5 0.66596000 0.30197200 0.06915700 0.11220600
13 0.37987300 0.57176000 0.32555900 0.43374900
13 0.68488000 0.57755900 0.29880900 0.39837600
0 0.38574500 0.48912700 0.33501900 0.59379500
0 0.67803000 0.45708900 0.32360100 0.63641600
7 0.14989400 0.59727500 0.17974200 0.48883700
