12 0.40700700 0.34828600 0.29247900 0.27828600
12 0.11024200 0.27314300 0.22005600 0.38200000
3 0.43432600 0.37721400 0.22155600 0.17557100
3 0.12427700 0.38357100 0.17484500 0.21714300
1 0.03503300 0.32092900 0.06963800 0.07842900
1 0.30383500 0.36214300 0.04971100 0.07628600
11 0.29912100 0.84164300 0.19798600 0.07271400
11 0.44654000 0.84278600 0.12213400 0.11385700
11 0.58892200 0.87121400 0.14163300 0.06414300
11 0.89618600 0.71100000 0.15791700 0.08228600
8 0.50128600 0.38457100 0.15277500 0.06057100
8 0.21523500 0.34407100 0.06535200 0.05700000
0 0.54692500 0.59671400 0.85643900 0.80657100
0 0.25616000 0.52885700 0.51189200 0.93942900
