11 0.38433300 0.73975000 0.07866700 0.13250000
11 0.50291700 0.73100000 0.13450000 0.19100000
12 0.50275000 0.25375000 0.23483300 0.47950000
3 0.50483300 0.33237500 0.16200000 0.32375000
7 0.49050000 0.71337500 0.19700000 0.25325000
7 0.37708300 0.64000000 0.05316700 0.13850000
7 0.21416700 0.94800000 0.42833300 0.10400000
7 0.02300000 0.29187500 0.02266700 0.15925000
7 0.71650000 0.88975000 0.20666700 0.22050000
0 0.52483300 0.42325000 0.50666700 0.81550000
8 0.50016700 0.31312500 0.16566700 0.13075000
1 0.40758300 0.28000000 0.03283300 0.10000000
