12 0.60908300 0.63400000 0.03750000 0.06550000
12 0.45675000 0.64887500 0.03650000 0.06775000
3 0.60266700 0.64550000 0.02533300 0.04250000
1 0.61925000 0.65437500 0.00716700 0.01025000
1 0.47383300 0.65412500 0.00266700 0.01375000
1 0.43975000 0.66200000 0.00350000 0.01450000
11 0.58416700 0.72725000 0.02233300 0.03400000
9 0.49258300 0.66850000 0.02316700 0.03600000
9 0.62766700 0.72825000 0.01200000 0.02750000
0 0.60383300 0.74025000 0.11266700 0.27750000
14 0.61558300 0.86237500 0.01716700 0.03675000
14 0.48058300 0.84912500 0.03983300 0.05325000
14 0.43941700 0.88700000 0.01716700 0.03050000
0 0.46791700 0.75775000 0.10283300 0.28550000
