12 0.16931200 0.34336900 0.07177700 0.13982800
3 0.16717500 0.35757200 0.05822800 0.11062200
12 0.27526900 0.23874800 0.04394500 0.08661700
3 0.27862500 0.24965000 0.03527800 0.06841400
12 0.40881300 0.25885200 0.03540000 0.08481700
3 0.40850800 0.26515300 0.03015100 0.06861400
12 0.50610400 0.35637100 0.04907200 0.10022000
3 0.50610400 0.36077200 0.04077100 0.08501700
3 0.70355200 0.30046000 0.05603000 0.12242400
12 0.69958500 0.28855800 0.06616200 0.14542900
3 0.95379600 0.30346100 0.07482900 0.15563100
12 0.94512900 0.28375700 0.09411600 0.19583900
3 0.05517600 0.38367700 0.04223600 0.06881400
12 0.05706800 0.37407500 0.05090300 0.08721700
1 0.13732900 0.35857200 0.00781200 0.03580700
1 0.25964400 0.24724900 0.00854500 0.02520500
1 0.48516800 0.35557100 0.00720200 0.02860600
1 0.67150900 0.29685900 0.00927700 0.03480700
1 0.90692100 0.29575900 0.01843300 0.05141000
11 0.68792700 0.49499900 0.05065900 0.05741100
11 0.46032700 0.50050000 0.03125000 0.04160800
11 0.93811000 0.45379100 0.06518600 0.11422300
11 0.04077100 0.50280100 0.03759800 0.04020800
0 0.13812300 0.46759400 0.22839400 0.39908000
0 0.27569600 0.33796800 0.10217300 0.28625700
0 0.90728775 0.37927600 0.18542450 0.38807800
0 0.69061300 0.37457500 0.20593300 0.31706300
0 0.47357200 0.41628300 0.13928200 0.21844400
0 0.40753200 0.34897000 0.12365700 0.27305500
0 0.07098400 0.40388100 0.09509300 0.16403300
