12 0.24491700 0.53462500 0.12150000 0.20425000
3 0.28291700 0.56075000 0.04650000 0.12250000
12 0.44483300 0.56050000 0.10666700 0.19300000
3 0.46508300 0.58762500 0.06683300 0.13625000
12 0.67541700 0.56937500 0.09283300 0.17075000
3 0.66266700 0.59112500 0.06400000 0.12875000
12 0.51841700 0.47975000 0.05083300 0.08900000
12 0.76725000 0.47362500 0.05850000 0.07925000
12 0.84916700 0.48862500 0.09333300 0.17625000
3 0.83641700 0.50850000 0.06750000 0.13650000
11 0.34450000 0.79312500 0.06233300 0.07325000
11 0.43216700 0.78612500 0.04166700 0.05925000
11 0.64583300 0.79125000 0.05600000 0.06050000
11 0.75083300 0.78625000 0.06166700 0.06650000
1 0.42600000 0.58325000 0.01566700 0.03900000
1 0.70041700 0.59300000 0.01650000 0.03200000
1 0.87600000 0.51337500 0.01966700 0.03875000
8 0.28266700 0.54437500 0.04533300 0.03375000
8 0.65616700 0.58275000 0.06900000 0.03950000
0 0.23766700 0.71550000 0.19700000 0.56900000
0 0.41891700 0.71612500 0.25283300 0.54975000
0 0.72091700 0.74137500 0.24316700 0.51725000
0 0.89541675 0.70112500 0.20916650 0.59775000
0 0.53025000 0.55837500 0.07483300 0.25025000
0 0.75791700 0.55212500 0.09083300 0.23975000
