12 0.78723400 0.40054200 0.04494400 0.03665900
12 0.79978500 0.43863600 0.04327000 0.04972900
11 0.34138200 0.63659500 0.02964400 0.04016600
11 0.47585500 0.45760300 0.02844800 0.03793400
11 0.79715500 0.34587200 0.06908900 0.06056700
3 0.38979200 0.43226000 0.02988300 0.02869000
3 0.75065700 0.51514200 0.04590000 0.03634000
14 0.35955100 0.76793100 0.02725300 0.04144100
0 0.40329900 0.56821800 0.18121000 0.44533000
0 0.48338500 0.40133900 0.06598100 0.07778100
0 0.73129300 0.61475900 0.22615300 0.60854300
