9 0.55072100 0.81682700 0.16153800 0.11250000
9 0.43113000 0.72492000 0.14302900 0.08125000
9 0.19687500 0.55368600 0.15480800 0.15705100
5 0.03329325 0.32572100 0.06658650 0.08092900
5 0.59759600 0.49038500 0.18798100 0.07147400
5 0.98461500 0.41714700 0.03076900 0.07275600
12 0.11093725 0.17956700 0.22187450 0.28862200
12 0.61670700 0.40000000 0.30985600 0.21602600
1 0.04759600 0.23525600 0.09278800 0.06666700
7 0.22488000 0.63301300 0.07476000 0.06666700
7 0.40300500 0.67652200 0.02043300 0.04246800
7 0.81634600 0.74487200 0.15096200 0.06057700
13 0.58137000 0.61851000 0.76370200 0.36169900
13 0.80625000 0.85368600 0.38750000 0.12596200
0 0.14807700 0.46658700 0.29615400 0.88990400
0 0.73209100 0.60705100 0.53581700 0.66762800
