3 0.31865200 0.54658600 0.03977000 0.10623600
12 0.30082200 0.53081100 0.07543100 0.13680100
3 0.48299100 0.40054200 0.05390300 0.09267900
12 0.47789600 0.36763600 0.06606400 0.16539300
3 0.68972900 0.40929300 0.07132300 0.08898200
12 0.69309800 0.37429100 0.07904700 0.15947700
1 0.45291700 0.39179200 0.01347600 0.03327600
1 0.72571900 0.37626300 0.01314700 0.03722000
11 0.37921100 0.77249200 0.05242400 0.04584700
11 0.34272800 0.74562500 0.01857000 0.01824000
11 0.67567800 0.74858300 0.03730500 0.07345300
7 0.32982700 0.74525500 0.01939200 0.06137500
0 0.43188200 0.52033500 0.21364000 0.47079100
0 0.27156900 0.63544500 0.26935100 0.34705400
0 0.75308100 0.63261000 0.25981900 0.68055200
12 0.27370600 0.38673900 0.04289200 0.08479200
12 0.22728000 0.38575300 0.04437100 0.08676400
3 0.26590000 0.40818300 0.03714100 0.05472000
0 0.23229300 0.43344800 0.06721400 0.18018200
0 0.31733800 0.43455800 0.14001600 0.16711900
