12 0.20052100 0.48437500 0.07812500 0.06487600
12 0.28961100 0.48528900 0.09731400 0.08205400
12 0.60060300 0.39738700 0.06140400 0.06414500
3 0.59731400 0.40350900 0.05153500 0.05336300
12 0.47409500 0.47432400 0.05400200 0.04331100
12 0.96093775 0.49369500 0.07812450 0.06560700
3 0.98944600 0.50182700 0.02110700 0.04714900
12 0.84786200 0.52750400 0.12006600 0.10288700
3 0.86609100 0.53929100 0.08305900 0.07858200
11 0.42790600 0.62034000 0.04605300 0.02613300
11 0.44640900 0.52987900 0.03755500 0.02759500
11 0.48930900 0.51754400 0.03453900 0.02741200
11 0.67790600 0.55720000 0.03125000 0.03691500
11 0.96313000 0.75776700 0.07373900 0.04550400
11 0.02617900 0.57712000 0.03920000 0.02668100
1 0.17283400 0.49853800 0.00904600 0.01864000
1 0.22861800 0.50027400 0.01041700 0.01516800
1 0.31907900 0.49643600 0.01151300 0.02174700
1 0.45545500 0.47971500 0.00685300 0.01242700
1 0.62609600 0.39546800 0.00986800 0.01681300
1 0.82099800 0.53655000 0.01151300 0.02704700
14 0.06510400 0.74862900 0.06441900 0.02905700
14 0.36321300 0.80427600 0.04714900 0.03874300
0 0.94887600 0.56268300 0.10224800 0.20431300
0 0.86170500 0.67013900 0.27494500 0.39071600
0 0.58689700 0.47012100 0.23684200 0.20851600
0 0.44202300 0.52046800 0.11814700 0.13669600
0 0.12390400 0.60800400 0.23355300 0.31578900
0 0.30496200 0.63221900 0.29084400 0.38212700
