12 0.69635400 0.48486300 0.07916700 0.15175800
12 0.59173200 0.48281200 0.07148400 0.15273400
12 0.45065100 0.46669900 0.08020800 0.16464800
12 0.32981800 0.48662100 0.10286500 0.16464800
12 0.17441400 0.46855500 0.09309900 0.17304700
3 0.68737000 0.50849600 0.05703100 0.09316400
3 0.58613300 0.50644500 0.05612000 0.10000000
3 0.45488300 0.48095700 0.06028600 0.12285200
3 0.35865900 0.51494100 0.04179700 0.10839800
3 0.19121100 0.49404300 0.05898400 0.11503900
1 0.72389300 0.49404300 0.01367200 0.03652300
1 0.62096400 0.48398400 0.01354200 0.03476600
1 0.41862000 0.47099600 0.01328100 0.03769500
1 0.15286500 0.50654300 0.02265600 0.03886700
11 0.81152300 0.88076200 0.04544300 0.11230500
11 0.63431000 0.88632800 0.03606800 0.08125000
11 0.62076800 0.88740200 0.04830700 0.07363300
11 0.34257800 0.90449200 0.04453100 0.07773400
11 0.15735700 0.75332000 0.05950500 0.05820300
8 0.46126300 0.48427700 0.05195300 0.02910200
8 0.36940100 0.50361300 0.03984400 0.04003900
0 0.31699200 0.69472700 0.13841100 0.60351600
0 0.45625000 0.68867200 0.18411500 0.61093800
0 0.78001300 0.69951200 0.24726600 0.57441400
0 0.14485700 0.68320300 0.19101600 0.61210900
0 0.62018200 0.70361300 0.15781300 0.59277300
