11 0.50413300 0.75818100 0.12477400 0.07509500
11 0.24373500 0.67895300 0.11599100 0.07647300
11 0.35753000 0.70496000 0.14983200 0.08232900
11 0.97171275 0.55434000 0.05657450 0.05942100
11 0.60359100 0.71822300 0.05967500 0.04374800
3 0.60643200 0.25637300 0.13304100 0.11143600
3 0.57724100 0.49397200 0.16972400 0.12711000
3 0.35856400 0.44075100 0.14311500 0.10781900
12 0.37948900 0.42197700 0.17876500 0.17671400
12 0.60694900 0.48243200 0.22552300 0.15983500
12 0.64389000 0.25267000 0.22035600 0.16706900
1 0.66739900 0.49569400 0.05089100 0.05339300
1 0.44148800 0.42499100 0.01963300 0.03772000
0 0.67191900 0.59671000 0.45621300 0.43902900
0 0.75393975 0.48544600 0.49212050 0.65191200
