12 0.42842400 0.45343100 0.09719700 0.08731600
3 0.42899800 0.46844400 0.07674600 0.05759800
12 0.61707300 0.42126200 0.08662700 0.08394600
3 0.61328100 0.43321100 0.07215100 0.06004900
11 0.51194900 0.48376200 0.04503700 0.03431400
11 0.54813900 0.50283400 0.04067100 0.03140300
11 0.54434700 0.52343800 0.04641500 0.03645800
11 0.36615300 0.62500000 0.05078100 0.04748800
1 0.38982100 0.45082700 0.01401700 0.01868900
1 0.65429700 0.42256400 0.01309700 0.02037400
9 0.69967800 0.66214800 0.04917300 0.05530000
9 0.66900300 0.65479500 0.03239900 0.04886600
14 0.43554700 0.83478900 0.10409000 0.02833900
14 0.65498600 0.82667000 0.05675600 0.04825400
14 0.62373600 0.82682300 0.01263800 0.02895200
8 0.61121300 0.42562800 0.07812500 0.02374400
0 0.45588200 0.62905900 0.22242600 0.44041100
0 0.60994900 0.61649800 0.24103900 0.47166100
