3 0.64434400 0.42869100 0.09192500 0.08749800
12 0.65340100 0.42117400 0.11081100 0.10176000
3 0.21025200 0.62649400 0.06436700 0.08685600
12 0.18481400 0.61236000 0.11794200 0.12103300
3 0.80873000 0.48907900 0.05685100 0.07413600
12 0.83465000 0.47096200 0.10792100 0.11242500
8 0.21834700 0.62835700 0.04779300 0.02042900
1 0.85103100 0.49119900 0.01965700 0.02646800
1 0.69483500 0.43537200 0.01792300 0.02042900
8 0.64868000 0.42920500 0.10175400 0.03841700
11 0.46338400 0.52357700 0.08460200 0.05062300
11 0.65494300 0.56841800 0.08267500 0.04162900
11 0.62439800 0.60612900 0.04779300 0.03533300
11 0.26006900 0.69651800 0.05916400 0.04985200
11 0.33060300 0.77046100 0.07727900 0.05280700
0 0.61061900 0.50783800 0.37984200 0.25735600
0 0.21622700 0.77360900 0.38735800 0.45278200
0 0.69030600 0.58576400 0.47639200 0.34922300
