3 0.14996600 0.39702900 0.06193400 0.10120800
12 0.13838500 0.36304100 0.09953000 0.17019100
12 0.45728400 0.46450200 0.16331000 0.28197400
3 0.83274600 0.40848400 0.05622700 0.17245700
12 0.88016100 0.37600700 0.15642800 0.23489400
1 0.40189700 0.49546800 0.01997300 0.06445100
11 0.26804300 0.63016100 0.04531700 0.05538800
11 0.14812000 0.65282000 0.02870100 0.04733100
0 0.88536400 0.63016100 0.22927200 0.73967800
0 0.15365900 0.47155100 0.27844900 0.40332300
0 0.40567300 0.66075000 0.46357800 0.67849900
