12 0.70259600 0.61277800 0.10875400 0.20511100
12 0.65111300 0.39988900 0.08026700 0.17755600
12 0.49258200 0.62155600 0.08189900 0.18488900
12 0.45037100 0.37855600 0.08115700 0.17800000
12 0.30452500 0.62977800 0.10400600 0.18177800
3 0.64577200 0.42533300 0.06335300 0.12266700
3 0.45378300 0.39988900 0.06750700 0.13266700
3 0.68368000 0.62988900 0.07092000 0.16111100
3 0.49235900 0.64233300 0.07106800 0.14244400
3 0.31520800 0.65088900 0.05801200 0.13377800
1 0.68508900 0.40844400 0.01231500 0.03955600
1 0.41557900 0.39544400 0.00949600 0.04600000
1 0.45326400 0.62322200 0.00682500 0.03844400
1 0.72967400 0.63155600 0.02017800 0.04444400
11 0.29124600 0.85066700 0.04955500 0.07377800
11 0.34354600 0.89966700 0.04643900 0.06555600
11 0.66179500 0.92922200 0.06839800 0.05711100
8 0.68026700 0.62211100 0.08278900 0.05933300
8 0.31698800 0.63666700 0.06958500 0.04977800
0 0.67522300 0.51877800 0.18664700 0.41622200
0 0.70059300 0.72788900 0.26112800 0.44288900
0 0.43457000 0.50488900 0.21602400 0.43422200
0 0.28360500 0.73800000 0.19807100 0.40577800
0 0.49035600 0.64455600 0.18724000 0.23488900
