3 0.40166700 0.24837500 0.09033300 0.17375000
12 0.41041700 0.21775000 0.10983300 0.23500000
3 0.77041700 0.25837500 0.08550000 0.12075000
12 0.76808300 0.21412500 0.10216700 0.21225000
9 0.31208300 0.66475000 0.07550000 0.10650000
9 0.59758300 0.78775000 0.07683300 0.13400000
8 0.76666700 0.25725000 0.07366700 0.05500000
1 0.45516700 0.22650000 0.01833300 0.06000000
7 0.28850000 0.71362500 0.06400000 0.07925000
0 0.44858300 0.52775000 0.35250000 0.86250000
0 0.77900000 0.55200000 0.33233300 0.89600000
