12 0.30907100 0.21620700 0.15783000 0.25172400
3 0.35802900 0.25494300 0.05991400 0.15494300
12 0.62488500 0.21551700 0.12473200 0.25540200
3 0.61293300 0.26793100 0.09224600 0.15333300
1 0.66894000 0.24298900 0.02467100 0.05977000
1 0.32041100 0.25586200 0.02022700 0.04505700
11 0.43947300 0.61804600 0.09745600 0.08988500
11 0.48743500 0.67011500 0.05240600 0.05195400
10 0.30685000 0.16413800 0.16319300 0.17793100
10 0.61561400 0.16333300 0.16074200 0.15839100
16 0.33726600 0.59195400 0.29788500 0.52367800
8 0.55554700 0.72103400 0.04612300 0.13678200
2 0.55409100 0.85275900 0.07324500 0.16298900
0 0.33726600 0.53770100 0.29849800 0.92459800
0 0.64748700 0.54264375 0.35044400 0.91471250
9 0.52490000 0.82896600 0.09362500 0.15954000
9 0.72088600 0.85425300 0.10098100 0.16183900
