11 0.26847000 0.61316300 0.06295500 0.04873400
11 0.38124300 0.74939300 0.05853300 0.04994800
11 0.43613400 0.78416600 0.13917800 0.05497700
11 0.73608200 0.76942400 0.13189400 0.08237900
12 0.24180500 0.35544600 0.15426600 0.12296200
1 0.18236200 0.33983700 0.02757500 0.03936900
3 0.23673300 0.37773200 0.13943800 0.07908400
12 0.44471900 0.30844600 0.12773200 0.12989900
1 0.49843900 0.31312900 0.01873000 0.03000300
3 0.43691500 0.32483500 0.10587900 0.09469300
12 0.54396500 0.49098200 0.15192500 0.14533500
3 0.53199800 0.50858500 0.12695100 0.10874100
1 0.60574900 0.49930600 0.02575400 0.03919500
12 0.80281000 0.33489400 0.15972900 0.15886200
3 0.79032300 0.36576500 0.12799200 0.09469300
1 0.85900100 0.34278500 0.02705500 0.03728800
0 0.53564000 0.61429100 0.44953200 0.39472800
8 0.52770600 0.49861300 0.14073900 0.03954200
8 0.43548400 0.32362100 0.11758600 0.04058300
0 0.82999500 0.61836600 0.32388100 0.76326700
0 0.15933900 0.52063800 0.31867800 0.45334700
0 0.41155000 0.46817600 0.35587900 0.44935800
