12 0.19262200 0.53841100 0.00816000 0.01224000
12 0.22135400 0.52122400 0.00937500 0.01484400
12 0.23967000 0.50585900 0.00607600 0.01015600
12 0.24574700 0.50338500 0.00954900 0.01718700
12 0.25269100 0.50260400 0.00572900 0.01250000
12 0.27161500 0.50481800 0.00885400 0.01432300
12 0.30408000 0.51783900 0.00954900 0.01328100
12 0.34019100 0.52955700 0.00781200 0.01015600
12 0.35859400 0.51783900 0.00989600 0.01276000
12 0.35833300 0.48099000 0.00798600 0.01250000
12 0.38862800 0.47578100 0.00850700 0.01145800
12 0.41475700 0.50299500 0.00763900 0.01171900
12 0.43472200 0.48684900 0.00798600 0.01536500
11 0.32691000 0.51406200 0.00381900 0.00833300
11 0.27751700 0.54140600 0.00538200 0.00833300
16 0.19053800 0.56289100 0.01788200 0.03880200
16 0.15607600 0.61953100 0.02152800 0.03281300
16 0.31996500 0.53997400 0.01736100 0.03307300
15 0.56067700 0.52877600 0.03489600 0.13255200
15 0.53255200 0.54101600 0.04461800 0.14505200
14 0.51640600 0.60286500 0.01128500 0.01041700
14 0.53993100 0.60742200 0.01319400 0.01276000
14 0.56519100 0.58984400 0.01302100 0.01250000
14 0.55842000 0.53476600 0.01649300 0.02265600
9 0.54921900 0.53229200 0.01128500 0.03437500
9 0.51319400 0.48346400 0.01562500 0.01588500
12 0.15937500 0.59895800 0.00833300 0.01406200
12 0.53958300 0.46406200 0.01215300 0.02135400
1 0.54218800 0.46731800 0.00208300 0.00703100
0 0.15364600 0.61484400 0.02604200 0.04583300
0 0.18776000 0.57526000 0.03385400 0.09114600
0 0.21970500 0.55468800 0.03211800 0.08645800
0 0.24548600 0.54166700 0.02395800 0.09895800
0 0.25590300 0.50742200 0.00902800 0.02317700
0 0.27048600 0.53424500 0.03541700 0.07265600
0 0.23420100 0.51966100 0.01666700 0.03984400
0 0.20868100 0.58099000 0.01701400 0.06458300
0 0.31154500 0.54062500 0.03454900 0.06197900
0 0.32239600 0.54791700 0.02361100 0.05104200
0 0.34062500 0.54934900 0.01944400 0.05130200
0 0.35833300 0.54062500 0.03576400 0.05781300
0 0.36501700 0.52187500 0.02725700 0.09166700
0 0.38541700 0.50963500 0.03090300 0.07864600
0 0.41927100 0.52786500 0.02569400 0.06250000
0 0.43923600 0.51822900 0.01770800 0.08281300
