12 0.08493300 0.43645800 0.16986600 0.24672600
12 0.49040200 0.42373500 0.27991100 0.22187500
12 0.86852700 0.45461300 0.26294600 0.22797600
3 0.84229900 0.48854200 0.17299100 0.16220200
3 0.48906200 0.45163700 0.17857100 0.14166700
3 0.08526800 0.46175600 0.16562500 0.18839300
1 0.38984400 0.45305100 0.02477700 0.03556500
1 0.57388400 0.46800600 0.02008900 0.02678600
1 0.93738800 0.45342300 0.04263400 0.04613100
0 0.08493300 0.64858600 0.16897300 0.67098200
0 0.47812500 0.65535700 0.65223200 0.68928600
0 0.86629475 0.66019300 0.26741050 0.67485100
