12 0.29983300 0.28512500 0.05366700 0.12025000
12 0.12033300 0.39175000 0.07266700 0.09850000
12 0.45091700 0.44875000 0.07016700 0.10100000
3 0.29575000 0.32200000 0.04416700 0.04800000
3 0.13666700 0.40475000 0.04033300 0.07400000
3 0.43466700 0.45875000 0.03833300 0.08100000
1 0.10891700 0.42837500 0.01483300 0.01275000
1 0.45800000 0.48750000 0.01166700 0.01800000
9 0.23216700 0.55537500 0.06133300 0.06575000
9 0.20641700 0.49900000 0.04050000 0.07600000
9 0.24425000 0.48650000 0.02916700 0.06600000
9 0.34833300 0.49287500 0.04300000 0.07325000
9 0.37483300 0.52250000 0.04266700 0.05950000
9 0.37550000 0.59737500 0.05166700 0.05675000
0 0.42841700 0.63825000 0.15583300 0.49000000
0 0.16808300 0.60600000 0.18883300 0.53700000
0 0.30733300 0.45162500 0.15866700 0.45975000
14 0.43425000 0.85600000 0.04650000 0.05000000
14 0.35883300 0.64075000 0.03133300 0.08000000
14 0.27300000 0.63200000 0.04066700 0.08500000
14 0.14100000 0.84412500 0.06733300 0.06125000
14 0.20416700 0.71475000 0.04800000 0.04500000
