12 0.16966200 0.33198100 0.16695700 0.27977000
3 0.21127000 0.39911000 0.08234500 0.14708200
12 0.69164300 0.33041100 0.12159800 0.24679400
3 0.69216700 0.36155500 0.10066300 0.18450700
12 0.92890800 0.36914400 0.14218400 0.44988200
11 0.32676200 0.71879100 0.08932300 0.10390000
11 0.37971000 0.67953400 0.05251200 0.07458800
11 0.57449400 0.65441000 0.07536600 0.11436800
11 0.66739400 0.69275100 0.08600800 0.11148900
11 0.56847500 0.94778875 0.09961600 0.10442250
11 0.74607500 0.82020400 0.08880000 0.14917600
11 0.79858700 0.80253900 0.09089300 0.10965700
11 0.83975900 0.75477600 0.08426400 0.11515300
1 0.16093900 0.38576300 0.02669200 0.05234200
1 0.74590000 0.34179500 0.01343300 0.06595100
1 0.64174800 0.35671300 0.02285400 0.05914700
1 0.90910700 0.48508200 0.04187000 0.11489100
8 0.22732000 0.36574200 0.04187000 0.05469800
8 0.69059700 0.34271100 0.10171000 0.05417400
0 0.68422900 0.48089500 0.45324500 0.55195000
0 0.75828700 0.57105475 0.48342600 0.85789050
0 0.22967600 0.49254100 0.35048800 0.60141300
0 0.17489500 0.52630200 0.34944200 0.94739600
