12 0.80787500 0.34983100 0.20675000 0.32096000
12 0.29137500 0.35245600 0.17975000 0.36220500
3 0.28800000 0.39613800 0.13300000 0.24859400
3 0.78225000 0.37307800 0.14650000 0.27221600
11 0.21562500 0.28477700 0.09225000 0.20210000
11 0.37362500 0.31496100 0.05425000 0.19497600
11 0.91175000 0.34701900 0.10300000 0.15485600
11 0.72550000 0.32283500 0.11100000 0.16722900
8 0.29662500 0.39351300 0.14525000 0.11511100
8 0.83887500 0.26040500 0.13875000 0.13460800
7 0.14425000 0.82339700 0.07850000 0.06824100
0 0.77625000 0.48125200 0.37150000 0.57330300
0 0.25600000 0.47150400 0.41200000 0.60255000
