12 0.71280000 0.23582400 0.13800000 0.27842800
12 0.46480000 0.35943600 0.04240000 0.18961900
12 0.19750000 0.64806500 0.18860000 0.36063600
3 0.27470000 0.71827200 0.05780000 0.19622000
3 0.46690000 0.37413700 0.03780000 0.11521200
1 0.25840000 0.68781900 0.01720000 0.08430800
1 0.45900000 0.38883900 0.01960000 0.04980500
11 0.45580000 0.70072000 0.09720000 0.11011100
11 0.37360000 0.83258300 0.13280000 0.13441300
9 0.62140000 0.70912100 0.04640000 0.06210600
8 0.28510000 0.64746500 0.04580000 0.05940600
0 0.18910000 0.72487200 0.37820000 0.52985300
0 0.54020000 0.51605200 0.21080000 0.50525100
0 0.58630000 0.44329400 0.39940000 0.72217200
