11 0.50397600 0.78313100 0.16273800 0.04676300
11 0.71258200 0.73068900 0.08747500 0.04600500
11 0.88469200 0.71705800 0.07213900 0.04562700
12 0.31993800 0.52025700 0.18148300 0.15562300
1 0.30630500 0.53701200 0.02527700 0.04373300
3 0.36438500 0.53625500 0.09258700 0.12173400
12 0.66316400 0.53407800 0.14030100 0.12798200
3 0.67381400 0.55206400 0.11786400 0.08898100
1 0.60891800 0.55092800 0.03180900 0.02953400
0 0.29267300 0.65155200 0.58534500 0.42124200
8 0.36211300 0.53133300 0.09031500 0.03123800
0 0.71428600 0.61151100 0.41522300 0.28663400
