12 0.42908300 0.52125000 0.02050000 0.04100000
3 0.42825000 0.52700000 0.01616700 0.02900000
1 0.43816700 0.52225000 0.00266700 0.01000000
12 0.63600000 0.49962500 0.01366700 0.03125000
3 0.63575000 0.50487500 0.01183300 0.02025000
12 0.77675000 0.48825000 0.01383300 0.02500000
1 0.77750000 0.49125000 0.01000000 0.01800000
12 0.77125000 0.48725000 0.00283300 0.00700000
0 0.43175000 0.56725000 0.05550000 0.13900000
0 0.63716700 0.53412500 0.03533300 0.10075000
0 0.77358300 0.51600000 0.03550000 0.08100000
11 0.40975000 0.56150000 0.01016700 0.02450000
11 0.44341700 0.62725000 0.01183300 0.02150000
11 0.62283300 0.53537500 0.00666700 0.01775000
11 0.63908300 0.57837500 0.00750000 0.01325000
11 0.76750000 0.51550000 0.00566700 0.01550000
