12 0.43288700 0.51478200 0.17767900 0.18035700
3 0.43050600 0.54464300 0.15029800 0.11825400
12 0.70104200 0.33988100 0.22648800 0.20912700
3 0.67113100 0.40396800 0.10892900 0.08015900
11 0.31622000 0.72619000 0.12648800 0.08452400
11 0.45148800 0.81765900 0.13928600 0.10873000
9 0.47395800 0.80059500 0.08303600 0.09960300
9 0.05565500 0.95565500 0.11071400 0.06011900
0 0.34494000 0.62599200 0.62857100 0.40476200
0 0.69107100 0.55793700 0.61785700 0.62738100
7 0.10386900 0.91438500 0.20654800 0.03511900
7 0.60803600 0.97390900 0.23333300 0.05099200
7 0.67842300 0.94553600 0.14732100 0.07202400
7 0.34895800 0.76140900 0.04970200 0.10575400
7 0.46086300 0.97599200 0.24494000 0.04801600
