11 0.32423500 0.55958300 0.08136300 0.09752300
11 0.37795500 0.67653200 0.12239200 0.13689700
11 0.50199900 0.47575000 0.04224600 0.02581500
11 0.48609200 0.49322000 0.04694000 0.02372900
11 0.58379700 0.59348100 0.03790000 0.08187700
0 0.49582800 0.52229500 0.16481200 0.65241200
0 0.24669700 0.64002600 0.38803900 0.71994800
0 0.69958300 0.59843500 0.37343500 0.70299900
12 0.17020200 0.39387200 0.14290700 0.22190400
3 0.19993000 0.41447200 0.08275400 0.17914000
1 0.15125200 0.42438100 0.02607800 0.05397700
12 0.50878000 0.27679300 0.04885300 0.09778400
3 0.50712800 0.28331200 0.04207200 0.08474600
1 0.53051100 0.28331200 0.00538900 0.02529300
1 0.69706200 0.40547600 0.02103600 0.05267300
12 0.71279600 0.37457600 0.14707900 0.25475900
3 0.66472500 0.40325900 0.05128700 0.19478500
8 0.18567500 0.41108200 0.10813600 0.04824000
14 0.47496500 0.80573700 0.04415900 0.08396300
