12 0.78537500 0.17475000 0.18675000 0.15983300
12 0.43612500 0.28725000 0.25175000 0.15883300
12 0.17375000 0.50641700 0.34750000 0.36016700
3 0.48000000 0.32916700 0.09350000 0.07933300
3 0.76350000 0.20375000 0.11650000 0.08616700
3 0.29175000 0.58991700 0.10550000 0.18616700
11 0.52712500 0.55500000 0.10475000 0.03166700
11 0.58050000 0.87908300 0.14350000 0.12116700
11 0.44462500 0.76175000 0.19125000 0.06783300
1 0.23812500 0.54716700 0.07325000 0.10300000
8 0.28062500 0.53325000 0.16625000 0.06550000
0 0.79900000 0.29325000 0.40200000 0.35450000
0 0.34862500 0.65216700 0.69725000 0.67100000
0 0.46625000 0.41050000 0.32800000 0.34233300
