12 0.31927100 0.35208300 0.16701400 0.32812500
3 0.32378500 0.40468700 0.13229200 0.22760400
12 0.76267400 0.33020800 0.19340300 0.35312500
3 0.76736100 0.41862000 0.14375000 0.17526000
11 0.17222200 0.66549500 0.05555600 0.13880200
11 0.43020800 0.69752600 0.02326400 0.10078100
11 0.66666700 0.67656200 0.09375000 0.09375000
11 0.83984400 0.64804700 0.07899300 0.16953100
1 0.84817700 0.35377600 0.02204900 0.07786500
1 0.25069400 0.39231800 0.02743100 0.08359400
1 0.39227400 0.38958300 0.02031300 0.08229200
0 0.29600700 0.44427100 0.44201400 0.61822900
0 0.73472200 0.44283900 0.45069400 0.57786500
8 0.32013900 0.39739600 0.13958300 0.08281200
