12 0.74914600 0.49395800 0.02685500 0.04686900
3 0.75067100 0.50448600 0.02087400 0.02544900
12 0.49932900 0.34575200 0.02502400 0.04998200
3 0.50268600 0.35545600 0.01757800 0.03167300
11 0.51562500 0.41111300 0.01489300 0.01592800
11 0.74426300 0.57259200 0.01171900 0.01885800
0 0.74841300 0.56362100 0.06860400 0.18692800
0 0.52032500 0.40141000 0.08508300 0.15836700
14 0.54693600 0.45734200 0.02160600 0.01574500
14 0.52307100 0.46503100 0.02343800 0.01281600
6 0.52661100 0.47034100 0.01709000 0.01904100
14 0.72125200 0.64610000 0.00744600 0.02013900
6 0.72491500 0.62422200 0.00915500 0.02142100
6 0.77526900 0.62980600 0.01489300 0.01794200
