3 0.43545200 0.19284200 0.09419500 0.17040600
12 0.43385000 0.16666700 0.11663100 0.22703000
3 0.73798100 0.26722800 0.06570500 0.10977600
12 0.74145300 0.24078500 0.08297700 0.16105800
3 0.17797400 0.38541700 0.05003600 0.09348300
12 0.17654900 0.36992500 0.06143200 0.12500000
1 0.15233300 0.38101000 0.00943700 0.03392100
1 0.20201200 0.38742000 0.00730100 0.03071600
1 0.38515000 0.19778300 0.01709400 0.05742500
1 0.48584400 0.18910300 0.01086200 0.05715800
1 0.77626400 0.26362200 0.01157400 0.03632500
1 0.70797700 0.26549100 0.00463000 0.02297000
11 0.11066600 0.74586000 0.03864000 0.07451900
11 0.22854300 0.74612700 0.03151700 0.07879300
11 0.43162400 0.46768200 0.08119700 0.09241500
11 0.60354300 0.92521375 0.07211500 0.14957250
11 0.81445900 0.75494100 0.05341900 0.10977600
11 0.67298800 0.76001600 0.02012100 0.07612200
7 0.50721200 0.43162400 0.20281300 0.29754300
0 0.76077300 0.58560375 0.20174500 0.82879250
0 0.17005000 0.65317800 0.18091200 0.69364300
0 0.45548400 0.52417200 0.38995700 0.94898500
