12 0.31770800 0.14785900 0.09570300 0.22800900
3 0.32023100 0.17491300 0.07047500 0.17274300
12 0.52327500 0.24045100 0.08691400 0.22106500
3 0.52002000 0.27025500 0.06966100 0.16030100
12 0.62101200 0.25708900 0.09684200 0.23697900
3 0.61596700 0.28616900 0.07796200 0.17997700
12 0.44547500 0.50376200 0.09798200 0.24074100
3 0.44083700 0.54108800 0.07731100 0.16377300
11 0.65315800 0.66059000 0.09049500 0.08969900
11 0.52628600 0.89713500 0.06559200 0.08130800
11 0.19392900 0.84852400 0.05550100 0.12876200
11 0.37784800 0.63151000 0.04671200 0.04658600
1 0.27750700 0.16782400 0.01464800 0.04861100
1 0.35774700 0.16739000 0.00520800 0.02691000
1 0.55883800 0.25665500 0.01481100 0.05324100
1 0.65983100 0.27039900 0.01171900 0.02922500
1 0.48575800 0.53284100 0.01383500 0.05005800
0 0.53556300 0.37861700 0.16878300 0.50549800
0 0.65706400 0.54022000 0.33105500 0.80613400
0 0.44026700 0.62659100 0.21484400 0.50260400
0 0.27400700 0.48509800 0.26318400 0.92042800
8 0.44124300 0.53023700 0.08268200 0.04716400
8 0.45426400 0.97540500 0.10156200 0.04919000
