12 0.22567000 0.41428600 0.16116100 0.30491100
12 0.47314000 0.47567000 0.10788700 0.19196400
12 0.82381000 0.36395100 0.29375000 0.38995500
3 0.47745500 0.49140600 0.07991100 0.15022300
3 0.81756000 0.39185300 0.19107100 0.33906300
3 0.24479200 0.43537900 0.12172600 0.25692000
1 0.16517900 0.44810300 0.03482100 0.06674100
1 0.52001500 0.47232100 0.01324400 0.05133900
1 0.92983600 0.43593700 0.04538700 0.07232100
8 0.24226200 0.39609400 0.14702400 0.07343700
8 0.47105700 0.47433000 0.06800600 0.05312500
8 0.78906200 0.34162900 0.17038700 0.09575900
3 0.81019300 0.46529000 0.17008900 0.18370500
0 0.18586300 0.63247800 0.36190500 0.73281300
0 0.76465775 0.56104900 0.47068450 0.84888400
0 0.50379500 0.68671875 0.26800600 0.62656250
