3 0.47427300 0.34815600 0.16229400 0.20987000
12 0.48067900 0.29663800 0.17592000 0.31507600
3 0.66127700 0.46298800 0.15965000 0.18736400
12 0.68730900 0.36727200 0.24018700 0.36523900
8 0.47071400 0.31168700 0.15924300 0.11523900
1 0.55114900 0.28348700 0.03050600 0.06968500
1 0.73784800 0.43261900 0.03050600 0.06697400
11 0.48769600 0.83636100 0.14602400 0.10818900
11 0.47773000 0.76165900 0.08623100 0.09381800
11 0.39393900 0.79609500 0.10412900 0.10791800
11 0.32326600 0.77128500 0.09416300 0.10927300
0 0.70917200 0.55450100 0.58165500 0.74511900
0 0.48362800 0.49186600 0.41773400 0.71420800
