12 0.36610700 0.53324200 0.05535200 0.08491000
12 0.49268600 0.53087600 0.05984000 0.09462200
3 0.36984700 0.54693700 0.04521300 0.04805800
1 0.35455500 0.54843100 0.01329800 0.02564700
15 0.39145600 0.64516900 0.15126300 0.15737100
15 0.50390600 0.61802800 0.10023300 0.25796800
9 0.45121300 0.47510000 0.04471400 0.05478100
9 0.37982000 0.59362500 0.06582400 0.08864500
9 0.44057500 0.61416800 0.03706800 0.08242000
7 0.41439500 0.52527400 0.03789900 0.10433300
3 0.47581400 0.55278900 0.01745300 0.03486100
10 0.36685500 0.52602100 0.05418900 0.07594600
10 0.49060800 0.52265900 0.05967400 0.06872500
0 0.39527900 0.60595100 0.14228700 0.23979100
0 0.49119000 0.58877000 0.12500000 0.27664300
