12 0.20093200 0.37079700 0.10307000 0.07492700
12 0.42543900 0.36266400 0.10581100 0.10252200
3 0.46696800 0.35672500 0.02110700 0.06469300
12 0.78015400 0.62609600 0.13432000 0.09831900
3 0.81441900 0.63139600 0.06578900 0.08260200
12 0.89185900 0.57839900 0.06825700 0.05665200
3 0.91104700 0.57949600 0.02823500 0.04568700
12 0.97820700 0.58580000 0.04358600 0.05244900
12 0.06866800 0.61357800 0.13678700 0.14492000
12 0.02371200 0.51407200 0.04687500 0.05482500
3 0.02850900 0.51516800 0.03508800 0.04568700
11 0.58374500 0.50895500 0.06003300 0.03435700
11 0.96820200 0.78390000 0.06359600 0.06743400
11 0.23108600 0.87024900 0.07675400 0.07638900
11 0.19545000 0.79979900 0.07346500 0.06926200
14 0.47286200 0.85992300 0.13377200 0.04623500
1 0.77384900 0.64464500 0.02467100 0.02467100
5 0.22738500 0.38687900 0.03426500 0.04057000
0 0.46587200 0.60535500 0.31058100 0.57913000
0 0.13528000 0.77019375 0.26343200 0.45961250
0 0.88678700 0.64080800 0.09923200 0.18951000
0 0.82689100 0.78947375 0.34621700 0.42105250
