12 0.19855800 0.36490400 0.07115400 0.13846200
12 0.38052900 0.43064900 0.07676300 0.17331700
3 0.39046500 0.46298100 0.05176300 0.10384600
12 0.50512800 0.47247600 0.06634600 0.12620200
3 0.50088100 0.49903800 0.05592900 0.07451900
3 0.58405400 0.39723600 0.04278800 0.06706700
12 0.59967900 0.37163500 0.07435900 0.11971200
3 0.76971200 0.49879800 0.05416700 0.10336500
12 0.77259600 0.47367800 0.06025600 0.15120200
8 0.50032100 0.47764400 0.05576900 0.02692300
9 0.42283700 0.64687500 0.06522400 0.06971200
9 0.48197100 0.64711500 0.04887800 0.09086500
9 0.26770800 0.60324500 0.04407100 0.05216300
9 0.12363800 0.64663500 0.03637800 0.02259600
9 0.71859000 0.69519200 0.04423100 0.05673100
9 0.80272400 0.68954300 0.04262800 0.07187500
1 0.21330100 0.39314900 0.01057700 0.03677900
1 0.38004800 0.42860600 0.01362200 0.03028800
1 0.60745200 0.39194700 0.01169900 0.03629800
1 0.79575300 0.47632200 0.01041700 0.03052900
10 0.19911900 0.34326900 0.09471200 0.09519200
10 0.38237200 0.38774000 0.08653800 0.08653800
10 0.50408700 0.44050500 0.06939100 0.06562500
10 0.60488800 0.36117800 0.08862200 0.09831700
10 0.77572100 0.43665900 0.06426300 0.08004800
16 0.81185900 0.62620200 0.09839700 0.23846200
16 0.61899000 0.55721200 0.16298100 0.29134600
16 0.48918300 0.61670700 0.12612200 0.17379800
16 0.33605800 0.56057700 0.11538500 0.24230800
16 0.19326900 0.54711500 0.16474400 0.24807700
0 0.80152200 0.56935100 0.12227600 0.34879800
0 0.61354200 0.51081700 0.30817300 0.40480800
0 0.48245200 0.55420700 0.12387800 0.29254800
0 0.37035300 0.51851000 0.17435900 0.34903800
0 0.21778800 0.48762000 0.26282100 0.38389400
