12 0.51656000 0.38192500 0.08392600 0.13394000
3 0.53155900 0.40676200 0.05288700 0.08218500
8 0.52349600 0.38569600 0.05098000 0.10247100
9 0.54967900 0.59479800 0.09016800 0.09778900
9 0.61245000 0.59687900 0.05756900 0.11027300
15 0.57092100 0.57633300 0.19923700 0.53680100
7 0.26504200 0.53966200 0.02202200 0.10455100
7 0.25715300 0.52912900 0.01525900 0.08660600
7 0.24328100 0.56306900 0.01699300 0.15448600
7 0.23409100 0.56593000 0.01630000 0.14668400
7 0.21666400 0.55942800 0.01994100 0.14616400
7 0.22377300 0.54070200 0.01369900 0.09830900
7 0.21059500 0.54928500 0.01647300 0.12119600
7 0.19472900 0.55695700 0.02392900 0.15422600
7 0.18354400 0.54551400 0.01300500 0.10429100
7 0.17175300 0.57945400 0.01994100 0.17737300
7 0.16160900 0.55994800 0.01768700 0.14512400
7 0.14765000 0.57412200 0.01959400 0.17659300
7 0.13594600 0.55383600 0.01075100 0.12145600
7 0.12571500 0.56619000 0.01768700 0.15292600
7 0.10984900 0.55500700 0.01855400 0.14772400
7 0.09753800 0.56215900 0.02514300 0.15994800
7 0.10421400 0.56970100 0.01421900 0.15162500
7 0.07126800 0.57542300 0.02635700 0.18231500
0 0.57170100 0.57971400 0.20357200 0.54512400
