12 0.71525000 0.25400000 0.17050000 0.32650000
12 0.44900000 0.23287500 0.07200000 0.12725000
12 0.27891700 0.33725000 0.06250000 0.12350000
12 0.12408300 0.32700000 0.11550000 0.16350000
12 0.32716700 0.59550000 0.12933300 0.20200000
3 0.71058300 0.28400000 0.13583300 0.26900000
3 0.44491700 0.23937500 0.05350000 0.09825000
3 0.27908300 0.34225000 0.05083300 0.09700000
3 0.15566700 0.34350000 0.04800000 0.11900000
1 0.14075000 0.34687500 0.01650000 0.04675000
1 0.27491700 0.64675000 0.02050000 0.05150000
11 0.17275000 0.82112500 0.07150000 0.15025000
11 0.22650000 0.79437500 0.06033300 0.11875000
11 0.10116700 0.73012500 0.05866700 0.10875000
11 0.26625000 0.68137500 0.04216700 0.07175000
11 0.55541700 0.86037500 0.10716700 0.12475000
11 0.68333300 0.47225000 0.09400000 0.16100000
0 0.69508300 0.55962500 0.38783300 0.85825000
0 0.27258300 0.44862500 0.12350000 0.32425000
0 0.15400000 0.55925000 0.23800000 0.61800000
0 0.46758300 0.38425000 0.16516700 0.50200000
0 0.28633300 0.75050000 0.29733300 0.49900000
