3 0.47991100 0.32243300 0.07470200 0.14174100
12 0.47596700 0.30669600 0.09211300 0.17276800
3 0.23526800 0.31573700 0.09315500 0.19754500
12 0.21488100 0.29252200 0.13750000 0.24575900
12 0.90245500 0.41897300 0.19508900 0.58169600
11 0.26912200 0.68995500 0.12187500 0.13258900
11 0.49657700 0.41082600 0.05089300 0.06272300
11 0.49278300 0.53426300 0.04687500 0.04531300
11 0.22827400 0.59006700 0.07232100 0.06183000
11 0.51584800 0.77075900 0.16264900 0.18303600
1 0.17723200 0.29944200 0.01875000 0.05558000
0 0.23162200 0.45334800 0.33883900 0.59955400
0 0.71703875 0.56696400 0.56592250 0.86607100
0 0.52686000 0.38939700 0.23735100 0.39308000
