3 0.63083000 0.32098600 0.04021300 0.04984900
12 0.63835800 0.30129400 0.06151300 0.10851000
12 0.86384500 0.62393300 0.27231000 0.51032800
12 0.26689300 0.43238800 0.20106500 0.33764800
1 0.32106100 0.51996700 0.03139900 0.08978200
11 0.58079300 0.39479500 0.02644100 0.03773100
11 0.61044800 0.42192200 0.01817800 0.05342900
11 0.45528800 0.47948200 0.07730400 0.16854900
11 0.69867800 0.57738900 0.03709100 0.06912700
11 0.68114200 0.57436000 0.03323500 0.06582200
8 0.72401800 0.48003300 0.01579100 0.02588800
0 0.62394400 0.47466300 0.13037100 0.47783000
0 0.82785500 0.67749900 0.34428900 0.64500100
0 0.29315100 0.62751300 0.47025300 0.74497400
0 0.64203100 0.61718500 0.21281700 0.31341200
