12 0.07200500 0.44092700 0.14400900 0.31814500
12 0.20708500 0.35100800 0.11578300 0.24072600
12 0.26022500 0.55604800 0.12010400 0.17661300
12 0.41690700 0.48104800 0.06365200 0.10645200
3 0.41690700 0.48629000 0.05385900 0.09677400
12 0.74539200 0.60262100 0.11175100 0.15524200
3 0.71860600 0.61371000 0.05875600 0.13145200
11 0.29910700 0.90282300 0.10051800 0.14193500
11 0.48329500 0.72842700 0.04032300 0.04153200
11 0.43447600 0.59153200 0.05040300 0.06774200
11 0.59879000 0.85665300 0.05357100 0.07701600
11 0.68994800 0.88387100 0.07747700 0.07661300
1 0.07373300 0.47560500 0.02822600 0.08427400
1 0.21155000 0.36935500 0.02448200 0.05403200
1 0.27981000 0.56975800 0.01468900 0.04435500
1 0.75475200 0.62580600 0.02390600 0.04112900
1 0.44254000 0.50443500 0.00547200 0.01209700
8 0.41604300 0.47661300 0.05270700 0.02338700
0 0.15481000 0.57903200 0.21860600 0.69838700
0 0.23271900 0.69758100 0.17684300 0.46612900
0 0.72595000 0.70665300 0.30789200 0.46491900
0 0.41834700 0.66068500 0.17079500 0.47137100
0 0.17453900 0.64294375 0.34907800 0.71411250
