12 0.79167400 0.49265300 0.12425200 0.24843500
12 0.48140800 0.14952400 0.10810800 0.25061200
12 0.19100300 0.48353700 0.11246100 0.22258500
11 0.50253900 0.59578200 0.09740600 0.07755100
11 0.44984600 0.55428600 0.08343900 0.07673500
1 0.73861800 0.50761900 0.01414800 0.05523800
1 0.43633200 0.16081600 0.01686900 0.04571400
1 0.14202800 0.49959200 0.01378600 0.04571400
5 0.19145700 0.54272100 0.09704300 0.12108800
5 0.48177000 0.21020400 0.09033200 0.14449000
5 0.78822800 0.57238100 0.09522900 0.14666700
0 0.18710300 0.64176900 0.23925300 0.53850300
0 0.81171800 0.61673500 0.34536500 0.49714300
0 0.47986600 0.45251700 0.31942700 0.85823100
