12 0.16824400 0.18838700 0.12147100 0.23621100
12 0.24092500 0.24354200 0.03661200 0.13428000
12 0.83656500 0.38468700 0.04359300 0.07400500
3 0.82772300 0.38957400 0.02497700 0.06330000
12 0.60603500 0.37828700 0.02218400 0.04491500
3 0.60107000 0.38166200 0.01194500 0.03816600
1 0.19260000 0.18582700 0.01535800 0.06865300
1 0.23758900 0.24901100 0.01070400 0.04189000
11 0.81065800 0.49988400 0.03335400 0.04654400
11 0.84098700 0.51838500 0.02916500 0.02443600
11 0.57330100 0.47300400 0.01473800 0.02071200
8 0.82376700 0.38364000 0.02482200 0.01791900
8 0.59874300 0.37933400 0.01318600 0.01070500
14 0.31740600 0.96416100 0.03878400 0.02466800
14 0.80297900 0.83895700 0.02761400 0.04095900
0 0.83284200 0.60379300 0.12178100 0.51175200
0 0.59959700 0.42494800 0.06794900 0.13870100
0 0.27776900 0.58866675 0.10937000 0.82266650
