12 0.24775000 0.41575000 0.10850000 0.06283300
12 0.46337500 0.39175000 0.06525000 0.05350000
12 0.83037500 0.32583300 0.10025000 0.08033300
3 0.28662500 0.42208300 0.03225000 0.03550000
3 0.45450000 0.39883300 0.04550000 0.03900000
3 0.80600000 0.33416700 0.05100000 0.06400000
1 0.83900000 0.32383300 0.01600000 0.02133300
11 0.70175000 0.46058300 0.05550000 0.03550000
11 0.66737500 0.45041700 0.03075000 0.01816700
11 0.29562500 0.53175000 0.04275000 0.01383300
11 0.40900000 0.55583300 0.02250000 0.03100000
0 0.80125000 0.51500000 0.25250000 0.46100000
0 0.53700000 0.52000000 0.29500000 0.31133300
0 0.32662500 0.52008300 0.33275000 0.27750000
14 0.45475000 0.64216700 0.07500000 0.03166700
