12 0.53689900 0.32908700 0.10312500 0.08477600
3 0.53377400 0.34214700 0.09687500 0.05865400
11 0.51995200 0.54479200 0.04759600 0.02900600
0 0.40120200 0.54383000 0.37451900 0.51778800
1 0.50360600 0.31666700 0.02163500 0.02243600
14 0.27163500 0.77524000 0.08557700 0.05400600
7 0.51899000 0.39230800 0.02500000 0.01153800
7 0.52307700 0.40681100 0.02355800 0.01073700
7 0.52175500 0.41931100 0.01658700 0.01330100
7 0.52151400 0.43870200 0.01129800 0.02708300
7 0.52716300 0.44383000 0.01490400 0.03253200
7 0.53101000 0.44487200 0.01346200 0.02916700
7 0.53425500 0.44591300 0.01226000 0.02644200
7 0.53689900 0.44439100 0.01226000 0.03012800
7 0.53966300 0.44351000 0.01201900 0.03125000
7 0.54278800 0.44334900 0.01346200 0.03349400
7 0.62451900 0.45584900 0.10384600 0.02291700
