12 0.53062500 0.35001900 0.10525000 0.17810300
12 0.80500000 0.39238800 0.12350000 0.25084400
12 0.16737500 0.50375000 0.16725000 0.28458900
3 0.52025000 0.37007900 0.07350000 0.12598400
3 0.79937500 0.44263200 0.09725000 0.15035600
3 0.18150000 0.58230200 0.07050000 0.11323600
1 0.56700000 0.34945600 0.01900000 0.05324300
1 0.85237500 0.40794900 0.02025000 0.05474300
1 0.17862500 0.52362200 0.02575000 0.06786700
11 0.41075000 0.44319500 0.05850000 0.08399000
11 0.56137500 0.58642700 0.09925000 0.10948600
11 0.62512500 0.76190500 0.07525000 0.10423700
11 0.26512500 0.68878900 0.08975000 0.08623900
11 0.22362500 0.77877800 0.09225000 0.10198700
8 0.79425000 0.41732300 0.09550000 0.09523800
8 0.21275000 0.52418400 0.04300000 0.07199100
8 0.53462500 0.29077600 0.07225000 0.06186700
7 0.26687500 0.71766000 0.05025000 0.04724400
7 0.55137500 0.62036000 0.06575000 0.16535400
7 0.42125000 0.48275200 0.02200000 0.12336000
0 0.53000000 0.47525300 0.30700000 0.45031900
0 0.15662500 0.67379100 0.31325000 0.63442100
0 0.75375000 0.63235800 0.49250000 0.73528300
