12 0.74826400 0.24259900 0.07584100 0.13322400
3 0.73620200 0.26631000 0.05135200 0.08634900
12 0.40634100 0.24821800 0.08315100 0.11540600
1 0.76343200 0.27727500 0.01736100 0.02439700
1 0.71737900 0.23286700 0.00712700 0.02220400
11 0.75776700 0.53549900 0.05500700 0.02494500
11 0.71034400 0.54893100 0.05774900 0.02878300
9 0.33543500 0.55975900 0.02503700 0.05701800
9 0.38998500 0.51494000 0.04093600 0.05838800
14 0.37472600 0.83676000 0.06304800 0.08086600
14 0.59256200 0.70120600 0.03636700 0.04824600
14 0.58196300 0.57497300 0.08973000 0.06551500
0 0.46262800 0.53371700 0.32766800 0.68640400
0 0.68028100 0.44997300 0.21253700 0.54852000
7 0.81186000 0.62129900 0.02759500 0.02659000
7 0.74954300 0.63994000 0.04879400 0.03645800
7 0.69471900 0.64857500 0.03709800 0.03125000
7 0.37719300 0.58744500 0.11038000 0.14857500
