12 0.04739300 0.21381600 0.09478600 0.36330400
3 0.04325000 0.28545300 0.08552600 0.22076000
12 0.47928800 0.32894700 0.12719300 0.24780700
3 0.48099400 0.35526300 0.09454200 0.19736800
12 0.71527800 0.27686400 0.18153000 0.34905000
3 0.67348900 0.34283600 0.09844100 0.21491200
1 0.02034600 0.22551200 0.03289500 0.08552600
1 0.73038500 0.29422500 0.02802100 0.07236800
1 0.53009300 0.36951800 0.00999000 0.02924000
11 0.36683700 0.51918900 0.07919100 0.10124300
11 0.46783600 0.77065100 0.11501000 0.10416700
11 0.58503900 0.80519000 0.11062400 0.11257300
11 0.53472200 0.85928400 0.08503900 0.11257300
11 0.23001900 0.55226600 0.10331400 0.10818700
11 0.24013200 0.78033600 0.07480500 0.13450300
0 0.42958100 0.60179100 0.42251500 0.79641800
0 0.14035100 0.51772700 0.28070200 0.96381600
0 0.69822100 0.55007300 0.41106200 0.89985400
9 0.22392800 0.56761700 0.11549700 0.13888900
9 0.22429300 0.77759500 0.10599400 0.14583300
