12 0.85201200 0.34828400 0.10263800 0.15835000
12 0.73666500 0.36890700 0.07644900 0.13268000
12 0.63306400 0.40885500 0.05988800 0.10989300
12 0.48998700 0.33674600 0.06682100 0.11393100
12 0.35567100 0.28482800 0.06662800 0.14162100
12 0.23175400 0.25064900 0.13152300 0.23074700
12 0.11477000 0.40510500 0.09474300 0.13066100
3 0.81388400 0.35765800 0.02599700 0.12460300
3 0.71866000 0.38044400 0.03697300 0.09864400
3 0.62825000 0.41548900 0.04717900 0.09374100
3 0.49287500 0.34655300 0.04371300 0.09374100
3 0.34979800 0.29939400 0.05218600 0.10729700
3 0.28182200 0.28699200 0.02792200 0.15344700
3 0.13643400 0.40568200 0.05719200 0.11393100
1 0.10677800 0.42053600 0.01367200 0.04095800
1 0.26246900 0.26362800 0.01964200 0.05364900
1 0.38176400 0.30112500 0.01405700 0.02942000
1 0.65232000 0.42212300 0.01213200 0.02451700
11 0.80059700 0.67969400 0.05719200 0.06605100
11 0.71567500 0.50735500 0.04679400 0.06634000
11 0.68929300 0.55292800 0.04332800 0.05711000
11 0.69025600 0.59503900 0.03485500 0.04441900
11 0.55468900 0.54326500 0.02715200 0.04874500
11 0.53177400 0.64248600 0.03177400 0.04643800
11 0.46659000 0.47606000 0.03581700 0.06374400
11 0.34113200 0.57975200 0.05719200 0.07441600
11 0.34498400 0.46985900 0.04949000 0.08018500
11 0.41613700 0.71113400 0.03466200 0.07931900
0 0.36270000 0.60816275 0.16233400 0.78367450
0 0.09224000 0.66685900 0.15097200 0.66628200
0 0.49431900 0.63844800 0.15790500 0.72310400
0 0.60697100 0.67464675 0.14172900 0.65070650
0 0.81821700 0.62993900 0.26728300 0.74012100
0 0.72896200 0.65287000 0.13344900 0.69426000
