11 0.44881200 0.74074100 0.09977200 0.18750000
11 0.61930300 0.64539900 0.14355500 0.17795100
7 0.27140300 0.69603600 0.10270200 0.08767400
7 0.04598000 0.69198500 0.09163400 0.51938700
7 0.02197300 0.33449100 0.04362000 0.06076400
7 0.03100600 0.40538200 0.05354800 0.05150500
7 0.09098300 0.44777200 0.03287800 0.06857600
7 0.07389300 0.34968200 0.04882800 0.09288200
7 0.09716800 0.52560800 0.03483100 0.07725700
7 0.06713900 0.50014500 0.03238900 0.05353000
7 0.08667000 0.69762700 0.07470700 0.38483800
7 0.13338200 0.66753500 0.04052700 0.21469900
7 0.13053400 0.69155100 0.03776000 0.16666700
7 0.11075800 0.69632500 0.05452500 0.28501200
7 0.10107400 0.70066600 0.06152300 0.31163200
7 0.08992500 0.68793400 0.07047500 0.38397000
7 0.50854500 0.91102400 0.06429000 0.07841400
0 0.67073600 0.50057875 0.54785200 0.99884250
