12 0.21319200 0.27159900 0.15928100 0.18229200
12 0.30273600 0.41406200 0.09332200 0.12530600
12 0.34449700 0.46155000 0.05064300 0.09283100
12 0.56218100 0.51914800 0.04002500 0.07751200
12 0.59087200 0.50398300 0.04349600 0.07659300
12 0.78537900 0.33777600 0.07759900 0.12469400
11 0.29946900 0.71522700 0.06718400 0.08854200
11 0.32826200 0.71400100 0.03777800 0.09221800
11 0.35225600 0.62377500 0.05350200 0.03737700
11 0.41229300 0.56357200 0.01837900 0.03829700
11 0.36889900 0.56158100 0.02389200 0.02757400
11 0.62099200 0.65042900 0.04125000 0.07230400
11 0.55227700 0.54304500 0.02021600 0.02971800
11 0.59148500 0.57628700 0.02961000 0.03921600
11 0.58699200 0.54151300 0.03165200 0.05116400
11 0.74300600 0.54166700 0.09904000 0.11274500
11 0.69899900 0.61014100 0.03920800 0.08486500
3 0.22605700 0.29810000 0.06289600 0.11826000
3 0.30457400 0.43121900 0.05084700 0.08731600
3 0.34265900 0.47686900 0.03920800 0.05913000
3 0.59465000 0.51777000 0.03226500 0.05269600
3 0.56504000 0.52374400 0.03144800 0.06158100
3 0.78691000 0.35309400 0.06310000 0.09650700
1 0.18878900 0.26639100 0.02348400 0.05239000
1 0.27598500 0.40992600 0.01409000 0.03063700
1 0.32091100 0.46246900 0.00796400 0.02359100
1 0.54666100 0.52328400 0.00612600 0.01041700
1 0.81978800 0.33272100 0.00878100 0.03308800
14 0.38196900 0.94592500 0.08556300 0.06403200
14 0.60455400 0.91513500 0.03532800 0.05637300
0 0.76689800 0.64185000 0.30896500 0.71629900
0 0.62323900 0.54656900 0.11272200 0.16176500
0 0.60976100 0.71277600 0.14171900 0.46354200
0 0.35879100 0.50168500 0.12701700 0.16819900
0 0.19522200 0.58609075 0.33694100 0.82781850
0 0.31560100 0.52726700 0.11660200 0.36397100
