12 0.81304300 0.21022100 0.11209500 0.21033900
12 0.57620600 0.48340100 0.07984200 0.12497000
12 0.35296400 0.46146500 0.05581000 0.12900200
12 0.13114600 0.45067600 0.08711500 0.13350700
12 0.12332000 0.58121900 0.10466400 0.14465300
3 0.78150200 0.24093000 0.04774700 0.12805300
3 0.55691700 0.49952600 0.03525700 0.08181200
3 0.35320200 0.47272900 0.04458500 0.10173100
3 0.14545500 0.46703800 0.05533600 0.09509100
3 0.14893300 0.60434000 0.05154200 0.09272000
1 0.80980200 0.21721600 0.01897200 0.05027300
1 0.12118600 0.59461700 0.02355700 0.04813800
1 0.32751000 0.45707800 0.00711500 0.03059000
1 0.37668000 0.45838300 0.00711500 0.02561100
11 0.77478300 0.63113600 0.07826100 0.07517200
11 0.65367600 0.37823100 0.05897200 0.09058600
11 0.53462500 0.69196100 0.03241100 0.05643800
11 0.24577100 0.73630500 0.02798400 0.03889000
11 0.23565200 0.67263500 0.02924900 0.03106500
11 0.29233200 0.49845900 0.02561300 0.06497500
11 0.35288500 0.65627200 0.03509900 0.03106500
8 0.78909100 0.21318500 0.06956500 0.04932400
8 0.55517800 0.49347900 0.03494100 0.02987900
0 0.10735200 0.54351400 0.18845800 0.35949700
0 0.56173900 0.70654500 0.19004000 0.56936200
0 0.34355700 0.53557000 0.20300400 0.29286200
0 0.81106700 0.54161700 0.37565200 0.91676500
