3 0.56658300 0.31987500 0.04316700 0.09025000
12 0.56600000 0.31250000 0.05566700 0.10700000
3 0.24450000 0.37162500 0.04966700 0.16175000
12 0.19341700 0.33575000 0.15316700 0.23450000
3 0.65583300 0.58512500 0.13933300 0.12275000
12 0.63700000 0.52712500 0.17733300 0.23375000
12 0.81425000 0.34375000 0.11550000 0.11600000
1 0.64550000 0.50237500 0.04633300 0.04075000
11 0.29550000 0.49675000 0.07100000 0.08450000
11 0.35833300 0.62300000 0.05800000 0.05900000
11 0.69433300 0.32150000 0.04833300 0.07100000
11 0.42983300 0.31225000 0.02266700 0.04550000
0 0.56850000 0.42475000 0.30066700 0.32000000
0 0.77458300 0.70550000 0.45083300 0.58900000
0 0.23066700 0.61450000 0.32633300 0.77100000
