12 0.34864200 0.48990300 0.00961800 0.01550700
3 0.35080500 0.49296800 0.00384700 0.00937600
12 0.37953800 0.48773900 0.01370500 0.02704700
12 0.39059900 0.47403500 0.01851400 0.02271900
3 0.39600900 0.47656000 0.00721300 0.01694900
1 0.83661900 0.44554600 0.02765100 0.05950200
3 0.83493600 0.45546300 0.02091800 0.04038900
12 0.68766500 0.46862600 0.01683100 0.03209500
3 0.68742500 0.47169100 0.01298400 0.02596500
12 0.71555700 0.46880600 0.00721300 0.02885000
12 0.56419800 0.47800200 0.01130100 0.02199800
3 0.56371700 0.48070700 0.00889600 0.01370400
12 0.54616500 0.47674000 0.01755200 0.02308000
11 0.84792000 0.44554600 0.00553000 0.01478500
11 0.83072900 0.52289900 0.02212100 0.02163700
11 0.80836700 0.61575900 0.01057900 0.02632500
11 0.70774200 0.56671500 0.00793500 0.01767000
1 0.71543600 0.46934700 0.00360700 0.01045800
11 0.68429900 0.48828000 0.01202200 0.02596500
1 0.54808800 0.48196900 0.00360700 0.00685200
11 0.35092600 0.53101300 0.00408800 0.00757300
1 0.38386600 0.49134500 0.00312600 0.00613100
1 0.39180100 0.47944500 0.00408800 0.00757300
1 0.34780000 0.48918100 0.00264500 0.00540900
16 0.34635700 0.51424500 0.01562900 0.04183200
16 0.38110100 0.52921000 0.02693000 0.06527200
16 0.39228200 0.50739300 0.01370500 0.04543800
16 0.54051500 0.51424500 0.02067800 0.05697800
16 0.55554200 0.51694900 0.01995700 0.05733900
14 0.85369100 0.77930000 0.02332300 0.02596500
14 0.83505700 0.77533400 0.02741000 0.02524300
14 0.71219000 0.66660700 0.01154100 0.01334300
14 0.55169500 0.62134900 0.01178200 0.00865500
14 0.56383700 0.62333200 0.01057900 0.00757300
14 0.39600900 0.61738200 0.01779300 0.00721200
14 0.34227000 0.57338600 0.01082000 0.00865500
14 0.35068500 0.57104200 0.00985800 0.00973700
8 0.83433500 0.45095600 0.01683100 0.01406400
10 0.38891600 0.47151100 0.01274300 0.02127700
10 0.37881700 0.48413300 0.01418600 0.01911300
10 0.54556400 0.47385500 0.01731200 0.01875200
9 0.54760800 0.52019500 0.01082000 0.01478500
9 0.38434700 0.55950200 0.00649200 0.01334300
0 0.84551600 0.60476000 0.08391400 0.37865100
0 0.69127200 0.54778200 0.04039400 0.19185000
0 0.39336400 0.54183200 0.02356300 0.16191800
0 0.38098100 0.54904400 0.02765100 0.15398500
0 0.55458000 0.54615900 0.03053600 0.16119700
0 0.53787000 0.54291400 0.03366200 0.15542700
0 0.34635700 0.52921000 0.01995700 0.09844900
0 0.34551600 0.46754400 0.00913700 0.02416200
