3 0.54916700 0.45737500 0.06166700 0.11725000
3 0.65491700 0.51262500 0.06183300 0.11125000
12 0.56000000 0.43600000 0.08533300 0.16050000
12 0.66266700 0.48062500 0.07733300 0.17575000
1 0.69225000 0.50125000 0.01450000 0.03500000
1 0.52283300 0.42137500 0.00933300 0.03725000
11 0.51816700 0.50350000 0.05166700 0.05100000
9 0.69950000 0.72275000 0.09000000 0.06750000
10 0.56450000 0.41025000 0.07700000 0.11250000
10 0.66008300 0.44062500 0.09816700 0.09225000
0 0.73083300 0.63837500 0.25233300 0.48625000
0 0.50041700 0.47137500 0.21616700 0.23275000
