3 0.43559100 0.33381900 0.14799900 0.17443400
3 0.64918300 0.56148900 0.17215200 0.22589000
12 0.64764400 0.48365700 0.21548700 0.38996800
12 0.41392400 0.23802600 0.21880200 0.36731400
1 0.34039800 0.26666700 0.03386200 0.07637500
1 0.55789700 0.46650500 0.02604800 0.09158600
11 0.84596300 0.54482200 0.10158700 0.12006500
11 0.60099500 0.94012900 0.13971100 0.11974100
11 0.53090200 0.96423900 0.11224200 0.07152100
11 0.73881100 0.63624600 0.08003800 0.13139200
0 0.39462500 0.52831700 0.36253800 0.94336600
0 0.64646000 0.64919100 0.49822400 0.70161800
