12 0.40959800 0.30758900 0.08467300 0.24241100
12 0.75186000 0.37098200 0.16979200 0.20625000
3 0.40781300 0.35602700 0.06235100 0.13571400
3 0.68988100 0.41529000 0.04404800 0.11852700
1 0.37187500 0.33817000 0.00565500 0.04776800
1 0.44285700 0.34810300 0.00773800 0.04575900
11 0.58549100 0.69162900 0.07336300 0.10915200
11 0.53980700 0.74910700 0.07336300 0.10535700
11 0.46212800 0.68738800 0.05967300 0.05692000
0 0.36763400 0.58816975 0.26741100 0.82366050
0 0.69308000 0.61729900 0.37633900 0.74620500
