3 0.67797300 0.48865000 0.06216100 0.10713700
12 0.74929100 0.46861600 0.20376600 0.16577800
11 0.29662100 0.55984500 0.08924400 0.05829800
11 0.84472500 0.95640600 0.08408600 0.08718800
0 0.59027600 0.67351700 0.68068100 0.64815100
7 0.26463800 0.65958700 0.02269800 0.10541700
7 0.28449800 0.66973300 0.01857100 0.09406700
7 0.29881400 0.66509000 0.02347200 0.09200300
7 0.18738700 0.72072200 0.01728100 0.18400700
7 0.16211000 0.70481500 0.05906600 0.08443700
7 0.05945300 0.40447100 0.04049500 0.14651800
7 0.52992000 0.81676700 0.12664400 0.02321600
7 0.19925200 0.66448800 0.04101100 0.08116900
7 0.20750600 0.68624200 0.01728100 0.05932900
