12 0.45583300 0.36962500 0.14533300 0.26275000
3 0.45325000 0.43150000 0.12716700 0.14000000
1 0.51150000 0.40087500 0.02800000 0.05175000
9 0.51566700 0.65387500 0.10300000 0.12025000
9 0.14516700 0.95200000 0.17566700 0.09600000
7 0.28241700 0.89600000 0.05816700 0.05450000
7 0.27333300 0.60000000 0.06133300 0.07450000
7 0.40008300 0.73100000 0.09883300 0.09450000
8 0.44816700 0.42637500 0.11166700 0.10275000
4 0.41925000 0.58125000 0.23550000 0.38150000
0 0.57933300 0.61850000 0.39033300 0.76300000
