3 0.68337000 0.25482100 0.11950200 0.18559200
12 0.69542100 0.21813100 0.15364500 0.26057800
3 0.29714800 0.21692600 0.09138400 0.22228200
12 0.26441100 0.17032700 0.15967100 0.31387300
1 0.23709600 0.22429000 0.03072900 0.07900400
1 0.74995000 0.22844100 0.02128900 0.07070200
11 0.38752800 0.85123200 0.13918500 0.11221200
11 0.38562000 0.75455300 0.08917500 0.09185900
11 0.85479000 0.55329400 0.07672200 0.13711800
11 0.92689300 0.84975900 0.11769400 0.12212100
11 0.75256100 0.96009600 0.11769400 0.07980700
0 0.73438400 0.39368000 0.33400300 0.61167600
0 0.22835900 0.45514200 0.45631700 0.90974800
0 0.84615400 0.89434900 0.30769200 0.21130200
