3 0.30107400 0.35725800 0.06308700 0.06515100
3 0.63422800 0.44093400 0.05610700 0.07571100
8 0.30201300 0.35913700 0.06281900 0.02308900
12 0.27798700 0.35179900 0.11033600 0.08072300
12 0.67288600 0.42509400 0.13825500 0.11061400
11 0.35181200 0.56201900 0.06684600 0.05763400
11 0.37463100 0.54161400 0.03355700 0.05656000
11 0.52094000 0.50017900 0.10067100 0.05244300
14 0.31530200 0.85976400 0.11892600 0.07320600
14 0.28107400 0.82360800 0.12349000 0.05888700
14 0.66859100 0.92813700 0.07060400 0.07535300
14 0.79087200 0.83336300 0.14281900 0.09736900
0 0.68443000 0.66556300 0.43355700 0.59727900
0 0.28885900 0.60461800 0.20510100 0.58743500
6 0.30563800 0.86441700 0.09798700 0.06318200
6 0.27812100 0.83023100 0.13906000 0.05996100
