12 0.29829500 0.38825700 0.16401200 0.12430800
3 0.26407900 0.41443500 0.09513100 0.07285000
12 0.77641900 0.27786100 0.26946400 0.25714300
3 0.77855100 0.30957400 0.20013500 0.19700800
1 0.66008500 0.28489200 0.03724500 0.06327600
11 0.76486400 0.84824200 0.30020200 0.11503400
11 0.13630200 0.56694100 0.10433000 0.06402400
11 0.34182200 0.44240800 0.07247000 0.03694800
14 0.24534400 0.51136900 0.04105900 0.07524300
8 0.46286700 0.97599100 0.24994400 0.04801800
0 0.21068000 0.56791300 0.42091100 0.50516100
0 0.68420475 0.52662700 0.63159050 0.75617100
