3 0.31758300 0.15362500 0.09350000 0.22275000
3 0.65700000 0.31787500 0.10266700 0.22325000
12 0.66941700 0.30775000 0.12250000 0.25050000
12 0.31583300 0.13400000 0.14133300 0.26800000
1 0.72108300 0.34837500 0.02683300 0.05625000
1 0.26325000 0.14962500 0.01483300 0.04075000
11 0.41400000 0.39537500 0.06833300 0.14275000
11 0.40200000 0.40687500 0.08966700 0.13675000
11 0.45275000 0.52412500 0.10216700 0.15625000
0 0.37733300 0.50900000 0.49066700 0.98200000
0 0.58291700 0.58400000 0.40116700 0.83200000
