12 0.78821500 0.21511500 0.05516000 0.09801500
12 0.71249700 0.24274800 0.03846900 0.07938900
12 0.65662500 0.23847300 0.04885000 0.08793900
12 0.68695300 0.42488500 0.12741700 0.22748100
12 0.39568500 0.42671800 0.14044400 0.22626000
3 0.67219600 0.43755700 0.09424000 0.20030500
3 0.41960100 0.45679400 0.07470000 0.16061100
3 0.65784700 0.25175600 0.03623000 0.06015300
3 0.70893500 0.25755700 0.02686700 0.04549600
3 0.77793600 0.23297700 0.02849600 0.05740500
1 0.72338700 0.42442700 0.02646000 0.07022900
1 0.78791000 0.21282400 0.01262000 0.03664100
11 0.61082800 0.81679400 0.14044400 0.12458000
11 0.40738900 0.66870200 0.04905400 0.11175600
11 0.44300800 0.71954200 0.05149600 0.10656500
11 0.31945900 0.71938900 0.06574400 0.10442700
0 0.81457400 0.34015300 0.12497500 0.34442700
0 0.63108100 0.39053400 0.11215100 0.40671800
0 0.32821100 0.64381700 0.29737400 0.71236600
0 0.69753700 0.65526700 0.51618200 0.68946600
