3 0.33864500 0.45460000 0.09721400 0.15153300
12 0.31118500 0.40183400 0.15253600 0.25586300
3 0.48346400 0.31704800 0.09701300 0.15544200
12 0.48316300 0.25390900 0.11485300 0.27390300
3 0.65203400 0.42212900 0.10783700 0.19242300
12 0.65794700 0.37778100 0.12407300 0.27991600
1 0.43134900 0.26292800 0.01122500 0.06885100
1 0.53527800 0.27360200 0.01222700 0.06313900
1 0.70956100 0.38830400 0.01844100 0.05802800
11 0.48997800 0.74383600 0.07676900 0.10463000
11 0.71687700 0.68956700 0.12647800 0.11274800
11 0.79815600 0.96226700 0.08739200 0.07546600
11 0.50410900 0.92212900 0.07817200 0.06253800
0 0.77330100 0.61936275 0.42132700 0.76127450
0 0.49498900 0.47279000 0.25796800 0.71046300
0 0.34485900 0.63484675 0.39988000 0.73030650
