12 0.24274900 0.50723600 0.07271000 0.15497500
12 0.32436300 0.46894500 0.05814100 0.12060300
12 0.49905600 0.49175900 0.09159600 0.12160800
12 0.62430900 0.48884400 0.06798900 0.14191000
12 0.68501300 0.45728600 0.06610000 0.13869300
3 0.25360900 0.52874400 0.04802400 0.10713600
3 0.33009600 0.48653300 0.04586500 0.08783900
3 0.50188900 0.50402000 0.04384200 0.08060300
3 0.61715900 0.50924600 0.04991200 0.09989900
3 0.67530000 0.47969800 0.04235800 0.09266300
1 0.30197000 0.47015100 0.00957800 0.02974900
1 0.22204200 0.52130700 0.01429900 0.03678400
1 0.64481300 0.49608000 0.01322000 0.03216100
1 0.69796300 0.46191000 0.01268000 0.03296500
11 0.71705100 0.48000000 0.03197100 0.08482400
11 0.65924700 0.82281400 0.06583000 0.02552800
11 0.70234700 0.80934700 0.02927300 0.03236200
11 0.50310300 0.67276400 0.03143100 0.04783900
11 0.41170900 0.76522600 0.03453400 0.04984900
11 0.32631900 0.74532700 0.03075700 0.07517600
11 0.34871200 0.76110600 0.02617000 0.04643200
11 0.15904500 0.76924600 0.04856300 0.05628100
8 0.60326500 0.50351800 0.02859800 0.02814100
8 0.50384500 0.49678400 0.04181800 0.03035200
0 0.80250900 0.64753800 0.39498200 0.50191000
0 0.34203400 0.59799000 0.14096900 0.39075400
0 0.62046400 0.61125600 0.26858200 0.39075400
0 0.23593700 0.64191000 0.37690500 0.42874400
0 0.49150100 0.62150800 0.19843500 0.37628100
14 0.98307000 0.82351800 0.03385900 0.07035200
14 0.37454500 0.78593000 0.06704400 0.03658300
14 0.08390700 0.82834200 0.07149600 0.06311600
14 0.22420100 0.80995000 0.05935500 0.05286400
