12 0.48494500 0.13136600 0.10791000 0.23669000
3 0.47949200 0.15711800 0.09309900 0.18171300
11 0.41455100 0.87963000 0.09179700 0.11631900
11 0.60880500 0.66999400 0.04443400 0.03501200
1 0.43733700 0.10619200 0.01269500 0.05844900
1 0.51725300 0.17766200 0.02343800 0.04861100
0 0.43741900 0.50376175 0.38785800 0.99247650
7 0.65877300 0.37456600 0.06591800 0.03906200
7 0.60140000 0.35821800 0.01139300 0.07002300
7 0.59855100 0.35836200 0.01253300 0.06857600
7 0.59651700 0.36472800 0.01074200 0.06047500
7 0.59480800 0.36718800 0.00960300 0.04976900
7 0.59147100 0.36733200 0.01171900 0.05931700
7 0.58846000 0.36574100 0.01220700 0.06770800
7 0.58512400 0.36313700 0.01302100 0.06944400
7 0.58129900 0.36646400 0.01350900 0.07147000
7 0.57877600 0.36429400 0.01529900 0.07870400
7 0.57487000 0.36443900 0.01660200 0.08188700
7 0.56990600 0.36400500 0.01676400 0.08506900
7 0.56494100 0.35836200 0.01855500 0.09461800
7 0.56087200 0.36212400 0.01888000 0.09693300
7 0.55607100 0.36067700 0.01936800 0.10272000
7 0.55004900 0.35763900 0.02132200 0.11458300
7 0.54256200 0.35836200 0.02164700 0.11950200
7 0.53629600 0.35532400 0.02408900 0.12847200
7 0.58398400 0.28544600 0.02213500 0.02343800
7 0.57560200 0.25868100 0.03369100 0.02835600
7 0.58219400 0.31250000 0.01855500 0.02372700
7 0.53141300 0.25969300 0.02474000 0.01822900
7 0.54858400 0.26794000 0.02067100 0.01562500
7 0.53523800 0.28009300 0.02750700 0.01851900
7 0.55151400 0.28544600 0.02360000 0.01475700
