3 0.25350200 0.50700500 0.08272200 0.15336500
12 0.25066700 0.47473100 0.10473600 0.21791300
3 0.67253200 0.51838900 0.03052000 0.05704300
12 0.67953600 0.50525400 0.04653100 0.08481400
3 0.83972600 0.49337000 0.06637800 0.11758800
12 0.83697500 0.47873400 0.07421600 0.14736100
11 0.61007300 0.65036300 0.02601700 0.02727000
11 0.60156800 0.64510900 0.02301500 0.02526900
11 0.84314500 0.69839900 0.02384900 0.04228200
14 0.63083700 0.90255200 0.06054000 0.06179600
14 0.69454600 0.88929200 0.03452300 0.08831600
8 0.84406300 0.48148600 0.06070700 0.04178100
2 0.25542000 0.48386300 0.09856600 0.16662500
2 0.68303900 0.50950700 0.02918600 0.09231900
2 0.83947600 0.46997700 0.07288200 0.12634500
0 0.25041700 0.58769100 0.24666400 0.48036000
0 0.84481300 0.70265200 0.23499000 0.59469600
0 0.67094700 0.69702300 0.14409600 0.46985200
