12 0.33862300 0.22413500 0.03540000 0.06519000
1 0.32421900 0.23329100 0.00610400 0.01684700
3 0.34057600 0.22953700 0.02905300 0.05438600
12 0.44287100 0.16562900 0.04126000 0.08038800
1 0.42486600 0.17148900 0.00524900 0.01776200
3 0.44403100 0.17899700 0.03552200 0.05072300
7 0.57849100 0.42034400 0.24414100 0.30562200
0 0.33673100 0.31798200 0.15710400 0.25471500
0 0.48809800 0.35387300 0.20739700 0.47701900
14 0.40960700 0.57480300 0.04113800 0.03296100
14 0.52722200 0.52316400 0.03637700 0.02527000
14 0.39788800 0.55649100 0.02233900 0.02417100
14 0.37579300 0.55951300 0.03552200 0.02655200
6 0.35925300 0.43114800 0.02758800 0.02655200
6 0.41320800 0.56592200 0.03491200 0.03570800
6 0.51232900 0.51391700 0.01782200 0.02728400
11 0.30291700 0.35259100 0.02331500 0.05841400
11 0.35412600 0.31267200 0.03686500 0.02618600
11 0.58435100 0.28465500 0.01513700 0.01666400
