12 0.30603000 0.29252900 0.03393600 0.06793600
12 0.21698000 0.27723900 0.03796400 0.04541300
3 0.30542000 0.30113500 0.02636700 0.04010300
11 0.29418900 0.38784100 0.01733400 0.02527000
11 0.27465800 0.39260200 0.01953100 0.02453800
1 0.29138200 0.29472600 0.00585900 0.01483200
9 0.14172400 0.26002600 0.02661100 0.02527000
9 0.16455100 0.33400500 0.02172900 0.02966500
8 0.30676300 0.28685200 0.02319300 0.01483200
9 0.10479700 0.10153800 0.02575700 0.02911600
9 0.06530800 0.48754800 0.01635700 0.01886100
14 0.22039800 0.63852800 0.04211400 0.01831200
14 0.25091600 0.63111200 0.01721200 0.01300100
14 0.27172900 0.63797800 0.04663100 0.03149600
14 0.30664100 0.63733700 0.02807600 0.02472100
0 0.29669200 0.46374300 0.09436000 0.41475900
8 0.08862300 0.38665100 0.01123000 0.00787400
0 0.21124300 0.44506500 0.15734900 0.42867600
0 0.09552000 0.43032400 0.07141100 0.13880200
