12 0.65429700 0.35273400 0.02656300 0.04140600
12 0.70312500 0.35026000 0.04179700 0.07291700
12 0.48007800 0.32656200 0.01953100 0.03229200
12 0.44824200 0.33945300 0.04218800 0.06171900
12 0.41953100 0.33398400 0.01875000 0.03255200
12 0.36933600 0.35716100 0.02734400 0.04609400
12 0.27138700 0.35651000 0.02441400 0.05364600
11 0.75644500 0.45416700 0.03281300 0.02916700
11 0.69013700 0.45052100 0.00800800 0.02187500
11 0.67705100 0.37330700 0.01269500 0.01901000
11 0.55175800 0.52591100 0.03945300 0.04296900
11 0.50986300 0.39596400 0.00761700 0.00807300
11 0.50927700 0.40377600 0.01191400 0.01432300
11 0.25683600 0.36575500 0.01640600 0.02057300
11 0.30537100 0.32513000 0.01035200 0.01328100
3 0.69716800 0.36406200 0.02871100 0.04427100
3 0.65097700 0.36184900 0.02031200 0.02213500
3 0.48164100 0.32968800 0.01562500 0.02552100
3 0.27158200 0.36653600 0.02089800 0.03307300
1 0.70918000 0.35234400 0.00625000 0.01822900
1 0.46562500 0.34817700 0.00664100 0.01614600
0 0.72753900 0.51627600 0.09179700 0.40494800
0 0.46142600 0.56028600 0.22128900 0.50338500
0 0.24834000 0.49817700 0.07011700 0.33802100
0 0.34326200 0.44244800 0.08691400 0.24895800
0 0.41435500 0.34713500 0.03027300 0.06145800
0 0.49189500 0.40455700 0.04707000 0.19296900
0 0.66630900 0.44843700 0.05527300 0.23645800
6 0.26054700 0.65403600 0.04062500 0.02578100
6 0.24599600 0.63476600 0.03574200 0.02474000
6 0.34316400 0.55729200 0.01601600 0.01718800
6 0.36279300 0.54140600 0.02402300 0.01302100
6 0.47402300 0.77083300 0.01835900 0.04166700
6 0.35693400 0.78151000 0.01152300 0.02708300
6 0.70996100 0.66354200 0.01640600 0.01614600
6 0.72060500 0.70585900 0.03769500 0.02578100
6 0.49003900 0.49674500 0.01601600 0.00807300
7 0.60703100 0.60533900 0.16328100 0.23411500
7 0.82783200 0.45898400 0.14355500 0.17786500
7 0.70742200 0.35507800 0.05703100 0.08724000
7 0.51699200 0.40390600 0.04375000 0.01770800
7 0.29130900 0.30117200 0.04668000 0.07942700
7 0.20898400 0.30963500 0.12851600 0.15520800
