12 0.59336000 0.16141200 0.13067300 0.26936300
12 0.35348800 0.25759700 0.12884600 0.26616400
3 0.59640600 0.23212200 0.09838600 0.13068300
3 0.36445300 0.29312300 0.10204100 0.19602500
1 0.30132500 0.26593600 0.02086500 0.06031500
1 0.65024400 0.18574400 0.02330200 0.06488500
11 0.53853200 0.67569100 0.05178200 0.16518200
11 0.67095600 0.70093700 0.06229100 0.16769500
11 0.46954000 0.76045200 0.07401800 0.09527100
11 0.37572300 0.78409900 0.09655800 0.10052500
0 0.61749900 0.41878000 0.37267700 0.83756000
0 0.32196200 0.52056200 0.38379500 0.81174300
