3 0.38322500 0.47030100 0.04265500 0.07231000
12 0.37959100 0.45394500 0.05145400 0.10616900
11 0.41736800 0.55853700 0.03481300 0.03988500
11 0.45696300 0.62367300 0.02754400 0.04619800
11 0.55432300 0.60573900 0.02716100 0.04820700
11 0.57842400 0.58507900 0.01645000 0.01836400
11 0.58578800 0.46556700 0.02199700 0.01176500
1 0.36132400 0.45609800 0.00879900 0.02266900
14 0.34382200 0.66054500 0.05183600 0.04017200
14 0.39087600 0.65566700 0.05795700 0.03959800
14 0.56264300 0.55523700 0.01205000 0.03787700
14 0.55116700 0.55294100 0.01358100 0.02066000
0 0.37595600 0.54332900 0.19032100 0.28837900
