12 0.50399300 0.22109400 0.16388900 0.27604200
12 0.26779500 0.21028600 0.15156200 0.29765600
3 0.46640600 0.26458300 0.08177100 0.19062500
3 0.26909700 0.26666700 0.10902800 0.17552100
1 0.33237800 0.20638000 0.01684000 0.06432300
1 0.51380200 0.21171900 0.02864600 0.06927100
9 0.28220500 0.66927100 0.14913200 0.14635400
9 0.33359400 0.76901000 0.11024300 0.09218700
11 0.25633700 0.76484400 0.05711800 0.09114600
11 0.40243100 0.83385400 0.07395800 0.05468800
0 0.28602400 0.52838500 0.36059000 0.94322900
0 0.44904500 0.52291700 0.46996500 0.93489600
