12 0.72037500 0.30483700 0.16425000 0.33895800
3 0.71212500 0.37720300 0.13675000 0.18897600
3 0.37550000 0.05061900 0.14800000 0.10123700
1 0.78037500 0.35733000 0.03025000 0.07649000
11 0.74662500 0.82827100 0.07775000 0.17697800
11 0.84075000 0.86033000 0.15750000 0.19235100
11 0.46150000 0.84045700 0.16350000 0.19610000
11 0.53412500 0.82827100 0.08725000 0.16273000
8 0.70750000 0.34945600 0.15350000 0.12823400
7 0.53875000 0.87251600 0.02150000 0.13948300
0 0.73900000 0.53018400 0.52200000 0.79940000
0 0.26950000 0.48406425 0.53900000 0.96812850
