12 0.56627700 0.34151800 0.00984400 0.01957400
12 0.54624500 0.28193700 0.00915800 0.01785700
12 0.47481700 0.36246600 0.01144700 0.02094800
14 0.45787500 0.40625000 0.01602600 0.01236300
14 0.53880500 0.38204000 0.01304900 0.00995900
14 0.55013700 0.38118100 0.00686800 0.00892900
9 0.48717900 0.41037100 0.00870000 0.01648400
9 0.46852100 0.40333100 0.00892900 0.00858500
9 0.54853500 0.33396300 0.00457900 0.01064600
9 0.57062700 0.38684800 0.00663900 0.00995900
9 0.56169900 0.37208100 0.00526600 0.00789800
1 0.47344300 0.36572800 0.00274700 0.00480800
1 0.56341600 0.34014400 0.00274700 0.00515100
1 0.54555900 0.28331000 0.00320500 0.00549500
0 0.46451500 0.38495900 0.05494500 0.07005500
0 0.54006400 0.32846800 0.02335200 0.11504100
0 0.55689100 0.36109200 0.03365400 0.05940900
