12 0.73926700 0.45267900 0.07114600 0.13933300
12 0.62109900 0.50707800 0.07278200 0.13326600
12 0.49802400 0.50283100 0.08423100 0.11506600
12 0.25739400 0.46319500 0.06092400 0.11425700
12 0.18120500 0.46895900 0.07700700 0.14398400
3 0.72829500 0.47462100 0.04702200 0.09828100
3 0.61394300 0.51991900 0.04920300 0.09828100
3 0.50756400 0.51415600 0.03680000 0.08554100
3 0.26611700 0.47573300 0.04238800 0.08351900
3 0.19524300 0.49150700 0.04266000 0.09322500
1 0.75719000 0.46299300 0.00995000 0.03498500
1 0.63854400 0.50151700 0.01226700 0.03437800
1 0.23981200 0.47502500 0.01240300 0.03033400
1 0.16546300 0.48958500 0.01499300 0.03761400
11 0.79855500 0.71203200 0.05560900 0.07199200
11 0.65919300 0.83488400 0.06146900 0.02446900
11 0.69599300 0.82376100 0.04674900 0.03377100
11 0.56923800 0.79979800 0.03175700 0.04732100
11 0.57019200 0.71759400 0.04102500 0.06895900
11 0.42156200 0.70950500 0.04170600 0.05399400
11 0.31675100 0.72072800 0.03489200 0.07644100
11 0.30843700 0.75328600 0.03025800 0.07280100
11 0.14522300 0.78483300 0.04893000 0.06309400
8 0.59724700 0.51547000 0.02562400 0.03397400
8 0.51431100 0.50788700 0.03039400 0.02770500
0 0.81402500 0.61779600 0.37195000 0.48089000
0 0.29978200 0.61304300 0.19912800 0.42568300
0 0.65394600 0.63478300 0.23170200 0.39676400
0 0.12982100 0.64175900 0.20730500 0.48554100
0 0.46681200 0.62618800 0.24260600 0.37472200
14 0.20948600 0.82507600 0.03870800 0.05905000
14 0.25623600 0.80283100 0.05206500 0.04368000
14 0.35791200 0.79150700 0.06024300 0.05460100
14 0.05942500 0.84529800 0.06269600 0.06552100
14 0.98493900 0.84287200 0.03012100 0.06552100
14 0.41331600 0.79261900 0.02712300 0.04509600
