3 0.21668200 0.31210300 0.08159600 0.16364500
12 0.20527300 0.28399800 0.10652800 0.21985500
3 0.58363600 0.38100600 0.09323100 0.20126900
12 0.56512500 0.33794200 0.18495000 0.28331800
1 0.17422200 0.29295100 0.01934100 0.05190400
11 0.71222400 0.71860800 0.11106100 0.13621900
11 0.23942300 0.52402500 0.05998800 0.09655500
11 0.29593500 0.59054900 0.03943800 0.04329100
7 0.85071000 0.51348600 0.05197900 0.06867600
0 0.51805700 0.59757500 0.50755500 0.80485000
0 0.19197600 0.52753900 0.25370200 0.70557600
