11 0.52238400 0.68212700 0.09909500 0.10030200
11 0.55690400 0.75405400 0.07230900 0.12349200
11 0.63172800 0.67006000 0.06702700 0.05844600
11 0.52282400 0.77535800 0.03911000 0.05411000
12 0.51955500 0.32984500 0.14876800 0.29392900
3 0.53169000 0.37368000 0.11041200 0.20625900
12 0.76804600 0.12829900 0.18976400 0.25622200
3 0.71246200 0.13772600 0.07834500 0.23736800
1 0.74547300 0.04543700 0.03923500 0.09049800
0 0.76012300 0.50000000 0.47874700 0.99962300
0 0.45007500 0.59068600 0.33777700 0.81862700
