12 0.67548200 0.14790900 0.12735500 0.20605200
12 0.46027200 0.45409700 0.11464200 0.22883400
12 0.21997700 0.40496400 0.12712800 0.24209500
12 0.84052200 0.60931700 0.18047700 0.24209500
3 0.45800200 0.49711000 0.08967100 0.13804800
3 0.24018200 0.45715700 0.08581200 0.13770800
3 0.65017000 0.19347200 0.06765000 0.10404600
11 0.09727600 0.67426000 0.07968200 0.07888500
11 0.69080600 0.92553600 0.05902400 0.07888500
11 0.75471100 0.90377400 0.05153200 0.10540600
11 0.67207700 0.45766700 0.04790000 0.04760300
11 0.67026100 0.50782000 0.08921700 0.03910200
8 0.74528900 0.62206700 0.02905800 0.05474300
0 0.69023800 0.42859600 0.28172500 0.79462800
0 0.44960300 0.56239400 0.27627700 0.47194800
0 0.16424500 0.59078500 0.30261100 0.62053700
0 0.82951200 0.73563400 0.34097600 0.52873200
