12 0.59750900 0.42796600 0.06532000 0.15254200
12 0.20559200 0.32009200 0.08975600 0.14230200
12 0.06485000 0.38100300 0.08223700 0.13629900
3 0.59974200 0.46822000 0.04769700 0.06567800
11 0.54593500 0.51394800 0.04957700 0.07521200
9 0.69748600 0.82221000 0.04722700 0.08509900
11 0.19396100 0.78001400 0.04017900 0.04378500
8 0.60126900 0.45162400 0.04558300 0.02189300
10 0.05321900 0.37305800 0.09046100 0.09074900
10 0.59880200 0.39371500 0.08247200 0.09110200
10 0.27361400 0.37358800 0.08059200 0.09463300
9 0.22556400 0.74735200 0.05216200 0.06320600
10 0.19842600 0.30596800 0.08905100 0.10416700
16 0.58423400 0.64159600 0.16987800 0.28460500
16 0.31050300 0.59992900 0.05662600 0.29590400
16 0.22591600 0.58562900 0.15813000 0.33933600
16 0.05521600 0.60310700 0.11043200 0.25353100
0 0.59034300 0.65730900 0.24365600 0.65218900
