1 0.28545500 0.38555900 0.15272700 0.12261600
1 0.52818200 0.47411400 0.06727300 0.07084500
1 0.87818200 0.47139000 0.05818200 0.05994600
1 0.78090900 0.49046300 0.02727300 0.04359700
1 0.58545500 0.59809300 0.04000000 0.05177100
1 0.46090900 0.51362400 0.02363600 0.02452300
1 0.49272700 0.49727500 0.01818200 0.02452300
1 0.36545500 0.45095400 0.05090900 0.05177100
1 0.40090900 0.49863800 0.02727300 0.03269800
1 0.04909100 0.48228900 0.04727300 0.04904600
0 0.04545500 0.63896500 0.06181800 0.36784700
0 0.15636400 0.71389600 0.12363600 0.56675700
0 0.28000000 0.62534100 0.23272700 0.74386900
0 0.53000000 0.70435975 0.08181800 0.59128050
0 0.91636400 0.71798400 0.14181800 0.55313400
0 0.69909100 0.74386900 0.13636400 0.50136200
0 0.46090900 0.63487700 0.03818200 0.27792900
0 0.40818200 0.61171700 0.05272700 0.29155300
