1 0.22674400 0.20131100 0.03488400 0.04681600
1 0.29968300 0.21254700 0.03488400 0.04681600
1 0.36733600 0.25093600 0.03488400 0.05618000
1 0.50052900 0.21067400 0.04122600 0.03558100
2 0.20454500 0.29681600 0.04545500 0.11048700
2 0.28435500 0.31554300 0.05919700 0.09925100
2 0.36945000 0.34363300 0.05602500 0.10674200
2 0.50792800 0.33614200 0.05814000 0.12172300
0 0.20930200 0.38108600 0.05708200 0.38764000
0 0.27959800 0.37359600 0.07082500 0.35393300
0 0.38160700 0.39325800 0.09302300 0.32209700
0 0.51427100 0.36704100 0.07505300 0.34831500
