1 0.55110200 0.22822800 0.06012000 0.05405400
1 0.68837700 0.22672700 0.07414800 0.05705700
1 0.86873700 0.21921900 0.06613200 0.06006000
1 0.92485000 0.24924900 0.05010000 0.06006000
1 0.19739500 0.28678700 0.02204400 0.01501500
1 0.34468900 0.30030000 0.01603200 0.01201200
1 0.43687400 0.30330300 0.01603200 0.01801800
1 0.17134300 0.22222200 0.02204400 0.01801800
0 0.53607200 0.48648600 0.10220400 0.57657700
0 0.69038100 0.52852900 0.08216400 0.66666700
0 0.86673300 0.55855900 0.09819600 0.75075100
0 0.93587200 0.43843800 0.07615200 0.45045000
0 0.33767500 0.34384400 0.03006000 0.10510500
