1 0.18750000 0.47569400 0.05902800 0.04861100
1 0.33376700 0.45833300 0.05642400 0.04166700
1 0.54427100 0.52314800 0.03472200 0.02546300
1 0.60199700 0.53761600 0.03559000 0.03819400
1 0.67187500 0.55439800 0.03645800 0.03240700
1 0.70833300 0.52662000 0.03125000 0.02777800
1 0.93923600 0.54976900 0.02083300 0.01851900
1 0.95789900 0.59259300 0.01822900 0.01620400
2 0.19531200 0.66550900 0.07986100 0.21296300
2 0.97048600 0.62210600 0.02604200 0.03588000
2 0.96050300 0.57407400 0.02170100 0.02083300
1 0.33116300 0.40104200 0.01128500 0.01273100
0 0.35156200 0.42766200 0.02430600 0.02199100
0 0.33159700 0.40682900 0.02083300 0.02893500
0 0.19878500 0.71412000 0.13194400 0.55787000
0 0.34244800 0.67071800 0.08767400 0.46643500
0 0.55121500 0.65046300 0.06770800 0.27777800
0 0.62456600 0.64872700 0.08246500 0.25578700
0 0.68880200 0.60474500 0.06336800 0.13773100
0 0.72439200 0.57812500 0.04774300 0.12847200
0 0.95095500 0.56134300 0.05121500 0.04861100
0 0.96614600 0.62500000 0.04513900 0.07638900
