1 0.14921900 0.33177100 0.11875000 0.11145800
1 0.51562500 0.31354200 0.12812500 0.15208300
1 0.18437500 0.46875000 0.06718700 0.06666700
1 0.88476600 0.23333300 0.20546900 0.14166700
1 0.67187500 0.23802100 0.13125000 0.13020800
1 0.38164100 0.33072900 0.10390600 0.11354200
1 0.29257800 0.39322900 0.08359400 0.07812500
0 0.10234400 0.62864600 0.20312500 0.72604200
0 0.20078100 0.69531200 0.07812500 0.52604200
0 0.50820300 0.61614600 0.25390600 0.76145800
0 0.71132800 0.57916700 0.20390600 0.83541700
0 0.89882800 0.58020800 0.20234400 0.82291700
0 0.35703100 0.64218800 0.17343700 0.71145800
0 0.28281300 0.67291700 0.10781300 0.63333300
2 0.71914100 0.59531300 0.20234400 0.40937500
2 0.91367200 0.69218700 0.17265600 0.58437500
