1 0.15384600 0.26830500 0.05384600 0.05753100
1 0.44846200 0.19508400 0.03846200 0.05543900
1 0.59961500 0.27562800 0.05615400 0.04288700
1 0.80192300 0.27301300 0.04846200 0.02928900
1 0.74538500 0.26725900 0.05076900 0.03870300
1 0.84961500 0.25470700 0.05615400 0.04288700
2 0.15115400 0.36244800 0.07923100 0.12238500
2 0.39153800 0.28870300 0.09076900 0.11715500
2 0.58769200 0.44874500 0.09230800 0.18828500
2 0.72692300 0.37290800 0.06615400 0.10355600
2 0.82961500 0.44351500 0.08692300 0.17154800
2 0.89230800 0.39801300 0.06615400 0.15585800
0 0.13192300 0.43933100 0.10538500 0.39749000
0 0.40230800 0.36610900 0.10153800 0.40795000
0 0.57730800 0.53661100 0.10230800 0.55439300
0 0.73615400 0.52301300 0.08461500 0.55230100
0 0.80230800 0.55753100 0.11230800 0.55439300
0 0.88076900 0.49424700 0.09076900 0.51359800
