1 0.66748800 0.19922600 0.10837400 0.05609300
1 0.30788200 0.27562900 0.12069000 0.07350100
1 0.82204400 0.30996100 0.04556700 0.02224400
1 0.47044300 0.29690500 0.04926100 0.02127700
1 0.38423600 0.33655700 0.07142900 0.03481600
1 0.22968000 0.30222400 0.05295600 0.03191500
1 0.15086200 0.29593800 0.04556700 0.02321100
2 0.67549300 0.40812400 0.21305400 0.24758200
2 0.82266000 0.37669200 0.05418700 0.07640200
2 0.47906400 0.36412000 0.08867000 0.08027100
2 0.40455700 0.44052200 0.09729100 0.12669200
2 0.26662600 0.50967100 0.22536900 0.27853000
2 0.15394100 0.35299800 0.09359600 0.05222400
2 0.03325100 0.47969100 0.06403900 0.21856900
0 0.82204400 0.42456500 0.07512300 0.25725300
0 0.67918700 0.56431300 0.25246300 0.79787200
0 0.48768500 0.41586100 0.11576400 0.26692500
0 0.14963100 0.33317200 0.10714300 0.09961300
0 0.41009900 0.50000000 0.11576400 0.35783400
0 0.04864500 0.60444900 0.09482800 0.64023200
0 0.27155200 0.61798800 0.22783300 0.75628600
