1 0.23388700 0.24853400 0.08496100 0.12756600
1 0.42285200 0.23753700 0.08007800 0.08211100
1 0.75390600 0.38783000 0.11523400 0.12170100
1 0.14257800 0.11070400 0.18750000 0.16568900
2 0.10644500 0.56964800 0.21093800 0.55865100
2 0.21386700 0.54398800 0.08593800 0.40762500
2 0.43798800 0.53372400 0.17480500 0.35190600
2 0.75976600 0.71187700 0.17968800 0.40322600
0 0.71484400 0.66422300 0.28515600 0.67155400
0 0.44628900 0.59677400 0.24023400 0.79472100
0 0.23681600 0.58064500 0.12793000 0.82404700
0 0.11181600 0.50879800 0.22168000 0.96187700
