1 0.12343800 0.37799500 0.10798600 0.11171900
1 0.22196200 0.33046900 0.07309000 0.08906300
1 0.36805600 0.37174500 0.07326400 0.09192700
1 0.52960100 0.37304700 0.08906300 0.09921900
1 0.62734400 0.34843800 0.09600700 0.08437500
1 0.72118100 0.40234400 0.08333300 0.08125000
1 0.79783000 0.33359400 0.11163200 0.11197900
0 0.12430600 0.65937500 0.12222200 0.68125000
0 0.22109400 0.64244800 0.12309000 0.71302100
0 0.35434000 0.55989600 0.14965300 0.48750000
0 0.51041700 0.55546900 0.13298600 0.46562500
0 0.63541700 0.55859400 0.11284700 0.48593800
0 0.72786500 0.57109400 0.08177100 0.40468700
0 0.83177100 0.64036475 0.14965300 0.71927050
2 0.34201400 0.62929700 0.13576400 0.31119800
2 0.51927100 0.62864600 0.11250000 0.31927100
2 0.63480900 0.62421900 0.10572900 0.33072900
2 0.82647600 0.67044300 0.15468800 0.42005200
