0 0.13687500 0.63039400 0.16125000 0.73921200
0 0.27125000 0.64915600 0.14250000 0.69418400
0 0.42125000 0.62851800 0.16250000 0.74296400
0 0.54875000 0.65290800 0.09250000 0.69418400
0 0.68250000 0.63133200 0.16250000 0.73733600
0 0.88125000 0.56379000 0.22500000 0.87242000
2 0.10875000 0.59568500 0.08250000 0.41088200
2 0.26437500 0.62570400 0.14625000 0.38836800
2 0.42625000 0.60881800 0.14500000 0.41088200
2 0.54937500 0.57692300 0.09125000 0.31332100
2 0.67937500 0.59380900 0.15625000 0.39962500
2 0.88687500 0.44183900 0.22375000 0.35834900
