1 0.22937500 0.29831100 0.10375000 0.11257000
1 0.35937500 0.21763600 0.08375000 0.09756100
1 0.42187500 0.25703600 0.05375000 0.07504700
1 0.51500000 0.31519700 0.08000000 0.08255200
1 0.62937500 0.20168900 0.07125000 0.08067500
1 0.72875000 0.21388400 0.10500000 0.09756100
2 0.19312500 0.56660400 0.13375000 0.33771100
2 0.31875000 0.44183900 0.09500000 0.29080700
2 0.43000000 0.48217600 0.09000000 0.27767400
2 0.52937500 0.55159500 0.12125000 0.30769200
2 0.64125000 0.41182000 0.11000000 0.25703600
2 0.77000000 0.48780500 0.14500000 0.31144500
0 0.76625000 0.58348975 0.15750000 0.83302050
0 0.64437500 0.55909900 0.12375000 0.79925000
0 0.53187500 0.63789875 0.13125000 0.72420250
0 0.43312500 0.59193200 0.10125000 0.73358300
0 0.33375000 0.57879900 0.13500000 0.83489700
0 0.19312500 0.62101300 0.17125000 0.75797400
