1 0.45166700 0.32706800 0.37000000 0.35338300
1 0.14416700 0.63157900 0.11500000 0.11027600
1 0.75666700 0.67543900 0.04333300 0.06265700
1 0.83166700 0.67794500 0.03666700 0.05764400
1 0.98166700 0.69674200 0.03000000 0.04010000
1 0.92416700 0.68797000 0.03833300 0.03759400
1 0.63666700 0.69674200 0.03333300 0.03007500
1 0.57916700 0.71428600 0.03833300 0.05513800
1 0.28416700 0.70676700 0.04833300 0.05513800
1 0.19916700 0.71679200 0.03500000 0.04511300
1 0.23166700 0.70551400 0.03666700 0.04761900
0 0.12166700 0.78320800 0.20666700 0.42857100
0 0.42166700 0.55764400 0.43333300 0.88471200
0 0.71416700 0.81829600 0.04500000 0.27318300
0 0.58416700 0.80952400 0.04500000 0.27067700
0 0.63916700 0.80200500 0.04500000 0.27067700
0 0.66916700 0.80075200 0.04500000 0.27318300
0 0.76416700 0.79198000 0.04500000 0.27067700
0 0.82666700 0.78070200 0.07000000 0.26817000
0 0.97416700 0.78195500 0.04833300 0.25563900
0 0.93166700 0.78070200 0.05000000 0.22305800
0 0.20916700 0.81704300 0.08166700 0.23558900
0 0.29416700 0.80200500 0.08166700 0.23558900
