3 0.56971154 0.42650602 0.01442308 0.03373494
3 0.57331731 0.42650602 0.02644231 0.03855422
3 0.43028846 0.43614458 0.03365385 0.03855422
3 0.43870192 0.44096386 0.01682692 0.03373494
3 0.42427885 0.53132530 0.06971154 0.23373494
3 0.57451923 0.53975904 0.07692308 0.26506024
3 0.28725962 0.33373494 0.06971154 0.07951807
3 0.30528846 0.35060241 0.02403846 0.04578313
3 0.17668269 0.39759036 0.03605769 0.04337349
3 0.22355769 0.36626506 0.04807692 0.05301205
3 0.28605769 0.10361446 0.07211538 0.08192771
3 0.30048077 0.09036145 0.02403846 0.05060241
3 0.25841346 0.54096386 0.12740385 0.49397590
3 0.20192308 0.53493976 0.09615385 0.39518072
3 0.15504808 0.53132530 0.08413462 0.31566265
