3 0.09855769 0.40865385 0.03846154 0.07211538
3 0.06250000 0.37500000 0.12019231 0.14903846
3 0.29326923 0.35456731 0.03846154 0.05048077
3 0.27644231 0.33173077 0.07692308 0.09615385
3 0.37379808 0.34735577 0.02644231 0.04086538
3 0.38701923 0.33173077 0.06250000 0.07692308
3 0.59014423 0.39302885 0.02644231 0.04086538
3 0.58894231 0.38100962 0.07211538 0.08894231
3 0.86177885 0.40024038 0.05048077 0.07451923
3 0.89302885 0.37259615 0.11778846 0.13942308
3 0.86298077 0.56730769 0.27403846 0.52403846
3 0.54206731 0.58173077 0.31971154 0.49038462
3 0.41466346 0.52403846 0.18990385 0.45673077
3 0.24879808 0.55168269 0.15625000 0.53605769
3 0.07451923 0.56730769 0.14423077 0.52884615
