1 0.29927885 0.32331731 0.29086538 0.16586538
1 0.29927885 0.41346154 0.29086538 0.34615385
0 0.50721154 0.53365385 0.98076923 0.58653846
1 0.12379808 0.33774038 0.13221154 0.07451923
1 0.12740385 0.39062500 0.12980769 0.18028846
1 0.05048077 0.38461538 0.04807692 0.03846154
1 0.06009615 0.41466346 0.07211538 0.09855769
0 0.06850962 0.48677885 0.12740385 0.24278846
0 0.12139423 0.48677885 0.14182692 0.37740385
3 0.28846154 0.46394231 0.16826923 0.22596154
3 0.11658654 0.42187500 0.07932692 0.09855769
3 0.06610577 0.43389423 0.04086538 0.06009615
