1 0.17067308 0.26201923 0.07692308 0.05288462
1 0.17067308 0.29086538 0.07692308 0.11057692
0 0.15264423 0.52163462 0.21875000 0.57211538
1 0.43750000 0.23317308 0.08173077 0.05288462
1 0.43750000 0.25240385 0.08173077 0.09134615
0 0.43149038 0.49519231 0.19471154 0.57211538
1 0.71394231 0.49158654 0.06730769 0.05048077
1 0.17307692 0.05048077 0.09134615 0.05288462
1 0.17548077 0.04326923 0.09615385 0.07692308
1 0.87980769 0.22235577 0.09134615 0.06009615
1 0.88100962 0.24879808 0.08894231 0.11298077
0 0.89182692 0.49519231 0.21153846 0.60576923
1 0.88221154 0.08894231 0.08653846 0.05769231
1 0.88100962 0.06250000 0.08894231 0.11057692
1 0.43990385 0.07932692 0.07211538 0.05288462
1 0.44350962 0.05889423 0.07451923 0.10336538
3 0.59134615 0.29927885 0.04807692 0.06971154
3 0.61538462 0.46995192 0.18750000 0.42548077
3 0.28966346 0.29086538 0.03125000 0.03846154
3 0.29326923 0.39062500 0.07211538 0.23798077
1 0.37980769 0.26442308 0.02884615 0.02403846
1 0.37980769 0.27043269 0.02884615 0.04086538
1 0.51201923 0.28725962 0.03365385 0.02163462
1 0.51322115 0.29807692 0.03605769 0.04326923
3 0.29086538 0.02043269 0.03365385 0.03605769
1 0.38461538 0.05048077 0.02884615 0.02403846
1 0.38822115 0.04086538 0.03125000 0.04807692
1 0.51442308 0.02644231 0.04326923 0.02884615
1 0.51802885 0.02163462 0.04567308 0.03846154
3 0.59254808 0.02644231 0.05528846 0.04807692
3 0.16826923 0.31730769 0.05288462 0.06250000
3 0.44230769 0.26802885 0.04326923 0.04567308
3 0.59375000 0.30889423 0.03365385 0.04086538
3 0.50841346 0.30889423 0.01682692 0.01682692
3 0.85697115 0.27283654 0.03605769 0.05528846
3 0.85817308 0.03846154 0.03365385 0.05769231
3 0.43990385 0.03846154 0.04807692 0.05288462
