1 0.24158654 0.35180723 0.08894231 0.05301205
3 0.25480769 0.40120482 0.04807692 0.06987952
1 0.24158654 0.38072289 0.09375000 0.11566265
1 0.05769231 0.42289157 0.04807692 0.03132530
1 0.05769231 0.42891566 0.04807692 0.04337349
1 0.01923077 0.43253012 0.02884615 0.02650602
3 0.01682692 0.45060241 0.01442308 0.01927711
1 0.01802885 0.43975904 0.03125000 0.04096386
1 0.45192308 0.36987952 0.07211538 0.04578313
3 0.45192308 0.41445783 0.04326923 0.05301205
1 0.45312500 0.39277108 0.07451923 0.09156627
1 0.53485577 0.36987952 0.06490385 0.04578313
3 0.53365385 0.40843373 0.03365385 0.04096386
1 0.53605769 0.38795181 0.06730769 0.08192771
3 0.66826923 0.40963855 0.02403846 0.04337349
1 0.66346154 0.37108434 0.03846154 0.03855422
1 0.66586538 0.39156627 0.03846154 0.07951807
1 0.71875000 0.37108434 0.08653846 0.08192771
3 0.68990385 0.39518072 0.02403846 0.06746988
1 0.71995192 0.37951807 0.08894231 0.09879518
1 0.80649038 0.44216867 0.05048077 0.04096386
3 0.80649038 0.47710843 0.02163462 0.02891566
1 0.80889423 0.45542169 0.05048077 0.07228916
1 0.91586538 0.39277108 0.05288462 0.03373494
3 0.91826923 0.42289157 0.02884615 0.03132530
1 0.91706731 0.40722892 0.05528846 0.06746988
0 0.02403846 0.54457831 0.04326923 0.25542169
0 0.08052885 0.54819277 0.11778846 0.29156627
0 0.21274038 0.57710843 0.23317308 0.50361446
0 0.46033654 0.58554217 0.15144231 0.47710843
0 0.55168269 0.57590361 0.11778846 0.45783133
0 0.71754808 0.57951807 0.16586538 0.50361446
0 0.81009615 0.52289157 0.05288462 0.21686747
0 0.92668269 0.57710843 0.12259615 0.40722892
