3 0.39302885 0.48674699 0.02163462 0.02891566
3 0.59615385 0.47469880 0.01442308 0.02891566
3 0.70913462 0.47469880 0.01923077 0.01927711
3 0.78725962 0.49518072 0.02163462 0.03132530
3 0.55889423 0.47831325 0.01201923 0.01686747
3 0.87379808 0.47831325 0.02163462 0.03132530
1 0.23918269 0.43734940 0.07451923 0.05060241
1 0.23918269 0.45662651 0.07451923 0.08915663
1 0.39423077 0.46746988 0.04326923 0.02409639
1 0.55769231 0.46265060 0.01923077 0.01445783
1 0.58173077 0.46506024 0.01923077 0.02409639
1 0.71274038 0.45421687 0.03605769 0.02650602
1 0.67307692 0.46144578 0.03365385 0.01686747
1 0.79447115 0.47228916 0.04567308 0.02891566
1 0.81490385 0.44457831 0.04326923 0.02650602
1 0.89302885 0.44578313 0.05528846 0.03373494
1 0.81490385 0.45662651 0.04326923 0.05060241
1 0.79447115 0.48915663 0.04567308 0.05783133
1 0.89302885 0.46506024 0.05528846 0.07228916
1 0.71394231 0.46626506 0.03846154 0.05060241
1 0.67307692 0.47228916 0.03365385 0.03855422
1 0.55889423 0.47349398 0.02163462 0.03132530
1 0.58173077 0.47228916 0.01923077 0.03373494
1 0.39423077 0.48433735 0.04326923 0.05301205
3 0.64903846 0.47831325 0.01923077 0.03132530
0 0.23076923 0.61807229 0.16826923 0.40722892
0 0.39423077 0.61807229 0.10096154 0.32048193
0 0.54567308 0.55542169 0.04807692 0.19036145
1 0.58413462 0.63493976 0.03846154 0.04096386
3 0.60937500 0.47349398 0.03605769 0.05542169
3 0.61057692 0.60963855 0.08173077 0.32289157
3 0.65384615 0.56265060 0.02884615 0.19518072
0 0.67908654 0.57349398 0.05048077 0.24096386
0 0.72235577 0.58915663 0.06971154 0.29156627
0 0.78485577 0.62168675 0.09855769 0.31807229
0 0.88581731 0.63132530 0.09855769 0.40000000
