3 0.26562500 0.48915663 0.07451923 0.09156627
3 0.35817308 0.47951807 0.06730769 0.07710843
3 0.46995192 0.45903614 0.05528846 0.07951807
3 0.57091346 0.45662651 0.04086538 0.06987952
3 0.60456731 0.47831325 0.06490385 0.07469880
3 0.67067308 0.46144578 0.06250000 0.07469880
3 0.72235577 0.45662651 0.06009615 0.06506024
3 0.23918269 0.64096386 0.13221154 0.39518072
3 0.37620192 0.63975904 0.18028846 0.39759036
3 0.45192308 0.63012048 0.14903846 0.42650602
3 0.55168269 0.61204819 0.08413462 0.38072289
3 0.59014423 0.62530120 0.18509615 0.36385542
3 0.70432692 0.61807229 0.13461538 0.38795181
3 0.74759615 0.54096386 0.11057692 0.23373494
3 0.38100962 0.48674699 0.02644231 0.04337349
3 0.47475962 0.47469880 0.03605769 0.04337349
3 0.59134615 0.49156627 0.02884615 0.04337349
3 0.66346154 0.47831325 0.03846154 0.04096386
3 0.71274038 0.46506024 0.02644231 0.04337349
