3 0.39783654 0.51081731 0.04086538 0.04567308
3 0.66586538 0.48197115 0.02403846 0.04567308
1 0.36778846 0.47596154 0.07692308 0.07692308
1 0.69110577 0.42668269 0.10336538 0.07451923
1 0.28125000 0.45913462 0.02884615 0.01923077
1 0.37379808 0.48557692 0.08894231 0.09615385
1 0.28125000 0.46754808 0.02884615 0.03605769
1 0.69230769 0.44951923 0.10576923 0.12019231
0 0.29326923 0.55408654 0.07211538 0.21394231
0 0.39543269 0.63221154 0.23317308 0.38461538
0 0.65625000 0.60216346 0.37980769 0.42548077
