3 0.03485577 0.46746988 0.05048077 0.05783133
3 0.04807692 0.43253012 0.03846154 0.04096386
3 0.18269231 0.43614458 0.06730769 0.07710843
3 0.22235577 0.43253012 0.03605769 0.06024096
3 0.32451923 0.43493976 0.03365385 0.05060241
3 0.30168269 0.43132530 0.02644231 0.04337349
3 0.39543269 0.45060241 0.04567308 0.05783133
3 0.45312500 0.44457831 0.03125000 0.05060241
3 0.53846154 0.43975904 0.05288462 0.06024096
3 0.62860577 0.42891566 0.05528846 0.06746988
3 0.69230769 0.43493976 0.06730769 0.07469880
3 0.03605769 0.47951807 0.04326923 0.02891566
3 0.20552885 0.44216867 0.02163462 0.05060241
3 0.23437500 0.43493976 0.01682692 0.04096386
3 0.32692308 0.44096386 0.02884615 0.02891566
3 0.30288462 0.43855422 0.00961538 0.02409639
3 0.40144231 0.45301205 0.02884615 0.03373494
3 0.45072115 0.44698795 0.01682692 0.02650602
3 0.53245192 0.44939759 0.02644231 0.03132530
3 0.61418269 0.43975904 0.02644231 0.04096386
3 0.06009615 0.52771084 0.11538462 0.17349398
3 0.19230769 0.57228916 0.14903846 0.35421687
3 0.32572115 0.53012048 0.08413462 0.23614458
3 0.29326923 0.54698795 0.06730769 0.26987952
3 0.38701923 0.53734940 0.11057692 0.23614458
3 0.46153846 0.53493976 0.08173077 0.23132530
3 0.54807692 0.53012048 0.09615385 0.24096386
3 0.64423077 0.54337349 0.09134615 0.29638554
3 0.69350962 0.60722892 0.13701923 0.40963855
