1 0.41947115 0.21394231 0.09855769 0.09134615
1 0.41947115 0.11658654 0.09375000 0.09375000
1 0.62740385 0.08293269 0.03365385 0.03605769
1 0.62500000 0.24519231 0.03365385 0.03846154
3 0.58052885 0.37860577 0.02163462 0.02163462
3 0.56850962 0.42548077 0.04567308 0.14903846
1 0.42067308 0.23557692 0.10096154 0.12980769
1 0.62620192 0.25480769 0.04086538 0.05769231
1 0.42067308 0.09615385 0.10096154 0.12980769
1 0.62620192 0.07331731 0.03605769 0.06009615
0 0.46514423 0.46033654 0.22836538 0.56971154
0 0.63942308 0.33533654 0.09134615 0.23317308
0 0.63581731 0.05649038 0.08413462 0.10817308
0 0.43509615 0.07932692 0.17788462 0.15384615
1 0.41225962 0.37740385 0.01682692 0.01923077
1 0.41466346 0.38461538 0.02163462 0.03365385
0 0.41466346 0.43870192 0.04086538 0.14182692
3 0.43269231 0.27524038 0.05288462 0.03125000
3 0.43629808 0.05769231 0.05528846 0.03846154
3 0.62740385 0.27163462 0.02403846 0.02403846
3 0.62740385 0.05528846 0.02884615 0.02403846
