3 0.76802885 0.33734940 0.17067308 0.21686747
3 0.61899038 0.41927711 0.11298077 0.14939759
3 0.44591346 0.36746988 0.13701923 0.20481928
3 0.19951923 0.35662651 0.14423077 0.18313253
3 0.22235577 0.38915663 0.08413462 0.10843373
3 0.45192308 0.40963855 0.10096154 0.10602410
3 0.61057692 0.43734940 0.08173077 0.10361446
3 0.73918269 0.37951807 0.10817308 0.12771084
3 0.73798077 0.53975904 0.51923077 0.62650602
3 0.40504808 0.51325301 0.34855769 0.49638554
3 0.15144231 0.51445783 0.29807692 0.49879518
3 0.62379808 0.56746988 0.18028846 0.44578313
