1 0.48677885 0.36177885 0.13701923 0.08413462
1 0.22716346 0.40745192 0.35336538 0.25721154
1 0.22235577 0.08173077 0.33894231 0.15865385
1 0.48317308 0.08052885 0.12500000 0.08894231
1 0.22716346 0.46394231 0.35336538 0.37500000
1 0.48798077 0.39423077 0.13942308 0.14903846
1 0.48437500 0.06370192 0.12740385 0.12259615
0 0.48197115 0.53365385 0.85817308 0.50961538
0 0.53004808 0.51081731 0.33413462 0.37740385
3 0.50721154 0.42668269 0.06250000 0.07451923
3 0.50480769 0.02524038 0.07692308 0.04567308
