3 0.30889423 0.46875000 0.01682692 0.01442308
1 0.31610577 0.46033654 0.02644231 0.02163462
1 0.31610577 0.46394231 0.03125000 0.02884615
0 0.27764423 0.49879808 0.11298077 0.12740385
3 0.56370192 0.35336538 0.01682692 0.01442308
1 0.56370192 0.33533654 0.02644231 0.01682692
1 0.56370192 0.34615385 0.02644231 0.03846154
0 0.57211538 0.41706731 0.09615385 0.18028846
3 0.62500000 0.33173077 0.00961538 0.01442308
1 0.62259615 0.31971154 0.02403846 0.02403846
1 0.62740385 0.32331731 0.03365385 0.03125000
0 0.68028846 0.39423077 0.16346154 0.17307692
3 0.56370192 0.04086538 0.01682692 0.01442308
1 0.56370192 0.05649038 0.02644231 0.01682692
1 0.56490385 0.04687500 0.02884615 0.03605769
3 0.62500000 0.06250000 0.01442308 0.01442308
1 0.62259615 0.06850962 0.02403846 0.03125000
1 0.62740385 0.06490385 0.03365385 0.03846154
0 0.66466346 0.04687500 0.13221154 0.08413462
