0 0.10096154 0.40481928 0.06730769 0.08192771
1 0.09975962 0.39879518 0.06490385 0.06506024
0 0.15745192 0.57349398 0.23798077 0.41927711
3 0.59735577 0.59036145 0.01682692 0.01927711
3 0.47836538 0.48795181 0.00961538 0.01204819
3 0.53004808 0.46626506 0.00721154 0.01204819
1 0.62139423 0.57590361 0.03605769 0.05783133
1 0.54086538 0.45662651 0.02403846 0.02650602
1 0.64182692 0.44819277 0.01923077 0.01927711
1 0.49399038 0.47710843 0.02644231 0.03373494
1 0.53966346 0.45903614 0.03125000 0.03132530
1 0.49158654 0.47710843 0.03605769 0.03855422
1 0.61538462 0.57710843 0.05288462 0.06024096
0 0.56610577 0.62891566 0.15625000 0.16385542
0 0.45913462 0.50963855 0.10576923 0.10361446
0 0.51562500 0.48433735 0.08413462 0.08192771
1 0.94951923 0.48554217 0.01923077 0.02168675
1 0.95072115 0.48795181 0.02644231 0.02650602
0 0.96754808 0.51445783 0.06009615 0.08433735
