3 0.25961538 0.29326923 0.08653846 0.09134615
3 0.02403846 0.29567308 0.04326923 0.07692308
3 0.37860577 0.27884615 0.06971154 0.08653846
3 0.54687500 0.28245192 0.06971154 0.08894231
3 0.65745192 0.33052885 0.06009615 0.06971154
3 0.75000000 0.31850962 0.06250000 0.07451923
3 0.93870192 0.33413462 0.06971154 0.06730769
3 0.90504808 0.36298077 0.02644231 0.03365385
3 0.04206731 0.47596154 0.07932692 0.43750000
3 0.32091346 0.56610577 0.31490385 0.64182692
3 0.57451923 0.53605769 0.19711538 0.59615385
3 0.65625000 0.51442308 0.09134615 0.43750000
3 0.77283654 0.50721154 0.16105769 0.45192308
3 0.93028846 0.53485577 0.13942308 0.46875000
3 0.88341346 0.43629808 0.06490385 0.18028846
3 0.36177885 0.54567308 0.14182692 0.62019231
3 0.02043269 0.29447115 0.03605769 0.05048077
3 0.38221154 0.27644231 0.03846154 0.03846154
3 0.54687500 0.29086538 0.04567308 0.05288462
3 0.92427885 0.33894231 0.02644231 0.05769231
3 0.73557692 0.32331731 0.02403846 0.04567308
3 0.66706731 0.33653846 0.02644231 0.04807692
3 0.90384615 0.36658654 0.01442308 0.01682692
3 0.70312500 0.34014423 0.03605769 0.05048077
