1 0.86418269 0.39518072 0.06971154 0.05301205
1 0.86298077 0.41325301 0.07211538 0.08915663
1 0.73437500 0.42048193 0.05048077 0.03614458
1 0.73437500 0.43493976 0.05528846 0.06506024
1 0.68028846 0.43373494 0.03846154 0.03373494
1 0.68028846 0.44337349 0.04326923 0.05783133
1 0.63100962 0.42409639 0.04567308 0.04337349
1 0.63221154 0.43373494 0.04807692 0.06265060
1 0.54567308 0.44578313 0.03846154 0.02891566
1 0.54687500 0.45783133 0.04086538 0.05301205
1 0.51682692 0.55421687 0.03365385 0.01927711
1 0.51682692 0.56265060 0.03365385 0.03614458
1 0.44471154 0.49277108 0.03365385 0.02650602
1 0.44350962 0.50240964 0.03605769 0.04578313
1 0.38701923 0.46867470 0.03846154 0.03132530
1 0.38822115 0.47831325 0.04086538 0.05060241
1 0.34014423 0.54578313 0.02163462 0.02168675
1 0.34134615 0.55662651 0.02403846 0.03855422
1 0.23557692 0.55180723 0.03846154 0.01927711
1 0.24879808 0.58072289 0.04086538 0.01927711
1 0.24879808 0.59397590 0.04086538 0.04578313
1 0.09014423 0.54939759 0.03605769 0.02409639
1 0.09014423 0.56024096 0.03605769 0.04578313
3 0.86658654 0.43493976 0.04567308 0.04578313
3 0.68389423 0.46144578 0.02644231 0.02168675
3 0.54927885 0.46987952 0.02163462 0.02409639
3 0.51802885 0.56746988 0.01682692 0.02168675
3 0.24038462 0.60361446 0.01923077 0.02650602
3 0.44711538 0.51204819 0.02403846 0.02168675
0 0.89302885 0.60120482 0.16586538 0.46506024
0 0.70312500 0.58674699 0.18990385 0.36867470
0 0.63221154 0.58192771 0.15865385 0.35903614
0 0.55048077 0.58072289 0.11057692 0.29879518
0 0.45913462 0.59397590 0.07211538 0.22891566
0 0.39783654 0.59277108 0.07932692 0.27469880
0 0.25961538 0.65301205 0.09615385 0.16385542
0 0.07932692 0.60963855 0.13461538 0.14457831
0 0.33774038 0.60240964 0.06971154 0.13493976
0 0.51442308 0.61325301 0.05288462 0.13734940
