1 0.18509615 0.44350962 0.06730769 0.03605769
1 0.32451923 0.44591346 0.06250000 0.03125000
1 0.49759615 0.43028846 0.06730769 0.02884615
1 0.65745192 0.40865385 0.06490385 0.02884615
1 0.85216346 0.37740385 0.08894231 0.04326923
1 0.18509615 0.46394231 0.06730769 0.07692308
1 0.32331731 0.46875000 0.06490385 0.07211538
1 0.49759615 0.45312500 0.06730769 0.07451923
1 0.65865385 0.43149038 0.06730769 0.07451923
1 0.85216346 0.40264423 0.08894231 0.08894231
3 0.32211538 0.48076923 0.02884615 0.03846154
3 0.84375000 0.41706731 0.03846154 0.05528846
3 0.18750000 0.47716346 0.03365385 0.04086538
3 0.50961538 0.46634615 0.03365385 0.04326923
3 0.64302885 0.44471154 0.02644231 0.04326923
