3 0.34615385 0.39783654 0.03846154 0.03605769
3 0.25240385 0.40745192 0.02403846 0.02644231
3 0.30168269 0.41105769 0.02163462 0.01923077
3 0.37740385 0.40625000 0.01442308 0.01442308
3 0.40384615 0.39543269 0.01442308 0.01201923
3 0.48798077 0.39663462 0.01923077 0.01442308
3 0.43149038 0.40625000 0.02163462 0.02403846
3 0.55048077 0.40745192 0.03365385 0.03125000
3 0.59615385 0.40384615 0.02403846 0.02403846
3 0.63221154 0.39302885 0.02884615 0.02644231
3 0.67548077 0.39062500 0.03846154 0.03605769
3 0.73798077 0.37860577 0.03365385 0.03125000
1 0.25240385 0.38461538 0.03365385 0.02403846
1 0.34735577 0.35697115 0.04567308 0.05048077
1 0.30168269 0.38581731 0.03125000 0.03125000
1 0.37980769 0.38461538 0.01923077 0.03365385
1 0.40384615 0.37740385 0.01923077 0.01923077
1 0.43509615 0.37500000 0.03846154 0.02884615
1 0.48798077 0.37980769 0.02403846 0.01923077
1 0.54927885 0.37139423 0.05528846 0.05048077
1 0.59375000 0.38100962 0.02884615 0.02644231
1 0.62860577 0.36418269 0.04567308 0.03125000
1 0.67788462 0.35576923 0.05288462 0.03846154
1 0.73798077 0.34615385 0.03846154 0.03365385
1 0.25480769 0.39783654 0.03846154 0.05048077
1 0.30168269 0.39783654 0.03125000 0.05528846
1 0.34615385 0.37740385 0.05288462 0.08653846
1 0.40384615 0.39062500 0.01923077 0.04567308
1 0.43750000 0.39543269 0.03846154 0.06971154
1 0.48918269 0.38822115 0.02644231 0.04086538
1 0.55168269 0.39302885 0.06009615 0.08894231
1 0.59615385 0.39783654 0.02884615 0.05528846
1 0.63100962 0.38221154 0.04567308 0.06250000
1 0.68149038 0.38100962 0.05528846 0.08413462
1 0.74158654 0.36658654 0.04567308 0.06971154
0 0.23677885 0.49639423 0.07451923 0.24278846
0 0.35336538 0.54567308 0.12980769 0.42788462
0 0.44831731 0.52884615 0.08894231 0.33173077
0 0.53125000 0.56370192 0.13942308 0.43028846
0 0.67307692 0.54567308 0.12980769 0.41826923
0 0.76562500 0.51802885 0.09855769 0.37259615
