1 0.51682692 0.22596154 0.04326923 0.05288462
1 0.51923077 0.23317308 0.05288462 0.07211538
0 0.53846154 0.35216346 0.10576923 0.31490385
1 0.58413462 0.48317308 0.05288462 0.04326923
0 0.57812500 0.61177885 0.14663462 0.30048077
1 0.63942308 0.62139423 0.06250000 0.04567308
1 0.64062500 0.64182692 0.06490385 0.08653846
0 0.63581731 0.69591346 0.21875000 0.18990385
1 0.72475962 0.49278846 0.02644231 0.02884615
1 0.72836538 0.50600962 0.02884615 0.05528846
3 0.57692308 0.52043269 0.02884615 0.02644231
3 0.64182692 0.65985577 0.03846154 0.03605769
