3 0.50360577 0.56987952 0.04086538 0.03614458
3 0.73197115 0.56987952 0.03605769 0.02650602
3 0.13221154 0.55301205 0.05769231 0.04578313
1 0.37980769 0.46265060 0.01442308 0.00963855
0 0.37860577 0.49518072 0.02644231 0.07469880
1 0.50240385 0.52048193 0.07211538 0.06265060
1 0.73557692 0.52891566 0.06730769 0.06506024
1 0.30048077 0.48554217 0.07692308 0.07951807
3 0.29447115 0.53132530 0.03125000 0.03132530
1 0.13822115 0.48795181 0.09855769 0.09397590
1 0.13822115 0.50843373 0.10336538 0.13975904
1 0.30048077 0.49759036 0.08173077 0.10361446
1 0.50240385 0.54096386 0.07211538 0.09879518
1 0.73437500 0.54216867 0.06490385 0.08674699
1 0.89423077 0.51686747 0.06250000 0.04578313
1 0.89903846 0.52891566 0.07211538 0.07469880
0 0.92788462 0.59638554 0.13461538 0.21445783
0 0.71033654 0.61445783 0.17067308 0.23614458
0 0.50360577 0.61807229 0.17548077 0.25783133
0 0.26682692 0.59036145 0.18269231 0.28915663
0 0.09855769 0.62409639 0.19230769 0.36626506
