3 0.61418269 0.42548077 0.04086538 0.05769231
3 0.79567308 0.47355769 0.03846154 0.05288462
3 0.37379808 0.45673077 0.03125000 0.05769231
3 0.17307692 0.52043269 0.04326923 0.05048077
1 0.34615385 0.41466346 0.08653846 0.06490385
1 0.63581731 0.39182692 0.08413462 0.05769231
1 0.82331731 0.42427885 0.10336538 0.06971154
1 0.15865385 0.43990385 0.12500000 0.09615385
1 0.15865385 0.46995192 0.12500000 0.16105769
1 0.34855769 0.43990385 0.09134615 0.11057692
1 0.63461538 0.41225962 0.08653846 0.10336538
1 0.82331731 0.45192308 0.10336538 0.12500000
0 0.12980769 0.60697115 0.18750000 0.43509615
0 0.35817308 0.60697115 0.19711538 0.44471154
0 0.59495192 0.59615385 0.21394231 0.47115385
0 0.83052885 0.61057692 0.18028846 0.43750000
