1 0.16826923 0.06144578 0.14903846 0.08915663
1 0.16947115 0.05662651 0.15144231 0.10843373
1 0.49759615 0.03855422 0.07211538 0.04819277
1 0.49759615 0.03373494 0.07211538 0.06265060
3 0.96514423 0.01204819 0.01682692 0.01927711
3 0.96875000 0.01566265 0.02884615 0.02650602
1 0.90985577 0.03253012 0.05528846 0.03132530
1 0.90985577 0.02650602 0.05528846 0.04819277
1 0.85937500 0.02650602 0.04567308 0.02891566
1 0.85937500 0.02409639 0.04567308 0.04337349
1 0.78605769 0.03614458 0.05769231 0.03373494
1 0.78725962 0.02891566 0.06009615 0.05301205
1 0.69951923 0.01204819 0.02403846 0.01927711
3 0.14062500 0.46144578 0.05528846 0.07469880
1 0.16947115 0.37951807 0.15144231 0.08915663
1 0.16947115 0.43132530 0.15144231 0.19759036
0 0.19350962 0.55783133 0.19951923 0.44578313
3 0.26442308 0.47710843 0.03365385 0.03855422
1 0.27524038 0.41686747 0.08894231 0.06746988
1 0.28245192 0.44578313 0.09855769 0.12530120
0 0.31129808 0.58554217 0.16105769 0.40000000
3 0.48918269 0.44698795 0.04086538 0.04096386
1 0.49639423 0.40000000 0.06971154 0.05301205
1 0.49639423 0.42650602 0.06971154 0.10602410
0 0.50360577 0.58433735 0.16105769 0.42168675
1 0.67307692 0.43132530 0.01923077 0.01927711
1 0.66826923 0.43373494 0.02884615 0.02409639
0 0.65745192 0.49518072 0.05048077 0.16626506
0 0.70552885 0.44698795 0.01201923 0.01686747
1 0.69951923 0.42650602 0.02884615 0.02409639
1 0.69951923 0.44096386 0.02884615 0.05301205
3 0.72475962 0.44698795 0.01201923 0.01204819
1 0.72235577 0.43373494 0.01682692 0.01445783
1 0.72235577 0.44216867 0.01682692 0.03132530
0 0.69951923 0.52891566 0.06250000 0.22891566
1 0.78605769 0.40120482 0.05769231 0.03132530
1 0.78725962 0.41445783 0.06009615 0.05783133
0 0.76682692 0.58795181 0.17307692 0.40481928
3 0.96514423 0.42650602 0.01682692 0.01927711
3 0.96875000 0.42409639 0.02403846 0.03855422
3 0.97355769 0.52289157 0.05288462 0.23132530
3 0.89783654 0.42771084 0.02163462 0.02650602
1 0.91105769 0.40722892 0.04807692 0.03373494
1 0.91105769 0.42048193 0.04807692 0.05542169
0 0.92307692 0.53975904 0.08173077 0.29397590
1 0.85937500 0.41204819 0.04086538 0.02891566
1 0.85937500 0.42289157 0.04086538 0.04578313
0 0.85096154 0.55421687 0.10096154 0.30843373
