3 0.10576923 0.38701923 0.01923077 0.01923077
1 0.09975962 0.36658654 0.03605769 0.02644231
1 0.10096154 0.38221154 0.03846154 0.05769231
0 0.09615385 0.48918269 0.10576923 0.27644231
1 0.18028846 0.39903846 0.04807692 0.03365385
1 0.18028846 0.41225962 0.04807692 0.06009615
0 0.18028846 0.54807692 0.11538462 0.33173077
3 0.31009615 0.40264423 0.01923077 0.02163462
1 0.31610577 0.37860577 0.03605769 0.02644231
1 0.31610577 0.39302885 0.03605769 0.05528846
0 0.31370192 0.50240385 0.09375000 0.27403846
3 0.55288462 0.39663462 0.01923077 0.02884615
3 0.54447115 0.39423077 0.03605769 0.04807692
3 0.55048077 0.51081731 0.12019231 0.28125000
3 0.68269231 0.38581731 0.02403846 0.02644231
3 0.68269231 0.38221154 0.03365385 0.04326923
3 0.68629808 0.49519231 0.10336538 0.26923077
3 0.37139423 0.44350962 0.00721154 0.00721154
3 0.38341346 0.43990385 0.00721154 0.00961538
3 0.37139423 0.46394231 0.01682692 0.04807692
3 0.38581731 0.46153846 0.02163462 0.05288462
1 0.78245192 0.39182692 0.05048077 0.03365385
1 0.78245192 0.40384615 0.05048077 0.05769231
0 0.78605769 0.54326923 0.07692308 0.33653846
3 0.91826923 0.36057692 0.06250000 0.06250000
3 0.91105769 0.53365385 0.13461538 0.40865385
