1 0.93149038 0.35817308 0.07451923 0.06250000
1 0.93149038 0.37019231 0.07451923 0.08653846
1 0.74038462 0.35697115 0.08173077 0.06490385
1 0.73918269 0.37019231 0.07932692 0.09615385
1 0.57451923 0.20673077 0.08173077 0.06250000
1 0.57331731 0.22475962 0.07932692 0.09855769
3 0.58774038 0.24759615 0.03605769 0.04807692
0 0.53966346 0.31730769 0.19951923 0.28365385
0 0.73076923 0.44350962 0.15865385 0.24278846
0 0.92908654 0.44350962 0.14182692 0.23798077
3 0.74158654 0.39903846 0.02644231 0.02403846
3 0.92548077 0.39903846 0.02884615 0.02403846
