1 0.33052885 0.69156627 0.07451923 0.06746988
1 0.57331731 0.74096386 0.02644231 0.02168675
1 0.57211538 0.97108434 0.02884615 0.02409639
1 0.87259615 0.08072289 0.02884615 0.03132530
1 0.87259615 0.20602410 0.03365385 0.02650602
1 0.87019231 0.07469880 0.03365385 0.03855422
1 0.87019231 0.21204819 0.02884615 0.04337349
0 0.85817308 0.30361446 0.10576923 0.22650602
0 0.84855769 0.05180723 0.08173077 0.09879518
1 0.57091346 0.74578313 0.02163462 0.03132530
1 0.57211538 0.96506024 0.02403846 0.03132530
1 0.31730769 0.69638554 0.08173077 0.07228916
0 0.54807692 0.78915663 0.08653846 0.11325301
0 0.54687500 0.92891566 0.08894231 0.11325301
0 0.30528846 0.75542169 0.12980769 0.20000000
