1 0.22596154 0.40481928 0.02403846 0.02409639
1 0.24278846 0.41325301 0.01442308 0.02168675
1 0.31490385 0.39156627 0.02403846 0.01686747
1 0.33413462 0.41445783 0.02403846 0.03373494
1 0.35937500 0.38795181 0.03125000 0.03373494
1 0.45072115 0.37349398 0.04086538 0.04819277
1 0.59375000 0.33373494 0.05288462 0.06987952
1 0.71995192 0.33253012 0.03125000 0.03855422
1 0.77524038 0.30240964 0.08894231 0.06987952
1 0.13341346 0.39277108 0.01682692 0.01927711
1 0.02043269 0.19638554 0.03605769 0.05060241
1 0.02043269 0.13734940 0.03605769 0.06265060
1 0.13100962 0.39638554 0.02163462 0.02168675
1 0.22235577 0.40843373 0.03125000 0.03614458
1 0.24278846 0.41445783 0.01923077 0.02891566
1 0.31490385 0.39518072 0.02403846 0.02409639
1 0.33653846 0.41445783 0.02884615 0.03373494
1 0.35937500 0.39277108 0.03125000 0.04337349
1 0.45432692 0.37710843 0.04807692 0.05542169
1 0.59855769 0.33493976 0.06250000 0.07228916
1 0.72235577 0.34578313 0.03605769 0.06506024
1 0.77644231 0.31927711 0.09134615 0.10361446
0 0.11057692 0.45903614 0.07211538 0.14698795
0 0.17668269 0.47831325 0.12740385 0.17108434
0 0.26081731 0.47228916 0.05048077 0.13975904
0 0.38100962 0.44578313 0.09375000 0.14939759
0 0.31850962 0.45180723 0.03125000 0.13734940
0 0.46875000 0.43373494 0.07692308 0.16867470
0 0.60937500 0.42168675 0.20913462 0.24578313
0 0.73317308 0.42771084 0.07692308 0.23373494
0 0.86418269 0.43132530 0.27163462 0.34698795
