3 0.34975962 0.71325301 0.01682692 0.01927711
1 0.30649038 0.71927711 0.02644231 0.02168675
1 0.34735577 0.69879518 0.02163462 0.01445783
1 0.50000000 0.72168675 0.02884615 0.03132530
1 0.50120192 0.56024096 0.02644231 0.02168675
1 0.57331731 0.55421687 0.02163462 0.02891566
1 0.34975962 0.46987952 0.02163462 0.01927711
1 0.23437500 0.45301205 0.02163462 0.01927711
1 0.13341346 0.52530120 0.02163462 0.02409639
3 0.34975962 0.95180723 0.01682692 0.01927711
1 0.30769231 0.94819277 0.02403846 0.02168675
1 0.34975962 0.97108434 0.02163462 0.01445783
1 0.50000000 0.94698795 0.02884615 0.03855422
1 0.30649038 0.72530120 0.02644231 0.03373494
1 0.30889423 0.93975904 0.02644231 0.04337349
1 0.34975962 0.95903614 0.02644231 0.04337349
1 0.50120192 0.94698795 0.03125000 0.04337349
1 0.50000000 0.72289157 0.02884615 0.03373494
1 0.13341346 0.52771084 0.02163462 0.02891566
1 0.23437500 0.45783133 0.02163462 0.02891566
1 0.34975962 0.47228916 0.02163462 0.02409639
1 0.50120192 0.56385542 0.02644231 0.02891566
1 0.57812500 0.55542169 0.02644231 0.03132530
0 0.13822115 0.57228916 0.06009615 0.11325301
0 0.23437500 0.52289157 0.06009615 0.15421687
0 0.35817308 0.54096386 0.06250000 0.16144578
0 0.50000000 0.59036145 0.10096154 0.07710843
0 0.59615385 0.58072289 0.07211538 0.08674699
0 0.29687500 0.77831325 0.05048077 0.13975904
0 0.34254808 0.76867470 0.06490385 0.15903614
0 0.29807692 0.90481928 0.04807692 0.11807229
0 0.34375000 0.91325301 0.06250000 0.13493976
0 0.49399038 0.75301205 0.04086538 0.09397590
0 0.49759615 0.91325301 0.03846154 0.11084337
