1 0.50000000 0.63701923 0.05769231 0.09615385
1 0.49519231 0.63701923 0.06730769 0.09615385
3 0.48197115 0.45552885 0.04567308 0.04567308
1 0.65384615 0.37259615 0.07692308 0.07692308
1 0.65745192 0.38942308 0.08413462 0.11057692
1 0.96634615 0.05769231 0.06250000 0.11057692
1 0.96033654 0.23557692 0.07932692 0.20673077
1 0.96033654 0.27644231 0.07932692 0.29326923
0 0.39663462 0.72836538 0.26923077 0.30288462
3 0.49519231 0.52644231 0.10576923 0.19230769
0 0.70312500 0.55528846 0.17548077 0.44711538
0 0.84495192 0.56490385 0.31009615 0.85576923
3 0.65144231 0.42427885 0.03365385 0.03605769
3 0.47956731 0.46514423 0.02163462 0.01682692
