1 0.69711538 0.02043269 0.07211538 0.03605769
1 0.88100962 0.05889423 0.05528846 0.04086538
1 0.87980769 0.04206731 0.06250000 0.07932692
1 0.69471154 0.32932692 0.07211538 0.06250000
1 0.87620192 0.27764423 0.06009615 0.04086538
1 0.87740385 0.29687500 0.05769231 0.08413462
1 0.69230769 0.35336538 0.06730769 0.10096154
0 0.62620192 0.55649038 0.25721154 0.51682692
0 0.84375000 0.49158654 0.15384615 0.46875000
3 0.68870192 0.36778846 0.04086538 0.05288462
3 0.87980769 0.31009615 0.03846154 0.04807692
3 0.88100962 0.02283654 0.04086538 0.04086538
