1 0.87379808 0.40602410 0.05048077 0.03614458
3 0.87500000 0.43373494 0.02403846 0.01927711
1 0.87500000 0.41686747 0.04807692 0.05783133
1 0.77524038 0.39397590 0.05048077 0.04096386
3 0.77043269 0.42891566 0.03125000 0.03373494
1 0.77283654 0.41204819 0.06009615 0.07710843
1 0.71754808 0.40000000 0.07451923 0.05783133
3 0.70673077 0.44337349 0.02403846 0.03855422
1 0.71754808 0.42048193 0.07932692 0.09879518
1 0.59735577 0.39277108 0.07451923 0.05783133
3 0.58774038 0.44337349 0.02163462 0.03855422
1 0.59855769 0.41445783 0.07692308 0.09638554
1 0.50961538 0.40361446 0.06250000 0.05060241
3 0.51081731 0.44096386 0.02644231 0.03373494
1 0.51081731 0.41927711 0.06490385 0.08192771
1 0.40384615 0.42650602 0.06250000 0.03855422
1 0.40625000 0.44216867 0.06250000 0.06987952
1 0.33653846 0.41084337 0.06250000 0.05542169
3 0.34735577 0.44216867 0.02163462 0.03132530
1 0.33653846 0.42650602 0.06250000 0.08192771
1 0.23557692 0.41686747 0.05288462 0.04337349
3 0.24399038 0.44216867 0.02644231 0.03614458
1 0.23677885 0.43132530 0.05528846 0.06746988
0 0.86658654 0.56867470 0.10336538 0.36626506
0 0.80168269 0.58674699 0.10336538 0.43132530
0 0.73677885 0.59036145 0.13701923 0.43373494
0 0.62019231 0.60240964 0.15384615 0.48192771
0 0.50120192 0.61566265 0.10817308 0.47469880
0 0.43750000 0.59277108 0.12980769 0.37108434
0 0.33533654 0.60963855 0.17067308 0.44819277
0 0.22355769 0.59638554 0.12500000 0.39759036
3 0.05168269 0.43855422 0.01682692 0.02409639
3 0.05528846 0.43975904 0.00961538 0.01686747
