1 0.15024038 0.50000000 0.04567308 0.03132530
1 0.77644231 0.22891566 0.03846154 0.02891566
1 0.77524038 0.10361446 0.04086538 0.02409639
1 0.77524038 0.09638554 0.04567308 0.04337349
1 0.77644231 0.23855422 0.04326923 0.04819277
1 0.15144231 0.50602410 0.04326923 0.04819277
0 0.15625000 0.54216867 0.09615385 0.12048193
0 0.79447115 0.30602410 0.12259615 0.18795181
0 0.77403846 0.06024096 0.08653846 0.11566265
3 0.77403846 0.24216867 0.01442308 0.01686747
3 0.77283654 0.08674699 0.01682692 0.01927711
3 0.15384615 0.51686747 0.01923077 0.02168675
