3 0.05288462 0.48437500 0.03365385 0.06971154
3 0.21394231 0.45913462 0.04807692 0.06730769
3 0.40264423 0.49399038 0.04086538 0.05528846
3 0.49038462 0.49519231 0.03365385 0.04326923
3 0.58052885 0.51201923 0.02163462 0.03846154
3 0.61177885 0.52524038 0.03125000 0.04086538
3 0.69110577 0.52163462 0.02644231 0.02884615
3 0.86778846 0.52884615 0.03365385 0.05288462
3 0.96033654 0.50961538 0.02163462 0.03365385
3 0.03846154 0.48076923 0.06730769 0.11057692
3 0.08774038 0.48798077 0.03605769 0.06250000
3 0.20673077 0.45552885 0.07211538 0.09855769
3 0.39182692 0.48918269 0.06730769 0.07932692
3 0.48918269 0.49278846 0.04567308 0.07211538
3 0.58052885 0.51201923 0.03125000 0.05769231
3 0.63822115 0.51923077 0.08413462 0.07692308
3 0.79447115 0.47115385 0.10336538 0.10576923
3 0.89302885 0.51322115 0.08413462 0.10336538
3 0.97235577 0.51201923 0.05048077 0.06250000
1 0.34134615 0.50240385 0.02403846 0.01923077
1 0.69350962 0.49639423 0.02644231 0.02644231
1 0.34254808 0.50961538 0.02644231 0.02884615
1 0.69471154 0.51201923 0.02884615 0.05288462
3 0.04326923 0.65504808 0.08173077 0.46394231
3 0.19711538 0.64663462 0.17788462 0.48076923
3 0.39663462 0.67307692 0.15384615 0.44711538
3 0.49639423 0.67307692 0.10336538 0.43269231
3 0.57211538 0.64302885 0.05769231 0.31490385
3 0.62860577 0.68269231 0.13701923 0.39903846
3 0.77043269 0.65264423 0.22836538 0.45913462
3 0.96995192 0.64783654 0.06009615 0.32932692
3 0.90745192 0.67307692 0.10817308 0.42307692
0 0.70913462 0.57572115 0.05769231 0.18509615
