1 0.25721154 0.30963855 0.07692308 0.06506024
1 0.40024038 0.32409639 0.06009615 0.04578313
1 0.44831731 0.33012048 0.04567308 0.03855422
1 0.50841346 0.34698795 0.04567308 0.02891566
1 0.55408654 0.33373494 0.05528846 0.03614458
1 0.61658654 0.33373494 0.04086538 0.03132530
1 0.71995192 0.34096386 0.05528846 0.03614458
1 0.78125000 0.33855422 0.03846154 0.02650602
1 0.86298077 0.31204819 0.07692308 0.04578313
1 0.94951923 0.35301205 0.04326923 0.02650602
1 0.98918269 0.34216867 0.02163462 0.03855422
1 0.25480769 0.03132530 0.07211538 0.05783133
1 0.86538462 0.02530120 0.07211538 0.04578313
1 0.25721154 0.32650602 0.07211538 0.10361446
1 0.39663462 0.34337349 0.05769231 0.08915663
1 0.44831731 0.34337349 0.04086538 0.07469880
1 0.50480769 0.35903614 0.04326923 0.05783133
1 0.55288462 0.35180723 0.05288462 0.07228916
1 0.61778846 0.34698795 0.04326923 0.05783133
1 0.71995192 0.35301205 0.05528846 0.06024096
1 0.78125000 0.35180723 0.03846154 0.05301205
1 0.86418269 0.33132530 0.07932692 0.08915663
1 0.98798077 0.36867470 0.02403846 0.09156627
0 0.24639423 0.52530120 0.16586538 0.49638554
0 0.39062500 0.51084337 0.11778846 0.41927711
0 0.46153846 0.47590361 0.07211538 0.33975904
0 0.51682692 0.47590361 0.06730769 0.28674699
0 0.56370192 0.49638554 0.09855769 0.36144578
0 0.62980769 0.44819277 0.07692308 0.26987952
0 0.71274038 0.49277108 0.10336538 0.33493976
0 0.76802885 0.46385542 0.06009615 0.27228916
0 0.86778846 0.52289157 0.14903846 0.47228916
0 0.95793269 0.57951807 0.08413462 0.49879518
3 0.26322115 0.35060241 0.05048077 0.04578313
3 0.41346154 0.36024096 0.03365385 0.03132530
3 0.45072115 0.35903614 0.03125000 0.03373494
3 0.50721154 0.37590361 0.02884615 0.02891566
3 0.54927885 0.36385542 0.03125000 0.03373494
3 0.61778846 0.35903614 0.01923077 0.02409639
3 0.71394231 0.36867470 0.02884615 0.03373494
3 0.78846154 0.35783133 0.01923077 0.02650602
3 0.84975962 0.35783133 0.03605769 0.04578313
3 0.98677885 0.38674699 0.02644231 0.05060241
