3 0.04807692 0.42289157 0.08653846 0.12771084
3 0.19951923 0.36987952 0.11057692 0.15662651
3 0.15504808 0.57469880 0.30048077 0.57108434
3 0.36778846 0.38554217 0.09615385 0.10602410
3 0.35697115 0.59397590 0.18990385 0.52771084
3 0.55528846 0.36385542 0.12980769 0.15421687
3 0.54927885 0.56987952 0.38701923 0.57108434
3 0.65985577 0.33614458 0.09375000 0.10361446
3 0.68870192 0.56867470 0.17067308 0.56867470
3 0.88341346 0.32409639 0.11778846 0.16626506
3 0.90264423 0.54698795 0.18990385 0.61204819
3 0.03725962 0.43012048 0.06009615 0.08433735
3 0.22956731 0.38554217 0.05048077 0.10120482
3 0.37860577 0.39397590 0.06490385 0.07469880
3 0.53725962 0.37831325 0.07932692 0.11566265
3 0.63341346 0.34578313 0.05528846 0.07951807
3 0.86658654 0.34457831 0.06490385 0.11084337
