3 0.36658654 0.44230769 0.04567308 0.06730769
3 0.76802885 0.46634615 0.02163462 0.02884615
1 0.35937500 0.37620192 0.12259615 0.10336538
1 0.77644231 0.43509615 0.06250000 0.07211538
1 0.12379808 0.34375000 0.03125000 0.02403846
1 0.35937500 0.40384615 0.12259615 0.16346154
1 0.77283654 0.43990385 0.06971154 0.08173077
0 0.24158654 0.62980769 0.37740385 0.61538462
0 0.72956731 0.60216346 0.18990385 0.40625000
1 0.12379808 0.35096154 0.03125000 0.03846154
0 0.12259615 0.43990385 0.05288462 0.21634615
