0 0.28485577 0.30000000 0.04086538 0.07469880
0 0.37019231 0.07831325 0.02884615 0.05060241
0 0.42908654 0.10361446 0.05048077 0.03373494
0 0.51682692 0.19759036 0.03846154 0.04819277
0 0.51682692 0.13012048 0.03846154 0.04819277
0 0.28485577 0.03614458 0.04086538 0.06746988
0 0.42067308 0.75060241 0.08653846 0.16144578
0 0.77764423 0.73975904 0.07932692 0.17349398
1 0.78004808 0.66385542 0.03125000 0.02168675
1 0.40625000 0.68313253 0.02884615 0.02650602
0 0.42908654 0.22409639 0.05048077 0.03373494
0 0.37379808 0.25060241 0.03125000 0.04337349
1 0.29567308 0.27108434 0.01442308 0.01204819
1 0.38221154 0.23855422 0.01923077 0.01927711
1 0.44350962 0.21686747 0.01682692 0.01927711
1 0.51442308 0.18433735 0.01923077 0.02168675
1 0.51322115 0.14337349 0.01201923 0.01686747
1 0.37980769 0.09518072 0.01442308 0.01686747
1 0.29807692 0.06024096 0.01442308 0.01927711
1 0.40745192 0.98313253 0.03125000 0.02891566
0 0.42187500 0.91566265 0.09375000 0.16867470
