1 0.34134615 0.31730769 0.01923077 0.01442308
1 0.48918269 0.25841346 0.01682692 0.01682692
1 0.56610577 0.22475962 0.02163462 0.01682692
1 0.34375000 0.32331731 0.01923077 0.02644231
1 0.49158654 0.26201923 0.02163462 0.02884615
1 0.56730769 0.23197115 0.02403846 0.02644231
0 0.33533654 0.32932692 0.04567308 0.03365385
0 0.48317308 0.31009615 0.03365385 0.12019231
0 0.52283654 0.32692308 0.03605769 0.11057692
0 0.56610577 0.27524038 0.05048077 0.11298077
3 0.55168269 0.74639423 0.01682692 0.03605769
3 0.59254808 0.74038462 0.01682692 0.04326923
3 0.60937500 0.74038462 0.02163462 0.03846154
3 0.64903846 0.74879808 0.01923077 0.02644231
3 0.81971154 0.73317308 0.01923077 0.04807692
3 0.86778846 0.73317308 0.01923077 0.04326923
3 0.26322115 0.34615385 0.02644231 0.03365385
3 0.04807692 0.34375000 0.02403846 0.02403846
1 0.52524038 0.27764423 0.01201923 0.01201923
