3 0.68870192 0.30769231 0.05048077 0.06250000
3 0.79807692 0.29326923 0.04326923 0.03846154
3 0.60216346 0.32331731 0.04086538 0.05528846
3 0.62980769 0.30288462 0.02884615 0.03846154
3 0.56490385 0.30649038 0.03846154 0.04567308
3 0.49759615 0.31610577 0.03365385 0.04086538
3 0.40625000 0.30288462 0.03846154 0.04326923
3 0.76802885 0.30889423 0.02163462 0.03605769
3 0.82812500 0.30769231 0.02163462 0.02403846
3 0.40985577 0.30649038 0.02163462 0.02644231
3 0.49519231 0.32211538 0.02403846 0.02403846
3 0.55769231 0.31370192 0.02403846 0.03125000
3 0.59375000 0.33293269 0.02884615 0.03125000
3 0.62500000 0.30649038 0.01923077 0.02644231
3 0.40745192 0.41706731 0.09855769 0.27163462
3 0.49038462 0.41826923 0.07692308 0.24519231
3 0.54687500 0.42187500 0.07451923 0.28125000
3 0.61658654 0.44110577 0.10336538 0.29086538
3 0.69591346 0.44951923 0.11778846 0.34615385
3 0.80889423 0.43750000 0.11778846 0.32692308
3 0.64182692 0.39783654 0.05288462 0.23317308
3 0.67788462 0.31850962 0.02403846 0.03605769
3 0.77043269 0.31730769 0.01201923 0.01923077
