3 0.02524038 0.29687500 0.04567308 0.17067308
3 0.04447115 0.53725962 0.08413462 0.65144231
3 0.02764423 0.06730769 0.04567308 0.12500000
3 0.23437500 0.04567308 0.12740385 0.08173077
3 0.23076923 0.33052885 0.12500000 0.15144231
3 0.22475962 0.55769231 0.30048077 0.61538462
3 0.31971154 0.39302885 0.07692308 0.09375000
3 0.34134615 0.59375000 0.12500000 0.49038462
3 0.43629808 0.37860577 0.07451923 0.09855769
3 0.45673077 0.58052885 0.17307692 0.50240385
3 0.56250000 0.41586538 0.04326923 0.09134615
3 0.61538462 0.36658654 0.12980769 0.16105769
3 0.61298077 0.56250000 0.32211538 0.54326923
3 0.74278846 0.43750000 0.05769231 0.07692308
3 0.74038462 0.61899038 0.08653846 0.43509615
3 0.87620192 0.40264423 0.10336538 0.12259615
3 0.88701923 0.59014423 0.22596154 0.49278846
3 0.94230769 0.46754808 0.04326923 0.04086538
3 0.96033654 0.63942308 0.07932692 0.37980769
3 0.26682692 0.34615385 0.05288462 0.09615385
3 0.32211538 0.40625000 0.05288462 0.06250000
3 0.44230769 0.37980769 0.05769231 0.06250000
3 0.57812500 0.38221154 0.04567308 0.12019231
3 0.75240385 0.45192308 0.03365385 0.04807692
3 0.86658654 0.41947115 0.06971154 0.08894231
3 0.02283654 0.31850962 0.04086538 0.12740385
