3 0.23677885 0.51201923 0.04567308 0.08653846
3 0.48918269 0.39423077 0.05048077 0.05288462
3 0.79086538 0.51201923 0.02403846 0.02403846
3 0.87620192 0.49639423 0.02163462 0.03125000
1 0.22355769 0.44350962 0.14903846 0.13221154
1 0.55288462 0.35937500 0.07692308 0.12740385
1 0.78485577 0.48557692 0.04567308 0.03365385
1 0.88942308 0.46274038 0.05769231 0.04086538
1 0.55288462 0.03245192 0.07692308 0.06009615
1 0.22475962 0.46754808 0.14663462 0.18028846
1 0.52884615 0.36177885 0.12980769 0.13221154
1 0.78485577 0.49879808 0.04567308 0.06009615
1 0.89062500 0.47836538 0.06009615 0.06730769
1 0.52524038 0.03365385 0.13221154 0.06250000
0 0.17187500 0.59735577 0.32932692 0.43990385
0 0.41586538 0.46875000 0.35096154 0.40865385
0 0.79447115 0.52764423 0.08894231 0.12740385
0 0.92067308 0.51201923 0.15865385 0.13942308
