3 0.94230769 0.34975962 0.07211538 0.09855769
3 0.94711538 0.36418269 0.05769231 0.05528846
3 0.78605769 0.38461538 0.06730769 0.08653846
3 0.78605769 0.39543269 0.03846154 0.06490385
3 0.70552885 0.46033654 0.02644231 0.04086538
3 0.70793269 0.44591346 0.05048077 0.06971154
3 0.58293269 0.25240385 0.12259615 0.13461538
3 0.54206731 0.28485577 0.03125000 0.06971154
3 0.44951923 0.28605769 0.04326923 0.07692308
3 0.44350962 0.26322115 0.09855769 0.12740385
3 0.19110577 0.43028846 0.06971154 0.08173077
3 0.21394231 0.44471154 0.01923077 0.05288462
3 0.02403846 0.41947115 0.02884615 0.04086538
3 0.92427885 0.58413462 0.14182692 0.57211538
3 0.78245192 0.60576923 0.19471154 0.53365385
3 0.60697115 0.53004808 0.19471154 0.69471154
3 0.43028846 0.53966346 0.24519231 0.68028846
3 0.17668269 0.63100962 0.13221154 0.48317308
3 0.06971154 0.62500000 0.13461538 0.49038462
