1 0.72475962 0.28313253 0.07451923 0.07469880
3 0.73076923 0.32409639 0.04326923 0.05060241
1 0.72716346 0.30000000 0.07932692 0.10843373
0 0.79086538 0.48674699 0.22115385 0.48674699
1 0.54927885 0.42650602 0.07932692 0.06265060
1 0.54927885 0.43614458 0.07932692 0.08192771
0 0.54447115 0.56024096 0.22836538 0.32530120
1 0.26802885 0.38433735 0.13701923 0.10361446
3 0.28605769 0.45060241 0.04807692 0.05783133
1 0.26802885 0.40843373 0.13701923 0.15180723
0 0.24278846 0.54578313 0.31250000 0.42650602
1 0.72475962 0.04939759 0.07451923 0.07469880
3 0.72836538 0.01927711 0.04807692 0.03373494
1 0.72716346 0.04457831 0.07932692 0.08433735
