1 0.02764423 0.68990385 0.05048077 0.08653846
1 0.02764423 0.69951923 0.05048077 0.10576923
0 0.04086538 0.76322115 0.07692308 0.23317308
1 0.27764423 0.47836538 0.03605769 0.04326923
1 0.27403846 0.48197115 0.04326923 0.05048077
0 0.25360577 0.59375000 0.11778846 0.27403846
3 0.50841346 0.56610577 0.01682692 0.02163462
1 0.50360577 0.54326923 0.04086538 0.02884615
1 0.50360577 0.55288462 0.04086538 0.04807692
0 0.46394231 0.62620192 0.12019231 0.19471154
3 0.42548077 0.48437500 0.01442308 0.01682692
1 0.42307692 0.46514423 0.03365385 0.02163462
0 0.40625000 0.57091346 0.06730769 0.23317308
3 0.41225962 0.41706731 0.01201923 0.01201923
1 0.41225962 0.40745192 0.01682692 0.00721154
1 0.41225962 0.41466346 0.01682692 0.02163462
0 0.41346154 0.44951923 0.04807692 0.09134615
1 0.40625000 0.39062500 0.02403846 0.01201923
1 0.40625000 0.39423077 0.02403846 0.01923077
1 0.46394231 0.41225962 0.01923077 0.01682692
1 0.46394231 0.41586538 0.01923077 0.02403846
0 0.46995192 0.45673077 0.03125000 0.10576923
3 0.51682692 0.43028846 0.00961538 0.00961538
1 0.51802885 0.41826923 0.01682692 0.01442308
1 0.51802885 0.42307692 0.01682692 0.02403846
0 0.51081731 0.46274038 0.05048077 0.10336538
1 0.60576923 0.48557692 0.01923077 0.01923077
1 0.60336538 0.48557692 0.02403846 0.01923077
0 0.58894231 0.50120192 0.05288462 0.05528846
3 0.78605769 0.31250000 0.00961538 0.00961538
1 0.78725962 0.30168269 0.01682692 0.01201923
1 0.78725962 0.30769231 0.01682692 0.02403846
0 0.79206731 0.32331731 0.03125000 0.05528846
3 0.75240385 0.30769231 0.01442308 0.01442308
3 0.75841346 0.33173077 0.02644231 0.06250000
