1 0.18750000 0.48072289 0.19230769 0.12289157
1 0.18870192 0.51445783 0.19471154 0.19518072
1 0.66706731 0.31927711 0.06971154 0.05542169
1 0.66466346 0.33132530 0.07451923 0.07469880
3 0.78365385 0.54819277 0.01442308 0.01686747
1 0.78725962 0.52771084 0.03605769 0.02891566
1 0.78605769 0.53614458 0.03846154 0.04096386
1 0.66947115 0.02289157 0.07451923 0.04096386
0 0.17067308 0.62168675 0.29326923 0.40963855
0 0.64182692 0.52409639 0.13461538 0.46987952
0 0.81009615 0.63855422 0.10576923 0.25060241
