1 0.35216346 0.41346154 0.13221154 0.08173077
1 0.59375000 0.33774038 0.09615385 0.06971154
1 0.67908654 0.71634615 0.11298077 0.10576923
1 0.59134615 0.36298077 0.09134615 0.12500000
1 0.34975962 0.44471154 0.13221154 0.14423077
3 0.17788462 0.38822115 0.10096154 0.12740385
3 0.25360577 0.44350962 0.06009615 0.08413462
3 0.79326923 0.39302885 0.10576923 0.12259615
3 0.52524038 0.40384615 0.03605769 0.03846154
1 0.12620192 0.40384615 0.02644231 0.03365385
3 0.21514423 0.40504808 0.02644231 0.07451923
3 0.27524038 0.45312500 0.01682692 0.05048077
3 0.38701923 0.47115385 0.03365385 0.05769231
3 0.52764423 0.41105769 0.01682692 0.00961538
3 0.61298077 0.38701923 0.03365385 0.05288462
3 0.75600962 0.41826923 0.02644231 0.06250000
3 0.81009615 0.61418269 0.20192308 0.56490385
3 0.14663462 0.59855769 0.16826923 0.55288462
3 0.24399038 0.63341346 0.10336538 0.46394231
3 0.50120192 0.60216346 0.09375000 0.43028846
0 0.33653846 0.62500000 0.19230769 0.50000000
0 0.55649038 0.58533654 0.18990385 0.56490385
