1 0.59615385 0.41225962 0.05288462 0.03605769
1 0.66826923 0.41947115 0.05769231 0.04086538
1 0.33173077 0.60817308 0.02403846 0.02403846
1 0.36057692 0.61298077 0.01923077 0.01923077
1 0.32932692 0.61538462 0.01923077 0.03365385
1 0.36057692 0.61899038 0.02403846 0.03605769
1 0.59495192 0.42548077 0.05048077 0.06250000
1 0.66706731 0.43269231 0.05528846 0.06730769
0 0.30889423 0.66105769 0.05048077 0.13461538
0 0.35336538 0.66586538 0.03846154 0.13461538
0 0.58173077 0.59134615 0.12500000 0.39903846
0 0.69471154 0.59134615 0.11057692 0.39903846
3 0.60697115 0.44110577 0.02644231 0.03605769
3 0.65625000 0.44951923 0.01923077 0.03846154
