0 0.42067308 0.55542169 0.47596154 0.46506024
0 0.82091346 0.63493976 0.35817308 0.39277108
3 0.90264423 0.35180723 0.19471154 0.37590361
0 0.69110577 0.37590361 0.35817308 0.25542169
1 0.60576923 0.04216867 0.14903846 0.07951807
3 0.89903846 0.08313253 0.19711538 0.16144578
3 0.91586538 0.12530120 0.08173077 0.08192771
3 0.91826923 0.20843373 0.08653846 0.07951807
3 0.90625000 0.21807229 0.04807692 0.04578313
3 0.90384615 0.10722892 0.05288462 0.04578313
1 0.59375000 0.31686747 0.16826923 0.13253012
1 0.59735577 0.33132530 0.17067308 0.16626506
1 0.57211538 0.54096386 0.16826923 0.17108434
1 0.71875000 0.50000000 0.14903846 0.12289157
1 0.71754808 0.52409639 0.15144231 0.16626506
