1 0.23798077 0.36057692 0.12500000 0.06250000
1 0.34495192 0.38701923 0.07932692 0.05769231
1 0.57091346 0.41225962 0.06009615 0.03605769
1 0.72596154 0.42548077 0.05288462 0.04326923
1 0.23918269 0.07331731 0.12259615 0.07451923
1 0.34495192 0.05048077 0.07932692 0.05288462
1 0.57211538 0.02403846 0.04807692 0.03365385
1 0.24038462 0.05649038 0.12980769 0.10817308
1 0.23677885 0.39423077 0.12259615 0.12980769
1 0.34495192 0.41466346 0.07932692 0.10817308
1 0.57211538 0.43389423 0.06250000 0.07932692
1 0.72475962 0.43990385 0.05528846 0.07211538
0 0.22956731 0.57091346 0.20913462 0.48317308
0 0.34975962 0.58653846 0.15144231 0.45673077
0 0.54927885 0.58774038 0.12740385 0.38701923
0 0.71514423 0.58774038 0.12259615 0.36778846
3 0.26802885 0.41225962 0.03605769 0.06009615
3 0.35817308 0.43269231 0.04326923 0.04807692
3 0.57091346 0.44110577 0.03605769 0.04086538
3 0.71995192 0.45552885 0.02644231 0.03605769
3 0.26562500 0.02884615 0.03605769 0.05288462
1 0.34615385 0.03966346 0.07692308 0.07451923
1 0.57211538 0.02163462 0.04807692 0.03846154
3 0.36177885 0.01442308 0.03125000 0.02403846
