3 0.09375000 0.66626506 0.06730769 0.08915663
3 0.44110577 0.58192771 0.05528846 0.07951807
3 0.62620192 0.50240964 0.05528846 0.08433735
1 0.96634615 0.50361446 0.05288462 0.03855422
1 0.96514423 0.53132530 0.05528846 0.08433735
1 0.28725962 0.64096386 0.06971154 0.04819277
1 0.28846154 0.66867470 0.07211538 0.10361446
3 0.28725962 0.97228916 0.06009615 0.05542169
3 0.09134615 0.97710843 0.05769231 0.04578313
3 0.09375000 0.72771084 0.17788462 0.21204819
3 0.09375000 0.91807229 0.18269231 0.16385542
0 0.28365385 0.72168675 0.16826923 0.21445783
3 0.44591346 0.68192771 0.15625000 0.28433735
3 0.63461538 0.61204819 0.17788462 0.30843373
0 0.93629808 0.63132530 0.12740385 0.29397590
3 0.28846154 0.91686747 0.17307692 0.16626506
3 0.09855769 0.67710843 0.04326923 0.04819277
3 0.29206731 0.69036145 0.04567308 0.05060241
3 0.44350962 0.58433735 0.04086538 0.05060241
3 0.62980769 0.51807229 0.03846154 0.04337349
3 0.96153846 0.54698795 0.03365385 0.04337349
3 0.09495192 0.97951807 0.04567308 0.04096386
3 0.28966346 0.97469880 0.04567308 0.05060241
