3 0.11538462 0.47235577 0.03365385 0.04567308
3 0.27524038 0.45673077 0.03125000 0.04326923
3 0.36057692 0.47836538 0.02403846 0.03365385
3 0.41586538 0.45913462 0.02403846 0.02884615
3 0.56129808 0.42548077 0.03125000 0.04807692
3 0.63461538 0.41466346 0.03365385 0.03605769
3 0.75721154 0.41826923 0.02403846 0.02884615
3 0.84254808 0.42427885 0.04086538 0.05048077
3 0.95192308 0.38701923 0.03846154 0.04807692
3 0.09975962 0.46875000 0.07451923 0.08173077
3 0.26923077 0.45312500 0.05288462 0.06490385
3 0.35456731 0.47475962 0.04086538 0.04567308
3 0.41346154 0.45432692 0.03846154 0.04326923
3 0.54326923 0.41706731 0.07211538 0.06971154
3 0.62740385 0.40625000 0.05288462 0.05288462
3 0.75841346 0.41466346 0.03125000 0.04086538
3 0.83894231 0.41586538 0.05769231 0.06730769
3 0.95673077 0.37980769 0.05288462 0.06730769
3 0.11057692 0.64182692 0.15384615 0.42788462
3 0.32091346 0.61778846 0.21394231 0.38942308
3 0.36778846 0.59254808 0.08653846 0.28125000
3 0.42187500 0.56370192 0.08413462 0.26201923
3 0.59495192 0.60456731 0.20432692 0.44951923
3 0.64423077 0.58293269 0.11538462 0.40625000
3 0.68990385 0.55048077 0.08173077 0.30769231
3 0.75000000 0.51802885 0.05288462 0.24759615
3 0.81610577 0.40024038 0.05048077 0.06490385
3 0.80168269 0.54086538 0.08894231 0.34134615
3 0.85336538 0.54447115 0.14423077 0.31971154
3 0.95192308 0.52764423 0.09615385 0.36298077
