1 0.16466346 0.66626506 0.03605769 0.04096386
1 0.53966346 0.64096386 0.04567308 0.03855422
1 0.66466346 0.40722892 0.03605769 0.02891566
1 0.81370192 0.33975904 0.03605769 0.03855422
1 0.16826923 0.99036145 0.03365385 0.01927711
1 0.66466346 0.41325301 0.03605769 0.04096386
0 0.64543269 0.43734940 0.15625000 0.18072289
0 0.81490385 0.33253012 0.07692308 0.07228916
0 0.55889423 0.63855422 0.08413462 0.08674699
0 0.18028846 0.69277108 0.10576923 0.17590361
0 0.16105769 0.94216867 0.07692308 0.11566265
