3 0.64663462 0.49638554 0.03365385 0.04337349
3 0.67307692 0.49277108 0.08173077 0.09397590
3 0.65504808 0.72168675 0.13221154 0.54698795
3 0.73076923 0.58313253 0.02884615 0.07228916
3 0.77644231 0.56867470 0.12500000 0.13493976
3 0.77644231 0.74698795 0.19711538 0.49156627
3 0.95192308 0.55421687 0.09615385 0.11566265
3 0.93629808 0.75060241 0.12259615 0.49879518
3 0.42548077 0.60240964 0.03365385 0.10602410
3 0.35817308 0.58554217 0.16826923 0.19759036
3 0.45072115 0.74457831 0.53605769 0.51084337
