1 0.22355769 0.03245192 0.08653846 0.05048077
1 0.69591346 0.05528846 0.08894231 0.06250000
1 0.69951923 0.04567308 0.09134615 0.08653846
1 0.16947115 0.30408654 0.04086538 0.06009615
1 0.22475962 0.28125000 0.08413462 0.05769231
1 0.29326923 0.31730769 0.06250000 0.05288462
1 0.48677885 0.40384615 0.05048077 0.05769231
1 0.69831731 0.25480769 0.08894231 0.05769231
1 0.76802885 0.29447115 0.07932692 0.06009615
3 0.46754808 0.34134615 0.02644231 0.03365385
3 0.46153846 0.33173077 0.04807692 0.05769231
3 0.45673077 0.48437500 0.12500000 0.36298077
0 0.68509615 0.53725962 0.18269231 0.62259615
0 0.77403846 0.53004808 0.09615385 0.53125000
0 0.28365385 0.50600962 0.09615385 0.42548077
0 0.13341346 0.52283654 0.12259615 0.49759615
0 0.22716346 0.54807692 0.14182692 0.58653846
