1 0.79326923 0.02163462 0.06730769 0.03846154
1 0.88461538 0.27403846 0.06730769 0.05288462
1 0.88100962 0.29086538 0.06490385 0.08653846
0 0.90264423 0.44230769 0.11778846 0.39423077
1 0.78605769 0.26682692 0.08173077 0.05288462
1 0.78485577 0.29086538 0.07932692 0.09615385
0 0.77043269 0.51081731 0.20913462 0.53605769
1 0.75000000 0.34495192 0.07211538 0.05528846
1 0.74879808 0.36298077 0.06971154 0.08653846
0 0.70793269 0.53125000 0.15144231 0.42788462
1 0.60456731 0.34014423 0.07932692 0.06971154
1 0.60576923 0.35096154 0.08173077 0.09134615
0 0.58894231 0.51081731 0.16826923 0.41105769
3 0.87740385 0.31250000 0.02884615 0.04326923
3 0.73798077 0.38221154 0.03365385 0.03846154
3 0.77283654 0.31370192 0.02644231 0.05048077
