1 0.07692308 0.24519231 0.14903846 0.10096154
1 0.33052885 0.29086538 0.13221154 0.13461538
1 0.43870192 0.33653846 0.08413462 0.06730769
1 0.79206731 0.28485577 0.19471154 0.12259615
1 0.80048077 0.04086538 0.16346154 0.07692308
1 0.32451923 0.04086538 0.12980769 0.07692308
1 0.07572115 0.05528846 0.14663462 0.10096154
3 0.54807692 0.33533654 0.10576923 0.14182692
1 0.07812500 0.28365385 0.15144231 0.18269231
1 0.33052885 0.31730769 0.13221154 0.18750000
1 0.43870192 0.36658654 0.08413462 0.12740385
1 0.79206731 0.33173077 0.19471154 0.21634615
0 0.09014423 0.36538462 0.17548077 0.34615385
0 0.24399038 0.53725962 0.30528846 0.62740385
0 0.43870192 0.58293269 0.13701923 0.56490385
3 0.54807692 0.56610577 0.24519231 0.60336538
0 0.80408654 0.54567308 0.39182692 0.63942308
3 0.52884615 0.35697115 0.06250000 0.09375000
3 0.44471154 0.40024038 0.05288462 0.06009615
3 0.33774038 0.38341346 0.06009615 0.06971154
3 0.10697115 0.33173077 0.07932692 0.08653846
3 0.75240385 0.39182692 0.06730769 0.09615385
