1 0.11177885 0.30602410 0.05528846 0.04337349
1 0.42908654 0.41927711 0.06490385 0.05301205
1 0.60576923 0.30722892 0.05769231 0.04578313
1 0.71153846 0.35180723 0.06250000 0.04819277
1 0.87259615 0.43493976 0.06730769 0.05542169
1 0.56490385 0.53012048 0.06730769 0.06746988
0 0.88221154 0.57590361 0.23557692 0.33253012
0 0.68990385 0.49518072 0.10096154 0.33012048
0 0.57692308 0.39759036 0.15384615 0.22168675
0 0.55889423 0.65903614 0.15625000 0.32048193
0 0.43028846 0.56144578 0.13942308 0.33734940
0 0.12500000 0.43975904 0.17307692 0.30602410
1 0.11418269 0.32289157 0.06009615 0.07228916
1 0.86899038 0.44939759 0.07451923 0.08433735
1 0.71033654 0.36385542 0.06009615 0.07710843
1 0.60576923 0.31807229 0.06730769 0.07228916
1 0.42908654 0.43132530 0.06490385 0.06746988
3 0.12500000 0.33975904 0.02884615 0.03373494
3 0.69350962 0.38192771 0.02163462 0.03614458
