1 0.01322115 0.34735577 0.02163462 0.03125000
3 0.01201923 0.36899038 0.01442308 0.01682692
1 0.01442308 0.35817308 0.02403846 0.04807692
0 0.02644231 0.44230769 0.04807692 0.21634615
1 0.58533654 0.34975962 0.05528846 0.04086538
1 0.58774038 0.36177885 0.05528846 0.06009615
0 0.55408654 0.53846154 0.16105769 0.41346154
1 0.95913462 0.33533654 0.05769231 0.04086538
1 0.96033654 0.34735577 0.06009615 0.06490385
0 0.90865385 0.53004808 0.17788462 0.42548077
1 0.91706731 0.34375000 0.02644231 0.04807692
0 0.93509615 0.48798077 0.12500000 0.33653846
