1 0.52764423 0.27283654 0.14182692 0.11298077
1 0.52764423 0.31129808 0.14182692 0.18509615
0 0.44951923 0.50000000 0.37980769 0.57211538
1 0.71995192 0.26923077 0.14182692 0.10576923
1 0.72235577 0.31129808 0.14663462 0.18990385
0 0.78605769 0.49158654 0.33653846 0.54567308
1 0.53125000 0.06490385 0.14423077 0.10576923
1 0.53365385 0.06009615 0.14903846 0.11538462
1 0.71875000 0.06610577 0.12980769 0.11298077
3 0.53485577 0.35096154 0.08413462 0.08653846
3 0.71274038 0.36057692 0.07932692 0.08653846
