1 0.12740385 0.29397590 0.16826923 0.11084337
3 0.16346154 0.36867470 0.05769231 0.09638554
1 0.12860577 0.33012048 0.17067308 0.18313253
1 0.23437500 0.32891566 0.08894231 0.06987952
3 0.25120192 0.39156627 0.05528846 0.06987952
1 0.23317308 0.36144578 0.09615385 0.13493976
1 0.33653846 0.36987952 0.03846154 0.03132530
3 0.35096154 0.39397590 0.01442308 0.02650602
1 0.33774038 0.38313253 0.04086538 0.05301205
1 0.36899038 0.39156627 0.01682692 0.01204819
1 0.37139423 0.39759036 0.01682692 0.01927711
0 0.37620192 0.43855422 0.04086538 0.10602410
0 0.35937500 0.41084337 0.08894231 0.11325301
0 0.32572115 0.58072289 0.32451923 0.57349398
0 0.10576923 0.55421687 0.20673077 0.63132530
