3 0.35697115 0.36899038 0.04086538 0.03125000
3 0.45312500 0.22836538 0.03605769 0.04326923
1 0.37740385 0.30769231 0.12019231 0.15384615
1 0.44951923 0.18870192 0.06250000 0.04567308
1 0.44951923 0.05048077 0.06730769 0.04326923
1 0.91466346 0.42548077 0.05528846 0.04326923
1 0.91586538 0.43629808 0.05769231 0.06490385
1 0.36538462 0.30769231 0.14423077 0.15384615
1 0.44951923 0.21153846 0.06250000 0.09134615
1 0.44951923 0.03725962 0.06730769 0.06971154
3 0.45072115 0.02043269 0.03605769 0.03125000
0 0.25000000 0.46634615 0.37500000 0.47115385
0 0.43629808 0.29326923 0.09375000 0.25961538
0 0.88942308 0.49399038 0.21153846 0.17548077
