3 0.09375000 0.47115385 0.01923077 0.02884615
3 0.18149038 0.45913462 0.02163462 0.02884615
3 0.32091346 0.45072115 0.02163462 0.03125000
3 0.47956731 0.42788462 0.03125000 0.04326923
3 0.61658654 0.40504808 0.03605769 0.04086538
3 0.97956731 0.33774038 0.04086538 0.11298077
3 0.40024038 0.43509615 0.07451923 0.07692308
3 0.08413462 0.46514423 0.04807692 0.05528846
3 0.17307692 0.46394231 0.03846154 0.05288462
3 0.31129808 0.44711538 0.04086538 0.05288462
3 0.47836538 0.42788462 0.03846154 0.04807692
3 0.62019231 0.39903846 0.05288462 0.05288462
3 0.80168269 0.36057692 0.10817308 0.12019231
3 0.87259615 0.37139423 0.04326923 0.06971154
3 0.97836538 0.31850962 0.04326923 0.15144231
3 0.09495192 0.59735577 0.12740385 0.31971154
3 0.18870192 0.56971154 0.11298077 0.26442308
3 0.31610577 0.57331731 0.10336538 0.30048077
3 0.45793269 0.62860577 0.26201923 0.46875000
3 0.49519231 0.55408654 0.12019231 0.30048077
3 0.64543269 0.56009615 0.12740385 0.37019231
3 0.85817308 0.56971154 0.28365385 0.53846154
