3 0.04687500 0.43750000 0.01201923 0.01442308
3 0.04567308 0.43269231 0.01923077 0.02403846
3 0.04326923 0.49158654 0.04807692 0.14182692
3 0.17548077 0.47115385 0.01923077 0.05769231
3 0.15745192 0.46514423 0.01682692 0.06009615
3 0.15985577 0.43990385 0.00721154 0.00961538
3 0.16947115 0.44711538 0.00721154 0.00961538
3 0.08533654 0.45552885 0.03125000 0.04567308
3 0.09855769 0.44951923 0.06250000 0.07211538
3 0.22716346 0.45432692 0.02163462 0.02403846
3 0.21634615 0.44711538 0.04326923 0.04326923
3 0.26442308 0.46634615 0.02884615 0.03365385
3 0.27163462 0.45192308 0.04807692 0.06250000
3 0.32572115 0.43629808 0.01682692 0.02644231
3 0.33533654 0.42908654 0.04086538 0.06009615
3 0.33894231 0.45552885 0.02884615 0.05048077
3 0.36658654 0.43990385 0.08413462 0.09134615
3 0.40745192 0.40985577 0.05528846 0.06971154
3 0.45793269 0.44110577 0.04567308 0.04086538
3 0.73798077 0.42548077 0.01923077 0.01923077
3 0.84014423 0.42548077 0.01682692 0.02403846
3 0.65264423 0.43750000 0.02644231 0.03365385
3 0.65625000 0.43149038 0.04807692 0.06009615
3 0.77283654 0.44110577 0.03605769 0.04567308
3 0.77764423 0.43629808 0.05528846 0.07451923
3 0.96634615 0.43629808 0.03846154 0.06009615
3 0.97235577 0.41586538 0.05528846 0.10576923
3 0.12019231 0.61899038 0.17788462 0.41105769
3 0.21875000 0.55889423 0.06730769 0.26682692
3 0.26201923 0.61418269 0.09615385 0.38221154
3 0.37860577 0.61899038 0.14663462 0.44951923
3 0.44591346 0.59855769 0.13221154 0.44711538
3 0.47716346 0.57211538 0.08413462 0.30288462
3 0.66586538 0.60697115 0.11538462 0.41105769
3 0.80889423 0.53485577 0.17548077 0.27163462
3 0.95913462 0.51682692 0.07211538 0.30769231
3 0.72716346 0.44230769 0.04086538 0.05769231
3 0.83653846 0.42908654 0.04326923 0.03605769
