1 0.32812500 0.32289157 0.07451923 0.06746988
1 0.32692308 0.33614458 0.07211538 0.09879518
1 0.53725962 0.34216867 0.04567308 0.05301205
1 0.54206731 0.34216867 0.05528846 0.05301205
1 0.72716346 0.28072289 0.02644231 0.03614458
1 0.72716346 0.28433735 0.02644231 0.04337349
1 0.32692308 0.02650602 0.07692308 0.04819277
1 0.72475962 0.05180723 0.03125000 0.03132530
1 0.72596154 0.04578313 0.03365385 0.03855422
3 0.60336538 0.13855422 0.01442308 0.01686747
3 0.60336538 0.19277108 0.01442308 0.01445783
3 0.32812500 0.37108434 0.04567308 0.02891566
0 0.34495192 0.52289157 0.15625000 0.47228916
0 0.57812500 0.40240964 0.12740385 0.17349398
0 0.72596154 0.33373494 0.08653846 0.14216867
3 0.60817308 0.21445783 0.03846154 0.05783133
3 0.61057692 0.11927711 0.03365385 0.06024096
0 0.72596154 0.03493976 0.09615385 0.06506024
