1 0.37139423 0.43028846 0.11778846 0.14423077
1 0.93629808 0.33173077 0.02163462 0.03365385
1 0.02163462 0.29447115 0.02884615 0.03125000
1 0.66346154 0.27163462 0.00961538 0.00961538
1 0.66586538 0.27644231 0.00961538 0.01442308
1 0.93028846 0.33413462 0.03846154 0.03365385
1 0.35456731 0.43269231 0.15144231 0.14423077
1 0.02764423 0.29687500 0.03605769 0.03125000
0 0.06129808 0.34375000 0.10336538 0.12500000
0 0.34375000 0.53125000 0.32692308 0.37500000
0 0.66225962 0.30408654 0.02163462 0.07932692
0 0.89783654 0.36658654 0.10336538 0.09375000
