3 0.05889423 0.57469880 0.11298077 0.38313253
3 0.25961538 0.62168675 0.13461538 0.43373494
3 0.41826923 0.58072289 0.19711538 0.52530120
3 0.70432692 0.57951807 0.19711538 0.51807229
3 0.87980769 0.58072289 0.15384615 0.51084337
3 0.26802885 0.43855422 0.07451923 0.06746988
3 0.43629808 0.37108434 0.08413462 0.10602410
3 0.73557692 0.36987952 0.07692308 0.09397590
3 0.85576923 0.38192771 0.08653846 0.10843373
3 0.71754808 0.37710843 0.03605769 0.05542169
3 0.45913462 0.38433735 0.02884615 0.06506024
