1 0.13221154 0.36265060 0.18750000 0.11807229
1 0.31730769 0.37710843 0.12500000 0.07469880
1 0.38822115 0.43855422 0.05528846 0.05783133
1 0.54927885 0.42891566 0.06971154 0.03855422
1 0.69230769 0.35542169 0.11057692 0.07951807
1 0.79687500 0.41325301 0.05528846 0.04096386
1 0.74879808 0.44578313 0.03125000 0.02891566
1 0.74879808 0.45542169 0.03125000 0.04337349
3 0.74879808 0.46506024 0.01682692 0.01927711
1 0.79807692 0.42771084 0.05769231 0.07469880
1 0.69110577 0.39156627 0.11298077 0.15180723
1 0.54807692 0.45060241 0.06730769 0.07710843
1 0.38822115 0.46024096 0.05528846 0.10120482
1 0.31730769 0.41325301 0.12500000 0.14698795
1 0.13221154 0.41566265 0.19230769 0.21927711
3 0.67067308 0.42771084 0.05288462 0.06506024
3 0.79687500 0.44337349 0.03125000 0.02891566
3 0.39182692 0.47951807 0.03365385 0.04819277
3 0.34375000 0.44578313 0.05288462 0.06265060
3 0.18750000 0.47228916 0.04807692 0.11084337
0 0.80168269 0.60963855 0.12740385 0.43373494
0 0.77884615 0.56867470 0.43750000 0.51084337
0 0.53245192 0.62168675 0.10817308 0.41927711
0 0.42067308 0.62289157 0.12980769 0.42168675
0 0.30649038 0.59156627 0.18990385 0.49879518
0 0.14302885 0.56987952 0.28125000 0.54216867
