1 0.40384615 0.50602410 0.03846154 0.04337349
1 0.43509615 0.51927711 0.06250000 0.06506024
1 0.50721154 0.39638554 0.03365385 0.02650602
1 0.55528846 0.39638554 0.04326923 0.03132530
1 0.59014423 0.49397590 0.05528846 0.04819277
1 0.63581731 0.50722892 0.04567308 0.04578313
1 0.70432692 0.47951807 0.00961538 0.01927711
1 0.77524038 0.37951807 0.04567308 0.03132530
1 0.77644231 0.05542169 0.04326923 0.03373494
1 0.55528846 0.03975904 0.04807692 0.04096386
1 0.50721154 0.03975904 0.03365385 0.03614458
1 0.43750000 0.52409639 0.06250000 0.07951807
1 0.59014423 0.50843373 0.05528846 0.07710843
1 0.63942308 0.52048193 0.04807692 0.07228916
1 0.77644231 0.39277108 0.05288462 0.05301205
1 0.70552885 0.49036145 0.01201923 0.03614458
1 0.50841346 0.40722892 0.04086538 0.04819277
1 0.55649038 0.40963855 0.05048077 0.05783133
3 0.50841346 0.41566265 0.02163462 0.02650602
3 0.55528846 0.42168675 0.01923077 0.01927711
3 0.77163462 0.40722892 0.02403846 0.02891566
3 0.50600962 0.02409639 0.02163462 0.02891566
3 0.55168269 0.01807229 0.02163462 0.02650602
3 0.77644231 0.02650602 0.03846154 0.03373494
1 0.77403846 0.03975904 0.05288462 0.06987952
0 0.44230769 0.62891566 0.19711538 0.27469880
0 0.56730769 0.62168675 0.16346154 0.29397590
0 0.65144231 0.62771084 0.09615385 0.28192771
0 0.77163462 0.46987952 0.10576923 0.21686747
0 0.56850962 0.46144578 0.07451923 0.16626506
0 0.52163462 0.47349398 0.06730769 0.18072289
0 0.76562500 0.03975904 0.09375000 0.07469880
