1 0.34735577 0.03365385 0.15144231 0.06250000
3 0.42307692 0.46995192 0.04326923 0.10336538
3 0.48197115 0.47716346 0.04567308 0.06490385
3 0.54326923 0.46634615 0.03846154 0.04326923
1 0.35697115 0.35937500 0.17548077 0.10336538
1 0.47115385 0.41225962 0.08653846 0.06971154
1 0.53245192 0.42427885 0.06490385 0.04567308
1 0.21153846 0.53485577 0.05769231 0.03605769
1 0.21153846 0.54927885 0.05769231 0.06971154
0 0.19471154 0.66346154 0.09615385 0.29326923
1 0.35817308 0.41466346 0.17788462 0.21875000
1 0.46995192 0.44591346 0.09375000 0.13701923
1 0.53245192 0.44831731 0.06490385 0.09855769
0 0.38942308 0.55889423 0.36057692 0.50240385
0 0.44591346 0.59495192 0.12259615 0.43028846
0 0.53485577 0.60576923 0.06971154 0.41346154
