3 0.15865385 0.36177885 0.05288462 0.06490385
3 0.40865385 0.37259615 0.04807692 0.07211538
3 0.50961538 0.41586538 0.04326923 0.05288462
3 0.59134615 0.40745192 0.03846154 0.05048077
3 0.67908654 0.40504808 0.04567308 0.05048077
3 0.64663462 0.42427885 0.03846154 0.04567308
3 0.85336538 0.38822115 0.10096154 0.11298077
3 0.80649038 0.36538462 0.06009615 0.08173077
3 0.14302885 0.51802885 0.09855769 0.37740385
3 0.38822115 0.54807692 0.12740385 0.41346154
3 0.50120192 0.54927885 0.09855769 0.31971154
3 0.59254808 0.52163462 0.08413462 0.26923077
3 0.67788462 0.53125000 0.09615385 0.30769231
3 0.79927885 0.48197115 0.08894231 0.31009615
3 0.86298077 0.59615385 0.24038462 0.51442308
3 0.16947115 0.36899038 0.03125000 0.03605769
3 0.40985577 0.37980769 0.03125000 0.04326923
3 0.51201923 0.42067308 0.02884615 0.03365385
3 0.59014423 0.41225962 0.02163462 0.03125000
3 0.67668269 0.41225962 0.02644231 0.02644231
3 0.64423077 0.42788462 0.01442308 0.01923077
3 0.79807692 0.36899038 0.02403846 0.04567308
3 0.81730769 0.40625000 0.02884615 0.06730769
