1 0.89663462 0.44337349 0.03846154 0.02891566
3 0.88701923 0.46987952 0.01442308 0.02409639
1 0.89783654 0.45662651 0.04086538 0.05542169
1 0.72475962 0.44939759 0.03605769 0.02650602
3 0.72235577 0.47108434 0.01682692 0.02168675
1 0.72716346 0.46024096 0.03605769 0.04819277
1 0.69471154 0.45301205 0.02403846 0.01445783
3 0.69230769 0.46626506 0.00961538 0.01204819
1 0.69711538 0.45903614 0.02403846 0.02650602
1 0.64543269 0.44096386 0.03125000 0.02409639
3 0.63942308 0.45783133 0.01442308 0.01927711
1 0.64663462 0.45060241 0.03365385 0.03855422
1 0.55048077 0.44096386 0.02884615 0.01927711
1 0.52403846 0.44457831 0.03365385 0.02168675
3 0.54567308 0.46024096 0.00961538 0.01927711
1 0.55288462 0.45180723 0.02884615 0.04096386
1 0.52403846 0.45542169 0.02884615 0.03855422
3 0.51923077 0.46626506 0.00961538 0.01686747
1 0.47475962 0.44939759 0.02644231 0.03132530
1 0.47596154 0.44096386 0.02884615 0.01927711
3 0.47235577 0.45783133 0.01201923 0.01927711
3 0.44591346 0.46144578 0.02163462 0.02650602
1 0.41466346 0.46144578 0.01682692 0.03132530
1 0.41586538 0.45301205 0.01442308 0.01927711
3 0.41466346 0.46867470 0.01201923 0.01204819
1 0.39423077 0.45060241 0.02884615 0.01927711
3 0.38942308 0.46867470 0.01442308 0.01686747
1 0.39543269 0.46265060 0.02644231 0.03855422
1 0.31730769 0.45180723 0.01923077 0.01686747
3 0.31850962 0.46987952 0.01201923 0.01445783
1 0.31850962 0.46144578 0.02163462 0.03132530
0 0.31610577 0.52409639 0.05048077 0.16144578
0 0.39423077 0.54096386 0.06250000 0.20000000
0 0.46875000 0.53373494 0.08173077 0.20481928
0 0.56850962 0.55301205 0.06971154 0.24337349
0 0.52764423 0.54216867 0.03605769 0.21686747
0 0.65024038 0.55060241 0.06971154 0.24337349
0 0.69711538 0.53373494 0.03365385 0.18072289
0 0.73798077 0.56265060 0.08173077 0.25301205
0 0.91826923 0.56265060 0.10576923 0.26746988
