1 0.16225962 0.50360577 0.06009615 0.05528846
3 0.14663462 0.53365385 0.02884615 0.02403846
1 0.16225962 0.51201923 0.06490385 0.07211538
1 0.35937500 0.42908654 0.06009615 0.04567308
3 0.35697115 0.46274038 0.02163462 0.02163462
1 0.36177885 0.43990385 0.06009615 0.06730769
1 0.55769231 0.40144231 0.06730769 0.04807692
3 0.55168269 0.43389423 0.01682692 0.02163462
1 0.56009615 0.41225962 0.06730769 0.06971154
3 0.43509615 0.44110577 0.05769231 0.06490385
1 0.73076923 0.39543269 0.06730769 0.05528846
0 0.60336538 0.53846154 0.15865385 0.31730769
3 0.47235577 0.51322115 0.12740385 0.23317308
0 0.35336538 0.54086538 0.13942308 0.26442308
0 0.17067308 0.57331731 0.18269231 0.18990385
