1 0.48437500 0.40504808 0.05528846 0.06971154
1 0.62500000 0.35697115 0.06250000 0.03605769
1 0.98437500 0.59014423 0.01682692 0.02163462
3 0.11298077 0.49759615 0.02403846 0.07692308
1 0.35096154 0.50240385 0.01442308 0.01442308
3 0.11658654 0.46514423 0.01201923 0.01201923
1 0.35096154 0.50480769 0.01923077 0.01442308
0 0.34014423 0.52043269 0.04567308 0.04567308
1 0.47956731 0.40865385 0.06490385 0.07692308
1 0.62620192 0.36658654 0.06490385 0.05528846
1 0.98557692 0.59375000 0.01923077 0.02884615
0 0.43990385 0.54687500 0.14423077 0.35336538
0 0.60456731 0.56730769 0.25240385 0.45673077
0 0.98557692 0.63341346 0.02884615 0.11298077
