3 0.36899038 0.25721154 0.01682692 0.02403846
3 0.30769231 0.59855769 0.01442308 0.02403846
3 0.36658654 0.04447115 0.02644231 0.03125000
1 0.36778846 0.23197115 0.04326923 0.04086538
1 0.53966346 0.25000000 0.05048077 0.03365385
1 0.36538462 0.07211538 0.04807692 0.03846154
1 0.54086538 0.04927885 0.05288462 0.04086538
1 0.36538462 0.05769231 0.04807692 0.06730769
1 0.54206731 0.04326923 0.05528846 0.05288462
1 0.31490385 0.58052885 0.03846154 0.04567308
1 0.36658654 0.24278846 0.04567308 0.06250000
1 0.53966346 0.25961538 0.05048077 0.05288462
1 0.30889423 0.58533654 0.05048077 0.05528846
0 0.35336538 0.35216346 0.14423077 0.28125000
0 0.55769231 0.39062500 0.13461538 0.31490385
0 0.29567308 0.70432692 0.10096154 0.29326923
0 0.35456731 0.04807692 0.10817308 0.09134615
