3 0.83774038 0.36177885 0.02644231 0.03605769
3 0.90985577 0.37740385 0.02644231 0.02884615
3 0.62620192 0.38701923 0.02644231 0.04326923
3 0.43750000 0.36057692 0.06250000 0.07692308
3 0.64302885 0.37740385 0.06009615 0.08173077
3 0.84375000 0.35576923 0.04807692 0.06250000
3 0.91466346 0.37139423 0.04086538 0.05528846
3 0.42427885 0.56250000 0.22836538 0.48076923
3 0.62860577 0.56250000 0.18990385 0.45192308
3 0.84375000 0.52403846 0.15384615 0.39903846
3 0.93629808 0.49519231 0.09855769 0.31250000
