0 0.13221154 0.60722892 0.16346154 0.43855422
1 0.09975962 0.41084337 0.06971154 0.04578313
1 0.10937500 0.43012048 0.09375000 0.07951807
3 0.13461538 0.43734940 0.02884615 0.04578313
0 0.55168269 0.57108434 0.13701923 0.40963855
1 0.51201923 0.38915663 0.06250000 0.04096386
1 0.51923077 0.40602410 0.06730769 0.07951807
3 0.53605769 0.41927711 0.02403846 0.03855422
0 0.75600962 0.53373494 0.07451923 0.27710843
1 0.75120192 0.42650602 0.04086538 0.04819277
1 0.75600962 0.41566265 0.03125000 0.03132530
3 0.74399038 0.43373494 0.02163462 0.03373494
