1 0.81129808 0.42530120 0.05528846 0.04096386
1 0.59615385 0.48554217 0.03365385 0.02650602
1 0.65024038 0.47590361 0.03605769 0.01686747
1 0.25961538 0.47228916 0.03365385 0.01445783
1 0.19831731 0.56024096 0.02644231 0.02168675
1 0.81009615 0.43493976 0.05769231 0.06506024
1 0.64783654 0.47710843 0.04086538 0.02409639
1 0.59615385 0.49036145 0.03365385 0.04096386
1 0.25841346 0.48072289 0.03605769 0.03132530
1 0.20072115 0.56024096 0.03125000 0.02650602
0 0.84254808 0.60843373 0.17067308 0.40722892
0 0.63942308 0.55421687 0.08173077 0.17831325
0 0.57692308 0.56265060 0.06730769 0.18072289
0 0.26802885 0.55542169 0.05528846 0.18072289
0 0.21634615 0.59036145 0.06730769 0.08674699
