3 0.83774038 0.46265060 0.02163462 0.02891566
3 0.83774038 0.52650602 0.05528846 0.15180723
3 0.73437500 0.44457831 0.04567308 0.05060241
3 0.74519231 0.57349398 0.07692308 0.30843373
3 0.68149038 0.45180723 0.05048077 0.05542169
3 0.67187500 0.59156627 0.10336538 0.33012048
3 0.60456731 0.45542169 0.03605769 0.04337349
3 0.57211538 0.56746988 0.14903846 0.26746988
3 0.52163462 0.45301205 0.03365385 0.04819277
3 0.43629808 0.43012048 0.04567308 0.04578313
3 0.42788462 0.55301205 0.07692308 0.28674699
3 0.27403846 0.43132530 0.05288462 0.05783133
3 0.25841346 0.57590361 0.09375000 0.34216867
3 0.47836538 0.45301205 0.01923077 0.02409639
3 0.47596154 0.50843373 0.03365385 0.13493976
3 0.28485577 0.43373494 0.02163462 0.04337349
3 0.44471154 0.43855422 0.01923077 0.02891566
3 0.52403846 0.45783133 0.01923077 0.02409639
3 0.59975962 0.45903614 0.02644231 0.02650602
3 0.83413462 0.46626506 0.00961538 0.01686747
