1 0.50721154 0.46995192 0.02884615 0.01682692
1 0.50721154 0.47956731 0.02884615 0.03605769
0 0.50360577 0.58653846 0.06971154 0.25480769
1 0.55288462 0.48437500 0.02884615 0.01682692
1 0.55408654 0.49639423 0.03125000 0.04086538
0 0.56009615 0.59495192 0.05288462 0.23798077
1 0.57331731 0.50480769 0.02644231 0.01442308
1 0.62139423 0.46033654 0.03605769 0.01682692
1 0.62259615 0.46875000 0.03846154 0.03365385
0 0.62860577 0.58173077 0.07932692 0.25961538
1 0.67187500 0.48076923 0.02644231 0.01442308
1 0.70312500 0.45432692 0.03605769 0.01923077
1 0.70432692 0.46634615 0.03846154 0.04326923
0 0.72115385 0.57692308 0.10576923 0.26442308
0 0.66947115 0.59134615 0.03605769 0.23557692
1 0.75360577 0.41466346 0.04567308 0.02644231
1 0.75360577 0.42788462 0.04567308 0.05288462
0 0.77403846 0.55288462 0.09134615 0.30288462
1 0.93509615 0.45552885 0.03846154 0.02163462
1 0.93509615 0.46514423 0.03846154 0.04567308
0 0.95432692 0.56009615 0.08173077 0.23557692
1 0.90144231 0.51562500 0.02403846 0.01201923
1 0.90144231 0.52283654 0.02403846 0.03125000
0 0.90745192 0.59375000 0.03605769 0.17307692
1 0.84134615 0.48677885 0.03365385 0.02163462
1 0.84375000 0.49399038 0.03846154 0.03605769
0 0.84855769 0.58052885 0.06730769 0.20913462
3 0.50841346 0.48798077 0.02163462 0.01923077
3 0.55528846 0.50000000 0.01923077 0.02403846
3 0.62139423 0.47235577 0.02163462 0.02163462
3 0.69591346 0.47235577 0.01682692 0.02163462
3 0.74759615 0.43629808 0.02403846 0.03125000
3 0.93269231 0.47355769 0.01923077 0.02403846
3 0.90264423 0.52764423 0.01682692 0.02163462
