3 0.76442308 0.53485577 0.05288462 0.09375000
3 0.82572115 0.51802885 0.17067308 0.18028846
3 0.31730769 0.36298077 0.06250000 0.06730769
1 0.30408654 0.27884615 0.12259615 0.09134615
1 0.30649038 0.32692308 0.12259615 0.18750000
0 0.28966346 0.52764423 0.31971154 0.58894231
3 0.18509615 0.37740385 0.04807692 0.04326923
1 0.17788462 0.32091346 0.09134615 0.07932692
1 0.23317308 0.33774038 0.03846154 0.04567308
1 0.18269231 0.34855769 0.09615385 0.13461538
0 0.13581731 0.57211538 0.19471154 0.58173077
0 0.07572115 0.57091346 0.08894231 0.51201923
1 0.23317308 0.35336538 0.03846154 0.07692308
1 0.11658654 0.33052885 0.03125000 0.03605769
1 0.11899038 0.35576923 0.03605769 0.08653846
3 0.77524038 0.64903846 0.44471154 0.44711538
