1 0.80649038 0.31566265 0.12259615 0.08192771
1 0.53125000 0.33734940 0.14423077 0.11084337
1 0.69831731 0.40000000 0.09375000 0.06265060
1 0.90024038 0.41084337 0.08413462 0.06024096
1 0.94110577 0.40120482 0.04086538 0.04578313
1 0.44711538 0.43734940 0.07692308 0.06024096
1 0.39903846 0.45662651 0.04326923 0.04096386
1 0.36658654 0.46144578 0.02644231 0.03614458
1 0.27163462 0.40602410 0.05288462 0.06024096
1 0.20072115 0.40722892 0.14663462 0.10120482
1 0.10216346 0.36024096 0.11778846 0.07951807
3 0.11177885 0.42048193 0.05528846 0.07469880
3 0.23317308 0.47108434 0.07211538 0.08915663
3 0.55889423 0.38554217 0.07451923 0.09156627
3 0.69591346 0.44337349 0.05528846 0.05301205
3 0.83533654 0.37710843 0.06009615 0.07951807
3 0.90384615 0.44698795 0.05769231 0.05060241
1 0.10336538 0.39277108 0.12019231 0.14939759
1 0.20192308 0.43855422 0.14903846 0.16867470
1 0.27524038 0.43734940 0.05528846 0.12289157
1 0.36538462 0.47469880 0.02884615 0.06746988
1 0.40144231 0.47710843 0.04807692 0.07710843
1 0.44951923 0.45421687 0.08653846 0.09397590
1 0.53125000 0.36144578 0.14903846 0.15903614
1 0.70072115 0.42168675 0.09855769 0.11084337
1 0.80769231 0.35783133 0.12500000 0.16144578
1 0.90264423 0.43373494 0.08413462 0.10602410
0 0.08173077 0.58433735 0.15865385 0.52771084
0 0.17187500 0.60120482 0.31490385 0.48433735
0 0.30408654 0.51686747 0.11298077 0.28674699
0 0.37379808 0.63132530 0.08894231 0.38072289
0 0.43269231 0.53132530 0.12019231 0.24819277
0 0.54687500 0.56144578 0.30048077 0.55903614
0 0.82091346 0.54578313 0.29567308 0.53253012
