3 0.01081731 0.40024038 0.01682692 0.07451923
3 0.09254808 0.40625000 0.12740385 0.15384615
3 0.14182692 0.42548077 0.02403846 0.08653846
3 0.08413462 0.58413462 0.15865385 0.50480769
3 0.21995192 0.45913462 0.03125000 0.06250000
3 0.19591346 0.45432692 0.08413462 0.12500000
3 0.20072115 0.61538462 0.16586538 0.44230769
3 0.35817308 0.41706731 0.03365385 0.04567308
3 0.37139423 0.41105769 0.06490385 0.08653846
3 0.35216346 0.60336538 0.14663462 0.47115385
3 0.48557692 0.41826923 0.05288462 0.06730769
3 0.47235577 0.40745192 0.08413462 0.12259615
3 0.46995192 0.59495192 0.28125000 0.49278846
3 0.52884615 0.39903846 0.03365385 0.10096154
3 0.52644231 0.40865385 0.02403846 0.05769231
3 0.56370192 0.58653846 0.09855769 0.47596154
3 0.58894231 0.43269231 0.03846154 0.04807692
3 0.58533654 0.42668269 0.05528846 0.07451923
3 0.60336538 0.60937500 0.08653846 0.43990385
3 0.66346154 0.43629808 0.04807692 0.06009615
3 0.66706731 0.43990385 0.07451923 0.11538462
3 0.66466346 0.60817308 0.12740385 0.44711538
3 0.72475962 0.41466346 0.04567308 0.06971154
3 0.74759615 0.40625000 0.09615385 0.11538462
3 0.78245192 0.59254808 0.22355769 0.48798077
3 0.89423077 0.43629808 0.03365385 0.04567308
3 0.89062500 0.43269231 0.05528846 0.08173077
3 0.89423077 0.61538462 0.06250000 0.44230769
