3 0.53725962 0.38313253 0.06490385 0.07710843
3 0.75240385 0.29638554 0.06730769 0.07228916
3 0.75841346 0.03614458 0.06971154 0.06746988
1 0.76802885 0.08433735 0.11778846 0.07710843
1 0.76802885 0.24939759 0.11778846 0.07951807
1 0.52884615 0.33132530 0.10576923 0.06506024
1 0.76802885 0.27710843 0.12259615 0.13493976
1 0.76682692 0.06385542 0.12019231 0.12289157
1 0.52884615 0.36144578 0.10576923 0.12530120
0 0.47956731 0.56385542 0.25721154 0.53012048
0 0.82572115 0.51927711 0.34855769 0.61927711
