1 0.28846154 0.29156627 0.03846154 0.01927711
1 0.28605769 0.29759036 0.03846154 0.03614458
0 0.26923077 0.37228916 0.10096154 0.18554217
1 0.13942308 0.28433735 0.02884615 0.01445783
1 0.14182692 0.29518072 0.02884615 0.03614458
0 0.15144231 0.32891566 0.08653846 0.09879518
1 0.28966346 0.10000000 0.03605769 0.02168675
1 0.29206731 0.09518072 0.03605769 0.04096386
0 0.27764423 0.05903614 0.12259615 0.11325301
1 0.14062500 0.10963855 0.02644231 0.01686747
1 0.14423077 0.10481928 0.02884615 0.03132530
0 0.15745192 0.06265060 0.09855769 0.12048193
