3 0.32572115 0.35697115 0.02644231 0.04567308
3 0.40745192 0.36778846 0.03605769 0.04326923
3 0.64182692 0.34134615 0.02403846 0.05288462
3 0.59134615 0.41346154 0.00480769 0.01442308
3 0.05889423 0.42908654 0.01201923 0.01682692
3 0.15745192 0.43149038 0.01201923 0.01682692
1 0.30288462 0.31009615 0.08653846 0.05288462
1 0.41225962 0.31971154 0.06490385 0.05288462
1 0.66706731 0.29567308 0.08413462 0.05288462
1 0.72596154 0.30889423 0.05288462 0.06009615
1 0.57572115 0.40144231 0.02644231 0.02403846
1 0.07692308 0.42067308 0.03846154 0.02884615
1 0.15384615 0.41225962 0.03365385 0.02644231
1 0.04086538 0.43149038 0.02403846 0.02163462
1 0.15865385 0.42427885 0.03846154 0.04567308
1 0.07692308 0.42908654 0.04326923 0.04086538
1 0.30649038 0.33894231 0.08894231 0.10576923
1 0.41346154 0.34495192 0.06730769 0.10336538
1 0.66826923 0.32331731 0.08173077 0.10336538
1 0.72716346 0.32211538 0.05528846 0.09134615
1 0.57932692 0.40865385 0.03365385 0.03365385
0 0.27644231 0.57451923 0.21153846 0.57692308
0 0.45552885 0.57211538 0.19471154 0.55769231
0 0.59014423 0.50600962 0.07932692 0.23317308
0 0.15504808 0.51923077 0.08413462 0.24519231
0 0.07331731 0.52644231 0.05528846 0.24038462
0 0.02644231 0.51802885 0.04807692 0.19471154
0 0.72235577 0.56370192 0.19471154 0.58894231
