1 0.08533654 0.36658654 0.02163462 0.02163462
1 0.15024038 0.42187500 0.02644231 0.02163462
1 0.21394231 0.45793269 0.02403846 0.02163462
1 0.29567308 0.48317308 0.02884615 0.01923077
1 0.52524038 0.60216346 0.04567308 0.04567308
1 0.60096154 0.50721154 0.01923077 0.01923077
1 0.67067308 0.44350962 0.01923077 0.02163462
1 0.69350962 0.47596154 0.03125000 0.02403846
1 0.74399038 0.40384615 0.02163462 0.01442308
1 0.85697115 0.33774038 0.02644231 0.02163462
1 0.83894231 0.65024038 0.05769231 0.05528846
0 0.08774038 0.42067308 0.06009615 0.13461538
0 0.15985577 0.47355769 0.05048077 0.12980769
0 0.21274038 0.50600962 0.04567308 0.12259615
0 0.30528846 0.53846154 0.05769231 0.13942308
0 0.49278846 0.72355769 0.13461538 0.28846154
0 0.59735577 0.53245192 0.05048077 0.07451923
0 0.66706731 0.48798077 0.03605769 0.11538462
0 0.70312500 0.55048077 0.05528846 0.17307692
0 0.83173077 0.74759615 0.14903846 0.24519231
0 0.84014423 0.38822115 0.06490385 0.18509615
0 0.75600962 0.47836538 0.06009615 0.16346154
