1 0.88341346 0.56370192 0.03605769 0.03605769
1 0.89062500 0.56610577 0.04567308 0.04086538
0 0.90024038 0.68028846 0.10817308 0.26923077
1 0.76802885 0.55288462 0.03605769 0.01923077
1 0.77043269 0.56370192 0.03605769 0.03605769
0 0.78125000 0.60817308 0.06250000 0.12980769
1 0.78365385 0.68149038 0.03365385 0.02644231
3 0.36538462 0.58774038 0.02884615 0.06009615
1 0.22115385 0.66346154 0.01923077 0.01442308
1 0.54086538 0.65625000 0.01442308 0.01442308
3 0.76201923 0.57091346 0.01442308 0.01682692
