1 0.16466346 0.43132530 0.01201923 0.00963855
1 0.22596154 0.39638554 0.00961538 0.00722892
1 0.27884615 0.43373494 0.00961538 0.01445783
1 0.38822115 0.44457831 0.01201923 0.01686747
1 0.45913462 0.44819277 0.01442308 0.01927711
1 0.52524038 0.47349398 0.02163462 0.02650602
1 0.52403846 0.40963855 0.01442308 0.01927711
1 0.18269231 0.46144578 0.02403846 0.01686747
1 0.20192308 0.43975904 0.00961538 0.01204819
1 0.22115385 0.45301205 0.01442308 0.01927711
1 0.72475962 0.37228916 0.05048077 0.03614458
0 0.16466346 0.44216867 0.01682692 0.03614458
0 0.17307692 0.49759036 0.08173077 0.08915663
0 0.23677885 0.46867470 0.05048077 0.05060241
0 0.28966346 0.44939759 0.03125000 0.04578313
0 0.24278846 0.44096386 0.03846154 0.03373494
0 0.33413462 0.44578313 0.02884615 0.03855422
0 0.39903846 0.46024096 0.04807692 0.04819277
0 0.44350962 0.47108434 0.05048077 0.06506024
0 0.50600962 0.48192771 0.06009615 0.09156627
0 0.50240385 0.45903614 0.05769231 0.12289157
0 0.72836538 0.52650602 0.15384615 0.34457831
1 0.72235577 0.38072289 0.04567308 0.05783133
1 0.52163462 0.47469880 0.02884615 0.02891566
1 0.51923077 0.41204819 0.02403846 0.02409639
1 0.18269231 0.46506024 0.02403846 0.02891566
1 0.22475962 0.45542169 0.02163462 0.02409639
1 0.38942308 0.44698795 0.01442308 0.02168675
1 0.25480769 0.42771084 0.00961538 0.01204819
1 0.28125000 0.43493976 0.01442308 0.02168675
