1 0.78725962 0.38221154 0.11298077 0.08173077
1 0.78966346 0.40504808 0.11778846 0.12740385
3 0.37259615 0.36298077 0.01442308 0.01442308
1 0.37259615 0.34735577 0.02403846 0.02163462
1 0.37379808 0.35456731 0.02644231 0.03605769
1 0.42187500 0.39903846 0.01201923 0.01923077
1 0.42307692 0.40024038 0.01442308 0.02163462
1 0.46634615 0.39903846 0.01442308 0.01923077
1 0.46875000 0.39302885 0.00961538 0.01201923
1 0.52644231 0.40625000 0.01923077 0.02884615
1 0.52644231 0.40865385 0.02403846 0.02884615
1 0.34375000 0.38100962 0.00480769 0.01201923
1 0.34495192 0.38221154 0.00721154 0.01442308
0 0.52043269 0.45552885 0.05048077 0.12740385
0 0.45913462 0.43509615 0.03365385 0.09615385
0 0.41947115 0.43269231 0.03125000 0.08653846
0 0.38221154 0.42908654 0.06730769 0.18028846
0 0.34495192 0.41586538 0.02163462 0.08173077
0 0.78605769 0.59014423 0.14903846 0.49759615
