1 0.33533654 0.22716346 0.07932692 0.08894231
1 0.32812500 0.24519231 0.09375000 0.12500000
0 0.28966346 0.38100962 0.25240385 0.39663462
1 0.41225962 0.25120192 0.06009615 0.06490385
1 0.41346154 0.27524038 0.06250000 0.11298077
0 0.40745192 0.41826923 0.08413462 0.39903846
1 0.46995192 0.37019231 0.08413462 0.10576923
1 0.47836538 0.37139423 0.10096154 0.10817308
0 0.53004808 0.47956731 0.20432692 0.32451923
1 0.54326923 0.25240385 0.05769231 0.04326923
1 0.54326923 0.27283654 0.05769231 0.08413462
0 0.52283654 0.42187500 0.09855769 0.37740385
1 0.79807692 0.24879808 0.08173077 0.08413462
1 0.79807692 0.26923077 0.08173077 0.12500000
0 0.81730769 0.42187500 0.12980769 0.42548077
1 0.90985577 0.20432692 0.14182692 0.06730769
1 0.91105769 0.23557692 0.14423077 0.12500000
0 0.91947115 0.50360577 0.15144231 0.66586538
1 0.74759615 0.27163462 0.02403846 0.03846154
1 0.75360577 0.29326923 0.03605769 0.08173077
1 0.33533654 0.11057692 0.08894231 0.08173077
1 0.32932692 0.09014423 0.10576923 0.12740385
0 0.27884615 0.07812500 0.20673077 0.15144231
1 0.41105769 0.08293269 0.06730769 0.06971154
1 0.40865385 0.06250000 0.07211538 0.11538462
1 0.54326923 0.08173077 0.05769231 0.04807692
1 0.54326923 0.07091346 0.05769231 0.07932692
1 0.78966346 0.08653846 0.10817308 0.08653846
1 0.78846154 0.06971154 0.11057692 0.12980769
1 0.91947115 0.13581731 0.14663462 0.07932692
1 0.92067308 0.10456731 0.14903846 0.14182692
0 0.75600962 0.44110577 0.05048077 0.38221154
3 0.33413462 0.28125000 0.04807692 0.04807692
3 0.40865385 0.30048077 0.03846154 0.03846154
3 0.54086538 0.29206731 0.03365385 0.03605769
3 0.75240385 0.31250000 0.02403846 0.04326923
3 0.78605769 0.31129808 0.03846154 0.04086538
3 0.89182692 0.26201923 0.04326923 0.07211538
3 0.33413462 0.05528846 0.05769231 0.05288462
3 0.40865385 0.03605769 0.04326923 0.04326923
3 0.54086538 0.04687500 0.03365385 0.02644231
3 0.78966346 0.02764423 0.03605769 0.04086538
3 0.89302885 0.07572115 0.06009615 0.07451923
