1 0.37860577 0.35903614 0.07932692 0.09156627
1 0.12980769 0.31686747 0.08173077 0.04578313
1 0.22836538 0.38915663 0.05769231 0.04578313
1 0.84615385 0.45060241 0.08173077 0.08192771
1 0.38100962 0.06626506 0.07932692 0.09397590
1 0.23076923 0.03373494 0.06730769 0.04819277
1 0.13221154 0.10722892 0.07692308 0.04578313
3 0.13942308 0.36144578 0.04326923 0.04337349
3 0.23197115 0.41927711 0.02644231 0.03373494
3 0.85456731 0.49397590 0.04086538 0.04337349
3 0.13701923 0.06265060 0.05288462 0.04337349
1 0.12980769 0.33975904 0.08653846 0.09156627
1 0.22956731 0.40481928 0.06009615 0.07710843
1 0.37980769 0.35783133 0.08653846 0.09397590
1 0.84735577 0.46144578 0.08894231 0.10361446
1 0.38221154 0.06867470 0.08173077 0.09879518
1 0.23317308 0.03253012 0.07211538 0.06024096
1 0.13461538 0.08674699 0.08173077 0.09638554
0 0.12500000 0.41204819 0.14903846 0.23614458
0 0.22115385 0.40963855 0.07211538 0.08674699
0 0.43269231 0.42530120 0.21634615 0.23855422
0 0.87860577 0.52650602 0.15625000 0.23373494
0 0.42908654 0.06024096 0.21394231 0.11566265
0 0.23317308 0.03373494 0.07211538 0.06265060
0 0.11899038 0.07228916 0.13701923 0.13975904
