3 0.45673077 0.46274038 0.03365385 0.04086538
3 0.94230769 0.37860577 0.01442308 0.01682692
1 0.45673077 0.42548077 0.05769231 0.04326923
1 0.72355769 0.37019231 0.05769231 0.03846154
1 0.72596154 0.32812500 0.02884615 0.03125000
1 0.94591346 0.35817308 0.03125000 0.03365385
1 0.45673077 0.44951923 0.06250000 0.09134615
1 0.72475962 0.38221154 0.06009615 0.05288462
1 0.94711538 0.36778846 0.03365385 0.04807692
1 0.72716346 0.33293269 0.03125000 0.03605769
0 0.45552885 0.62740385 0.15144231 0.44230769
0 0.72596154 0.56730769 0.18750000 0.43269231
0 0.92307692 0.43389423 0.11057692 0.18509615
