1 0.12740385 0.31730769 0.25000000 0.17788462
1 0.11538462 0.04567308 0.22596154 0.08653846
1 0.45192308 0.44110577 0.09134615 0.07451923
1 0.85456731 0.39903846 0.19471154 0.13461538
1 0.12860577 0.37019231 0.25240385 0.28365385
1 0.45192308 0.46514423 0.09615385 0.11778846
1 0.85697115 0.44471154 0.19471154 0.22115385
3 0.30649038 0.45552885 0.14182692 0.15625000
3 0.69471154 0.44951923 0.09134615 0.11538462
0 0.13100962 0.53485577 0.25721154 0.61298077
3 0.35817308 0.61177885 0.32692308 0.46394231
0 0.44831731 0.62379808 0.14663462 0.43509615
3 0.68389423 0.62019231 0.20913462 0.45673077
0 0.86298077 0.59134615 0.27403846 0.51442308
3 0.17427885 0.45312500 0.05048077 0.11778846
3 0.34495192 0.47716346 0.06009615 0.11778846
3 0.44591346 0.49399038 0.05528846 0.06009615
3 0.67788462 0.47235577 0.05769231 0.07451923
3 0.78245192 0.48677885 0.05048077 0.12740385
