1 0.57211538 0.93253012 0.19230769 0.13493976
1 0.57211538 0.69277108 0.18750000 0.20481928
3 0.77524038 0.63012048 0.04086538 0.07469880
1 0.81490385 0.53253012 0.16346154 0.10120482
1 0.81610577 0.57831325 0.16586538 0.19277108
0 0.82451923 0.66024096 0.31730769 0.34698795
0 0.50961538 0.71325301 0.32211538 0.24578313
1 0.60456731 0.52168675 0.10336538 0.09879518
1 0.60697115 0.53493976 0.10817308 0.11566265
1 0.55649038 0.70602410 0.21875000 0.23132530
0 0.62379808 0.60361446 0.14182692 0.25301205
1 0.36418269 0.51566265 0.13221154 0.11084337
1 0.36778846 0.53373494 0.13461538 0.14698795
0 0.37860577 0.64698795 0.22836538 0.37831325
1 0.14062500 0.44939759 0.09855769 0.06506024
1 0.14903846 0.48915663 0.12019231 0.13975904
0 0.16466346 0.63373494 0.20913462 0.43373494
3 0.51562500 0.49277108 0.02644231 0.03614458
1 0.53485577 0.45783133 0.06971154 0.05783133
1 0.53365385 0.47590361 0.07211538 0.09397590
0 0.52163462 0.52771084 0.09615385 0.19759036
