3 0.11658654 0.43373494 0.05048077 0.05783133
3 0.23677885 0.37590361 0.06971154 0.08674699
3 0.39783654 0.39397590 0.07932692 0.10843373
3 0.49038462 0.43012048 0.03846154 0.05060241
3 0.52283654 0.41927711 0.02163462 0.04337349
3 0.57211538 0.37710843 0.08173077 0.11325301
3 0.64423077 0.41325301 0.05288462 0.06506024
3 0.75721154 0.39638554 0.09134615 0.12289157
3 0.81370192 0.42771084 0.04567308 0.05060241
3 0.91105769 0.38795181 0.12500000 0.13975904
3 0.97115385 0.33614458 0.05769231 0.11807229
3 0.11057692 0.58192771 0.12500000 0.35421687
3 0.24519231 0.58674699 0.16346154 0.50843373
3 0.34735577 0.59036145 0.29086538 0.51084337
3 0.56250000 0.58554217 0.22596154 0.53012048
3 0.74759615 0.59277108 0.17788462 0.52048193
3 0.90144231 0.58795181 0.19711538 0.53493976
3 0.11057692 0.44216867 0.02884615 0.03614458
3 0.23197115 0.38915663 0.04567308 0.05542169
3 0.41225962 0.40361446 0.05048077 0.08915663
3 0.55048077 0.39036145 0.03846154 0.08192771
3 0.63701923 0.42048193 0.03365385 0.04578313
3 0.73437500 0.41084337 0.04567308 0.08433735
3 0.88461538 0.40722892 0.06730769 0.09638554
3 0.49759615 0.43855422 0.01923077 0.02891566
