3 0.03245192 0.29156627 0.06009615 0.16385542
3 0.15144231 0.32168675 0.21153846 0.28674699
3 0.29567308 0.36626506 0.14903846 0.22650602
3 0.50120192 0.34096386 0.12740385 0.16626506
3 0.73798077 0.35421687 0.21153846 0.26987952
3 0.86778846 0.41807229 0.11057692 0.20481928
3 0.20432692 0.55060241 0.40384615 0.74939759
3 0.11899038 0.35180723 0.13701923 0.18313253
3 0.70793269 0.38915663 0.14663462 0.18072289
3 0.89302885 0.44939759 0.05048077 0.12771084
3 0.26923077 0.38915663 0.09134615 0.14698795
3 0.02644231 0.30481928 0.04807692 0.10843373
3 0.64783654 0.57349398 0.57451923 0.70843373
3 0.48437500 0.35662651 0.05528846 0.12048193
