1 0.28245192 0.32530120 0.24278846 0.16867470
1 0.38701923 0.28554217 0.12500000 0.11807229
1 0.49278846 0.39277108 0.21634615 0.15903614
1 0.73437500 0.32530120 0.17067308 0.13975904
1 0.92307692 0.30602410 0.14903846 0.13012048
1 0.27524038 0.39156627 0.22355769 0.30120482
1 0.49038462 0.45180723 0.20192308 0.26746988
1 0.73437500 0.37951807 0.16105769 0.25301205
1 0.92548077 0.35903614 0.14903846 0.22168675
0 0.25961538 0.53855422 0.51442308 0.60963855
0 0.54687500 0.57951807 0.31009615 0.53253012
0 0.75360577 0.55180723 0.37259615 0.59277108
0 0.89903846 0.54337349 0.20192308 0.60963855
3 0.28125000 0.44216867 0.12500000 0.15180723
3 0.48677885 0.50481928 0.11298077 0.13253012
3 0.72956731 0.42771084 0.10817308 0.09879518
3 0.94110577 0.40361446 0.07932692 0.08915663
