1 0.63701923 0.45673077 0.01442308 0.01442308
3 0.63461538 0.46875000 0.00961538 0.00961538
1 0.63581731 0.46153846 0.01682692 0.02403846
1 0.67548077 0.45793269 0.01442308 0.01682692
3 0.67548077 0.46875000 0.00480769 0.00961538
1 0.67548077 0.46274038 0.01442308 0.02644231
0 0.62740385 0.49519231 0.04326923 0.09134615
0 0.67067308 0.49639423 0.03846154 0.09375000
1 0.80168269 0.46754808 0.03125000 0.02163462
1 0.80168269 0.47475962 0.03125000 0.03605769
1 0.92307692 0.48437500 0.04326923 0.03605769
1 0.92307692 0.49158654 0.04326923 0.05048077
1 0.96995192 0.54206731 0.06009615 0.06971154
3 0.78485577 0.55288462 0.02163462 0.04326923
1 0.81370192 0.51562500 0.07932692 0.06971154
1 0.81250000 0.52764423 0.08173077 0.09375000
1 0.96394231 0.54807692 0.07211538 0.08173077
3 0.94230769 0.56370192 0.01923077 0.03605769
0 0.78004808 0.62139423 0.16586538 0.28125000
0 0.93870192 0.62500000 0.12259615 0.23557692
