3 0.74399038 0.35216346 0.14182692 0.18990385
3 0.81370192 0.55528846 0.32932692 0.59615385
1 0.61538462 0.37500000 0.12019231 0.08653846
1 0.61658654 0.42187500 0.11778846 0.17548077
0 0.39903846 0.59495192 0.54326923 0.52644231
1 0.50600962 0.35096154 0.11298077 0.07211538
1 0.50600962 0.39182692 0.11298077 0.14903846
3 0.40745192 0.39783654 0.06490385 0.07451923
3 0.31730769 0.37740385 0.08653846 0.09134615
3 0.32812500 0.58653846 0.19471154 0.50480769
3 0.25000000 0.37620192 0.06250000 0.07932692
3 0.21995192 0.48918269 0.14663462 0.31490385
3 0.94471154 0.46995192 0.08653846 0.09375000
3 0.91225962 0.41466346 0.05528846 0.05048077
1 0.21033654 0.39903846 0.03605769 0.02403846
1 0.21033654 0.40745192 0.04086538 0.04086538
3 0.10817308 0.40745192 0.02403846 0.03125000
3 0.10817308 0.46153846 0.04807692 0.13461538
1 0.12860577 0.39663462 0.01682692 0.01923077
3 0.15625000 0.41105769 0.01923077 0.02403846
3 0.17548077 0.41346154 0.01923077 0.01923077
3 0.70913462 0.37740385 0.06730769 0.12500000
3 0.59855769 0.46033654 0.07692308 0.08894231
3 0.49639423 0.42067308 0.06490385 0.08173077
3 0.40745192 0.40504808 0.04567308 0.05528846
3 0.30528846 0.38461538 0.04807692 0.07211538
3 0.24158654 0.37980769 0.04086538 0.05288462
0 0.49158654 0.58653846 0.14182692 0.54326923
