1 0.40985577 0.39062500 0.03605769 0.02644231
1 0.28846154 0.41105769 0.04326923 0.04326923
1 0.76201923 0.41586538 0.02884615 0.02403846
1 0.76322115 0.02043269 0.02644231 0.02644231
1 0.41105769 0.04687500 0.04326923 0.02644231
1 0.29206731 0.03365385 0.04086538 0.03365385
1 0.41225962 0.03605769 0.04086538 0.04807692
1 0.76442308 0.01802885 0.02884615 0.03125000
1 0.76442308 0.41947115 0.02884615 0.03125000
1 0.40745192 0.40024038 0.03605769 0.04567308
0 0.42307692 0.51562500 0.12019231 0.28125000
0 0.77163462 0.49639423 0.07692308 0.18028846
0 0.28846154 0.52163462 0.10096154 0.25480769
1 0.28725962 0.41586538 0.04567308 0.05288462
1 0.29206731 0.03004808 0.04086538 0.05048077
