1 0.28846154 0.02524038 0.05769231 0.04567308
1 0.47115385 0.05408654 0.05769231 0.04086538
1 0.47115385 0.04086538 0.05769231 0.06730769
1 0.53245192 0.04206731 0.07451923 0.06490385
1 0.53725962 0.03966346 0.07451923 0.07451923
1 0.61418269 0.04086538 0.05528846 0.04326923
1 0.61418269 0.03245192 0.05528846 0.06009615
1 0.28846154 0.41466346 0.06250000 0.06009615
1 0.28966346 0.42427885 0.06490385 0.07932692
1 0.46995192 0.37980769 0.05528846 0.04326923
1 0.47235577 0.39663462 0.05528846 0.07211538
1 0.53605769 0.38581731 0.07211538 0.06009615
1 0.53846154 0.39663462 0.07211538 0.07692308
1 0.61177885 0.39302885 0.06490385 0.03605769
1 0.61538462 0.41105769 0.06730769 0.07211538
0 0.30769231 0.58173077 0.17307692 0.39423077
0 0.45312500 0.56971154 0.10336538 0.42307692
0 0.51081731 0.56971154 0.16586538 0.42788462
0 0.63581731 0.58052885 0.10817308 0.41105769
3 0.29807692 0.45312500 0.03365385 0.01682692
3 0.59855769 0.42548077 0.01923077 0.02884615
3 0.46754808 0.41225962 0.03125000 0.02644231
3 0.46995192 0.02283654 0.03125000 0.02644231
3 0.59735577 0.01322115 0.02163462 0.02163462
