0 0.15264423 0.49518072 0.13221154 0.48915663
0 0.33052885 0.49759036 0.17067308 0.54216867
0 0.53725962 0.63614458 0.23798077 0.14939759
0 0.83413462 0.50963855 0.24519231 0.54216867
0 0.87620192 0.10000000 0.16105769 0.19518072
0 0.32091346 0.10722892 0.15625000 0.20963855
0 0.15144231 0.09518072 0.13461538 0.18554217
0 0.21875000 0.45301205 0.08173077 0.41927711
1 0.34254808 0.17349398 0.09375000 0.07710843
1 0.47956731 0.02409639 0.03605769 0.04337349
1 0.41586538 0.03012048 0.03846154 0.04096386
1 0.75841346 0.13253012 0.05528846 0.06265060
1 0.85096154 0.15421687 0.10576923 0.09156627
1 0.85096154 0.27831325 0.11057692 0.07951807
1 0.75721154 0.30120482 0.05769231 0.05783133
1 0.47836538 0.41204819 0.03846154 0.04337349
1 0.41826923 0.40602410 0.02884615 0.04096386
1 0.44230769 0.59879518 0.04807692 0.06987952
1 0.44471154 0.96265060 0.04807692 0.07469880
1 0.18269231 0.28072289 0.06730769 0.06506024
1 0.22475962 0.26867470 0.05528846 0.05060241
1 0.08894231 0.28674699 0.04326923 0.03373494
1 0.08894231 0.15421687 0.03846154 0.03373494
1 0.18269231 0.15180723 0.06730769 0.06746988
1 0.22355769 0.16867470 0.05288462 0.04819277
0 0.31971154 0.10602410 0.14903846 0.20722892
0 0.15024038 0.09518072 0.13221154 0.18554217
1 0.13581731 0.28554217 0.03605769 0.03614458
1 0.34254808 0.26385542 0.08894231 0.06987952
1 0.85096154 0.30722892 0.11057692 0.13734940
1 0.75721154 0.30722892 0.05769231 0.06987952
1 0.84975962 0.13253012 0.10817308 0.13975904
1 0.75841346 0.12650602 0.06009615 0.07469880
1 0.48557692 0.02530120 0.05288462 0.04578313
1 0.34495192 0.16024096 0.09855769 0.10361446
1 0.22235577 0.14939759 0.05528846 0.08192771
1 0.18509615 0.14698795 0.07211538 0.08674699
1 0.08894231 0.14578313 0.04326923 0.05542169
1 0.09014423 0.29638554 0.05048077 0.04819277
1 0.18269231 0.29397590 0.06730769 0.08674699
1 0.22596154 0.28433735 0.06250000 0.07710843
1 0.34254808 0.27831325 0.09375000 0.09879518
1 0.48437500 0.41204819 0.05048077 0.04819277
1 0.45072115 0.60000000 0.06971154 0.07710843
1 0.45312500 0.96265060 0.06490385 0.07469880
0 0.53365385 0.47710843 0.14423077 0.17831325
1 0.02283654 0.46385542 0.04086538 0.03614458
3 0.23317308 0.30722892 0.01923077 0.03132530
3 0.18990385 0.31807229 0.02403846 0.03373494
3 0.23197115 0.12891566 0.02163462 0.03614458
3 0.75480769 0.33373494 0.02403846 0.02168675
3 0.75360577 0.10722892 0.02163462 0.02168675
0 0.53245192 0.02530120 0.14663462 0.04578313
0 0.76442308 0.08433735 0.13461538 0.16385542
0 0.53846154 0.92650602 0.23557692 0.14698795
