3 0.80196300 0.24658800 0.04710100 0.06556100
3 0.92239100 0.46614900 0.06030300 0.10061500
3 0.38876000 0.47498000 0.03675300 0.08456000
3 0.94308700 0.44982600 0.10169500 0.12844500
3 0.80758300 0.23334200 0.07475500 0.11399500
3 0.36360400 0.43898800 0.08777900 0.16243000
3 0.11935800 0.61158700 0.23871500 0.31388800
0 0.34950900 0.55860300 0.19589700 0.39951800
0 0.84790375 0.56770100 0.30419250 0.39095500
0 0.81070500 0.43832000 0.16842100 0.50682400
0 0.13844800 0.70832200 0.27689600 0.57051100
