3 0.40543700 0.56999000 0.01723900 0.03853800
3 0.56265500 0.59112400 0.02967000 0.04400800
3 0.63500700 0.56700600 0.02585800 0.04351100
3 0.61868100 0.56887100 0.01375800 0.04425700
3 0.61926100 0.57521100 0.00895100 0.02958700
3 0.56903700 0.59709100 0.01558100 0.02909000
3 0.40610000 0.57732500 0.01491800 0.02038800
3 0.29943600 0.61449500 0.02370300 0.04550000
0 0.56190900 0.63028300 0.05171600 0.12531100
0 0.39955200 0.57185500 0.02834400 0.04276500
0 0.63335000 0.62357000 0.07790500 0.16210800
