3 0.24385700 0.44299200 0.09914300 0.13673400
3 0.23471400 0.39755700 0.11971400 0.23017600
3 0.51242900 0.35405100 0.07685700 0.12859000
3 0.50542900 0.32383200 0.09142900 0.18474100
3 0.79257100 0.38748400 0.06628600 0.12258900
3 0.85257100 0.46635200 0.05657100 0.07372500
3 0.85742900 0.44213500 0.06857100 0.12301800
0 0.85200000 0.58401200 0.18685700 0.41191600
0 0.50014300 0.58872700 0.41114300 0.71195900
0 0.21371400 0.64080600 0.22228600 0.71838800
0 0.78914300 0.45156500 0.10285700 0.24903600
