3 0.33575800 0.58108800 0.00305300 0.00431000
3 0.44190000 0.65948300 0.01418800 0.02478400
3 0.44306800 0.65638500 0.01724100 0.03475200
3 0.39287000 0.66635200 0.00592700 0.01104500
3 0.38155500 0.66931600 0.00520800 0.01050600
3 0.42447900 0.66689100 0.00484900 0.00835100
3 0.38191500 0.67012400 0.00377200 0.00781200
3 0.36099100 0.66850800 0.00610600 0.01158400
3 0.36180000 0.66985500 0.00341200 0.00673500
3 0.32237800 0.66204200 0.00969800 0.01966600
3 0.32237800 0.66406200 0.00718400 0.01347000
3 0.28717700 0.67524200 0.00682500 0.01158400
3 0.28744600 0.67322200 0.00915900 0.01831900
3 0.27586200 0.67093200 0.00790200 0.01751100
3 0.27649100 0.67281800 0.00520800 0.01266200
3 0.47243200 0.67281800 0.00520800 0.00942900
3 0.47234200 0.67281800 0.00359200 0.00673500
3 0.63721300 0.68103400 0.01544500 0.02909500
3 0.80379000 0.64412700 0.01993500 0.03987100
3 0.70384300 0.66325400 0.00969800 0.01993500
3 0.70330500 0.66500500 0.00790200 0.01427800
3 0.67896900 0.66352400 0.01131500 0.02155200
3 0.67735300 0.66473600 0.00700400 0.01697200
3 0.61386500 0.67295300 0.00610600 0.01077600
3 0.61476300 0.67281800 0.00826100 0.01266200
3 0.62455100 0.66945000 0.00413100 0.00808200
3 0.62428200 0.66769900 0.00610600 0.01373900
3 0.61117100 0.66285000 0.00431000 0.00835100
3 0.56636100 0.67389500 0.00413100 0.00619600
3 0.55379000 0.66931600 0.00341200 0.00727400
3 0.53807500 0.67362600 0.00323300 0.00565700
3 0.56708000 0.67335700 0.00520800 0.00835100
3 0.55334100 0.66783400 0.00502900 0.00969800
3 0.53825400 0.67295300 0.00431000 0.00862100
3 0.52685000 0.66729500 0.00449000 0.00915900
3 0.51634300 0.66783400 0.00323300 0.00431000
3 0.50987800 0.66837300 0.00323300 0.00538800
3 0.53026200 0.67201000 0.00269400 0.00565700
3 0.50736400 0.66540900 0.00251400 0.00538800
3 0.17941800 0.66810300 0.01760100 0.03071100
3 0.07857400 0.67430000 0.01813900 0.02747800
3 0.46102700 0.66500500 0.00502900 0.00673500
3 0.45510100 0.66514000 0.00538800 0.00700400
3 0.47826900 0.66702600 0.00251400 0.00592700
3 0.48500400 0.66567900 0.00269400 0.00431000
3 0.48769800 0.66972000 0.00197600 0.00484900
3 0.49281600 0.66648700 0.00215500 0.00431000
3 0.49829400 0.66675600 0.00269400 0.00484900
3 0.52209100 0.66527500 0.00323300 0.00565700
3 0.54732400 0.67025900 0.00269400 0.00592700
3 0.42834100 0.66837300 0.00323300 0.00592700
3 0.43336900 0.66743000 0.00215500 0.00404100
0 0.70914200 0.71376600 0.02999300 0.12042000
0 0.68274100 0.72292600 0.03502200 0.14251100
0 0.28843400 0.71834600 0.03089100 0.10587300
0 0.32399400 0.71174600 0.03412400 0.12338400
0 0.55280200 0.68911600 0.01329000 0.04903000
0 0.44612100 0.77209100 0.05819000 0.26400900
0 0.35991400 0.69194500 0.01364900 0.05684300
0 0.64331900 0.76077600 0.04346300 0.18911600
0 0.80091600 0.75969800 0.06052400 0.28232800
0 0.61404500 0.68736500 0.02191100 0.04175600
0 0.56761900 0.68319000 0.01490700 0.02909500
0 0.52649100 0.68211200 0.01382900 0.03609900
0 0.39251100 0.69598600 0.02209100 0.07570000
0 0.38155500 0.69194500 0.01454700 0.05684300
0 0.17430000 0.74057100 0.04723400 0.17780200
0 0.07300600 0.74407300 0.04903000 0.17079700
0 0.48769800 0.67524200 0.00592700 0.01751100
0 0.51715200 0.67551200 0.00592700 0.02020500
0 0.47440700 0.68723100 0.00987800 0.03556000
0 0.42923900 0.67403000 0.00502900 0.01993500
0 0.42465900 0.68116900 0.00772300 0.03744600
0 0.43283000 0.67335700 0.00323300 0.01643300
