3 0.21265400 0.28158000 0.06651700 0.11644500
3 0.73404300 0.34882500 0.05890300 0.11746700
3 0.22620400 0.30796700 0.03852200 0.06162800
3 0.73594600 0.38627900 0.03762600 0.04256000
1 0.21489400 0.26132100 0.07726800 0.08205700
1 0.73527400 0.33435500 0.05778300 0.09125000
2 0.71713300 0.49880800 0.11153400 0.24106200
2 0.82295600 0.54051800 0.08533000 0.18624400
2 0.21814100 0.46561100 0.13348300 0.28089900
0 0.24748000 0.45709900 0.19126500 0.47906000
0 0.75688700 0.47225100 0.21970900 0.39836600
