3 0.30491100 0.48950900 0.09613100 0.13214300
3 0.33444900 0.50848200 0.03467300 0.09598200
3 0.36584800 0.32790200 0.07187500 0.13348200
3 0.37418200 0.35212100 0.05580400 0.08459800
3 0.73489600 0.46808000 0.09360100 0.14419600
3 0.71302100 0.47421900 0.05014900 0.13102700
3 0.67886900 0.33415200 0.07232100 0.14732100
3 0.66770800 0.35401800 0.04940500 0.10848200
0 0.39189000 0.65189700 0.30729200 0.50022300
0 0.40364600 0.39430800 0.19032700 0.26852700
0 0.66837800 0.62187500 0.27514900 0.44776800
0 0.63422600 0.38292400 0.21011900 0.24575900
