3 0.75447700 0.48892700 0.04884400 0.04081600
3 0.63139000 0.46417700 0.05079800 0.04689500
3 0.51725800 0.47405600 0.05568200 0.04494100
3 0.37251700 0.50206300 0.06252000 0.05406000
3 0.28248100 0.48599700 0.04461100 0.04624400
3 0.75545400 0.49001300 0.03712100 0.03082900
3 0.63090200 0.46569700 0.03809800 0.03604000
3 0.52002600 0.47709500 0.03516800 0.03321800
3 0.37316800 0.50640500 0.03712100 0.03582300
3 0.28003900 0.49337800 0.03516800 0.02931000
0 0.27759700 0.61485000 0.15011400 0.30785900
0 0.63660000 0.61506700 0.13415800 0.35822800
0 0.52686400 0.64871900 0.15825500 0.37863700
0 0.37235400 0.63428100 0.12145900 0.33282700
0 0.75675700 0.61441600 0.11396900 0.30438600
