3 0.64178500 0.46091200 0.02185100 0.04265800
3 0.64050300 0.47125600 0.01342800 0.02087100
3 0.60693400 0.34199900 0.01342800 0.02856100
3 0.60791000 0.35033000 0.01074200 0.01190000
3 0.68554700 0.31764900 0.00830100 0.01721000
3 0.68664600 0.31966300 0.00610400 0.01061900
3 0.88635300 0.38795300 0.01928700 0.03588400
3 0.88293500 0.39573400 0.01342800 0.02068800
0 0.65496800 0.50869600 0.05505400 0.13676300
0 0.62524400 0.40763500 0.07104500 0.16019800
0 0.67858900 0.32478900 0.02343800 0.03405300
0 0.89398200 0.44077300 0.07092300 0.14152300
0 0.18341100 0.65552900 0.13049300 0.57579600
0 0.34710700 0.58797100 0.11291500 0.19937800
0 0.46691900 0.62916500 0.08398400 0.21036300
0 0.44665500 0.52773700 0.09033200 0.17228100
0 0.55377200 0.55529100 0.06091300 0.17942100
0 0.58349600 0.47500900 0.06591800 0.10014600
