3 0.20052100 0.48437500 0.07812500 0.06487600
3 0.28961100 0.48528900 0.09731400 0.08205400
3 0.60060300 0.39738700 0.06140400 0.06414500
3 0.59731400 0.40350900 0.05153500 0.05336300
3 0.47409500 0.47432400 0.05400200 0.04331100
3 0.96093775 0.49369500 0.07812450 0.06560700
3 0.98944600 0.50182700 0.02110700 0.04714900
3 0.84786200 0.52750400 0.12006600 0.10288700
3 0.86609100 0.53929100 0.08305900 0.07858200
0 0.94887600 0.56268300 0.10224800 0.20431300
0 0.86170500 0.67013900 0.27494500 0.39071600
0 0.58689700 0.47012100 0.23684200 0.20851600
0 0.44202300 0.52046800 0.11814700 0.13669600
0 0.12390400 0.60800400 0.23355300 0.31578900
0 0.30496200 0.63221900 0.29084400 0.38212700
