3 0.18631800 0.29082100 0.07851900 0.08371100
3 0.19708500 0.30352600 0.05383400 0.05909000
3 0.33705400 0.29761700 0.07799400 0.07681700
3 0.33757900 0.30185100 0.06591400 0.06637800
3 0.54766300 0.31002600 0.07851900 0.07602900
3 0.54687500 0.31869200 0.06171200 0.05869600
3 0.73332500 0.33760100 0.08219500 0.07563500
3 0.71861900 0.34636600 0.05225800 0.05574200
0 0.15467400 0.52176500 0.20063000 0.54796100
0 0.34059900 0.52206000 0.19852900 0.52728000
0 0.53413900 0.52570400 0.19852900 0.51172000
0 0.74435400 0.54264300 0.20351900 0.48453800
0 0.94130800 0.53791600 0.11370800 0.49990200
