3 0.38591700 0.38975000 0.10916700 0.19950000
3 0.39141700 0.35275000 0.14850000 0.27250000
3 0.26675000 0.23900000 0.17850000 0.20900000
3 0.27433300 0.22437500 0.19266700 0.24475000
3 0.60250000 0.42975000 0.08966700 0.15500000
3 0.59975000 0.41400000 0.10016700 0.18800000
3 0.94350000 0.31537500 0.11300000 0.31125000
3 0.94400000 0.25112500 0.11200000 0.46125000
3 0.94408300 0.45737500 0.11183300 0.19875000
0 0.54466700 0.51175000 0.23766700 0.43500000
0 0.74908300 0.50937500 0.50183300 0.98125000
0 0.18558300 0.50012500 0.37083300 0.99975000
0 0.32900000 0.61012500 0.44966700 0.77975000
