3 0.22450000 0.55587500 0.05833300 0.10625000
3 0.03075000 0.59150000 0.06116700 0.15200000
3 0.16308300 0.71700000 0.11016700 0.18800000
3 0.53358300 0.44775000 0.04883300 0.08350000
3 0.55466700 0.40575000 0.04333300 0.07350000
3 0.75666700 0.29350000 0.03833300 0.07900000
3 0.75750000 0.30525000 0.02400000 0.04600000
0 0.72216700 0.32312500 0.11566700 0.12775000
0 0.49541700 0.50775000 0.12750000 0.24600000
0 0.57016700 0.50975000 0.07233300 0.28650000
0 0.23500000 0.81187500 0.28733300 0.37625000
0 0.27275000 0.68437500 0.17050000 0.37275000
0 0.06000000 0.75437500 0.11966700 0.49125000
