3 0.24619700 0.43798800 0.07819800 0.13130500
3 0.26482100 0.46541900 0.03744100 0.07540300
3 0.43116200 0.33502300 0.04875200 0.08294300
3 0.43808500 0.34308400 0.03451600 0.06682300
3 0.96411875 0.44227800 0.07176250 0.11180400
3 0.94978500 0.45774800 0.04231700 0.07982300
3 0.79280400 0.43642700 0.05869700 0.09022400
3 0.78256600 0.44682800 0.03744100 0.06838300
0 0.30918500 0.65691600 0.31961800 0.57020300
0 0.42170400 0.44812800 0.11447000 0.30915200
0 0.80450500 0.50637000 0.17804200 0.23738900
0 0.93194200 0.51898100 0.13611500 0.26781100
