3 0.79596100 0.19907900 0.13846400 0.25323700
3 0.64137300 0.33640400 0.11087100 0.19920300
3 0.43284600 0.40450700 0.11236700 0.16708200
3 0.27327100 0.24340100 0.11569100 0.21489000
3 0.15051500 0.33266900 0.16107000 0.25697200
3 0.78632000 0.23518400 0.09092400 0.17305800
3 0.63455800 0.36877500 0.07463400 0.13446200
3 0.43974400 0.40998500 0.07064500 0.15463100
3 0.29330100 0.26357100 0.07496700 0.17305800
3 0.19805500 0.36578700 0.06333100 0.17928300
0 0.71825100 0.53199700 0.53058500 0.92554800
0 0.63655300 0.60744500 0.29338400 0.74825700
0 0.44714100 0.66197700 0.18351100 0.67604600
0 0.39544500 0.58466100 0.39926900 0.83067700
0 0.29097400 0.59138400 0.51579100 0.80079700
