3 0.85201200 0.34828400 0.10263800 0.15835000
3 0.73666500 0.36890700 0.07644900 0.13268000
3 0.63306400 0.40885500 0.05988800 0.10989300
3 0.48998700 0.33674600 0.06682100 0.11393100
3 0.35567100 0.28482800 0.06662800 0.14162100
3 0.23175400 0.25064900 0.13152300 0.23074700
3 0.11477000 0.40510500 0.09474300 0.13066100
3 0.81388400 0.35765800 0.02599700 0.12460300
3 0.71866000 0.38044400 0.03697300 0.09864400
3 0.62825000 0.41548900 0.04717900 0.09374100
3 0.49287500 0.34655300 0.04371300 0.09374100
3 0.34979800 0.29939400 0.05218600 0.10729700
3 0.28182200 0.28699200 0.02792200 0.15344700
3 0.13643400 0.40568200 0.05719200 0.11393100
0 0.36270000 0.60816275 0.16233400 0.78367450
0 0.09224000 0.66685900 0.15097200 0.66628200
0 0.49431900 0.63844800 0.15790500 0.72310400
0 0.60697100 0.67464675 0.14172900 0.65070650
0 0.81821700 0.62993900 0.26728300 0.74012100
0 0.72896200 0.65287000 0.13344900 0.69426000
