3 0.41511800 0.26069700 0.09656500 0.12477600
3 0.42328300 0.27671000 0.07742100 0.09121200
3 0.72255100 0.26210600 0.07066400 0.07430200
3 0.70622200 0.26787100 0.03800700 0.06123500
3 0.50520800 0.27427600 0.07685800 0.07250800
3 0.90808000 0.50922400 0.06784900 0.08583100
3 0.90667200 0.53177000 0.04983100 0.03971300
0 0.42919500 0.35114000 0.22100200 0.30617500
0 0.68933000 0.35178100 0.13992100 0.25570100
0 0.90259000 0.57148300 0.19482000 0.21137600
0 0.53279800 0.35472700 0.14780400 0.23187300
0 0.96790500 0.44171200 0.06418900 0.29772000
