3 0.31607100 0.15502500 0.08300000 0.15491800
3 0.31692900 0.13199100 0.10700000 0.19798600
3 0.41157100 0.41643500 0.08085700 0.15406000
3 0.41321400 0.39061500 0.09014300 0.20784200
3 0.56785700 0.30640700 0.08342900 0.14227600
3 0.57164300 0.27287300 0.10071400 0.20420000
3 0.69600000 0.42586200 0.09542900 0.15320300
3 0.71057100 0.36104600 0.16114300 0.27812300
0 0.73985700 0.53289100 0.43314300 0.62481300
0 0.21892900 0.37304500 0.32128600 0.70495000
0 0.57835700 0.42457700 0.15957100 0.50503500
0 0.43728600 0.46400300 0.25228600 0.42746900
