3 0.27483200 0.81486700 0.03126200 0.03222200
3 0.26592800 0.82391200 0.01266300 0.01469800
3 0.51187200 0.36616700 0.03838500 0.03985300
3 0.51365300 0.37563600 0.02690900 0.02091600
3 0.40502600 0.42693600 0.03284500 0.04267900
3 0.25425400 0.43357800 0.04155100 0.03278700
3 0.24594400 0.43866600 0.02413900 0.02317700
0 0.53601100 0.42509900 0.11278200 0.16054300
1 0.40601500 0.41817400 0.04590400 0.02741700
1 0.51088200 0.35867700 0.04590400 0.03165600
1 0.28551600 0.80667000 0.05104900 0.01695900
0 0.25009900 0.43852500 0.04986100 0.04550600
0 0.30332400 0.85231800 0.11594800 0.10881900
0 0.39988100 0.44460100 0.10011900 0.07801000
