3 0.71718800 0.62552100 0.04479200 0.10677100
3 0.26137200 0.46158900 0.02343800 0.04088500
3 0.22447900 0.47656200 0.01875000 0.03593700
3 0.42378500 0.36393200 0.01805600 0.03411500
3 0.75842000 0.18984400 0.00434000 0.01041700
3 0.75512200 0.18684900 0.00468700 0.00911500
3 0.42474000 0.37252600 0.01197900 0.01640600
3 0.48750000 0.40481800 0.00937500 0.01432300
3 0.71501700 0.65169300 0.03454900 0.05599000
3 0.57656200 0.38841100 0.01423600 0.02265600
3 0.22456600 0.48489600 0.01406300 0.01770800
3 0.27309000 0.42760400 0.01076400 0.01250000
0 0.23411500 0.51757800 0.04149300 0.11380200
0 0.26779500 0.52487000 0.05399300 0.16224000
0 0.27161500 0.43945300 0.03385400 0.09088500
0 0.68958300 0.73580700 0.13541700 0.33776000
0 0.38203100 0.37656300 0.03836800 0.09583300
0 0.49470500 0.43893200 0.06718700 0.12109400
0 0.57326400 0.41770800 0.04895800 0.11041700
0 0.64175300 0.44309900 0.06336800 0.16588500
0 0.44053800 0.38216100 0.04774300 0.07526000
