3 0.26636900 0.41372800 0.15506000 0.18504500
3 0.39769300 0.47221000 0.11592300 0.16942000
3 0.61183000 0.39944200 0.14568500 0.19263400
3 0.83564000 0.68270100 0.10104200 0.15468800
1 0.27373500 0.39006700 0.14538700 0.13995500
1 0.39814000 0.46361600 0.10937500 0.15446400
1 0.60520800 0.40245500 0.12797600 0.19598200
1 0.83697900 0.68270100 0.09806500 0.16629500
0 0.20863100 0.65714300 0.27113100 0.68571400
0 0.41354200 0.54129500 0.25565500 0.91339300
0 0.72232100 0.55691975 0.36250000 0.88616050
0 0.85334800 0.67221000 0.18050600 0.57343800
