3 0.36544600 0.41026700 0.02666700 0.06497900
3 0.42169000 0.30731400 0.03662000 0.05991600
3 0.53831000 0.40843900 0.03399100 0.05682100
3 0.80009400 0.16075900 0.13840400 0.26751100
3 0.82441300 0.14557000 0.23699500 0.29057700
3 0.54140800 0.38804500 0.07436600 0.09985900
3 0.42075100 0.29296800 0.04638500 0.09142100
3 0.35530500 0.39339000 0.04807500 0.09648400
0 0.53314600 0.44233500 0.10704200 0.20843900
0 0.42985900 0.38157500 0.11417800 0.26976100
0 0.77859175 0.50014075 0.44281650 0.99971850
