3 0.43997100 0.26125400 0.11281300 0.20086900
3 0.62895900 0.51040000 0.05899400 0.12853200
3 0.69654300 0.54719000 0.08776700 0.14684900
3 0.56168500 0.52080100 0.05733800 0.12077000
3 0.16000800 0.15461025 0.17760300 0.30922050
3 0.67429100 0.57482100 0.03581000 0.08848200
3 0.62637100 0.53027000 0.04843700 0.08506700
3 0.56075300 0.54408600 0.04471100 0.06674900
3 0.43521000 0.27584600 0.08217800 0.16175100
3 0.20409900 0.17929200 0.08693900 0.25240600
0 0.64986500 0.58103100 0.10204900 0.27475900
0 0.72811000 0.72058400 0.29745400 0.51288400
0 0.46460400 0.57544200 0.36493500 0.84911500
0 0.58797400 0.58677400 0.09625300 0.24526500
0 0.24011600 0.49611900 0.48023200 0.99223800
