3 0.33737500 0.45575000 0.04075000 0.05083300
3 0.31350000 0.44191700 0.09000000 0.08150000
3 0.46550000 0.43400000 0.05150000 0.04333300
3 0.45662500 0.42900000 0.07025000 0.05233300
3 0.69462500 0.45766700 0.05825000 0.04333300
3 0.69350000 0.44983300 0.07000000 0.06000000
3 0.76862500 0.45541700 0.04575000 0.05183300
3 0.78637500 0.44858300 0.08275000 0.06550000
3 0.25150000 0.43966700 0.04750000 0.04433300
0 0.47450000 0.55800000 0.19600000 0.30933300
0 0.26912500 0.48516700 0.16625000 0.13400000
0 0.70287500 0.57325000 0.17325000 0.31283300
0 0.28112500 0.58841700 0.32575000 0.37516700
