3 0.32135400 0.27232100 0.08080400 0.15580400
3 0.32247000 0.31227700 0.06607100 0.07366100
3 0.45863100 0.45133900 0.10892900 0.19330400
3 0.46756000 0.48002200 0.08750000 0.13549100
3 0.61116100 0.22042400 0.11488100 0.21317000
3 0.61584800 0.27109400 0.09211300 0.11138400
3 0.64642900 0.48917400 0.11071400 0.20334800
3 0.61183000 0.50937500 0.04122000 0.16383900
0 0.35915200 0.41138400 0.15848200 0.51250000
0 0.42567000 0.56562500 0.30253000 0.42098200
0 0.57991100 0.66685300 0.36190500 0.56004500
0 0.68192000 0.32868300 0.26979200 0.43683000
