3 0.19142900 0.47903000 0.01736100 0.04248900
3 0.26123900 0.47642500 0.01955400 0.03947400
3 0.37518300 0.46038900 0.01827500 0.03865100
3 0.37289800 0.46792800 0.01297500 0.02083300
3 0.47450700 0.48835000 0.02284400 0.04632700
3 0.47185700 0.50027400 0.01169600 0.01973700
1 0.47322700 0.48094800 0.02832600 0.03481400
0 0.48656800 0.52042200 0.07291700 0.11376100
0 0.35462400 0.49355800 0.07182000 0.10553700
0 0.17214900 0.51343200 0.08150600 0.10964900
0 0.25749300 0.51096500 0.06396200 0.09594300
