3 0.59750900 0.42796600 0.06532000 0.15254200
3 0.20559200 0.32009200 0.08975600 0.14230200
3 0.06485000 0.38100300 0.08223700 0.13629900
3 0.59974200 0.46822000 0.04769700 0.06567800
1 0.05321900 0.37305800 0.09046100 0.09074900
1 0.59880200 0.39371500 0.08247200 0.09110200
1 0.27361400 0.37358800 0.08059200 0.09463300
1 0.19842600 0.30596800 0.08905100 0.10416700
2 0.58423400 0.64159600 0.16987800 0.28460500
2 0.31050300 0.59992900 0.05662600 0.29590400
2 0.22591600 0.58562900 0.15813000 0.33933600
2 0.05521600 0.60310700 0.11043200 0.25353100
0 0.59034300 0.65730900 0.24365600 0.65218900
