3 0.43818500 0.43951100 0.08793600 0.13613400
3 0.43868400 0.40694000 0.11445700 0.20074400
3 0.21894300 0.29034800 0.10249300 0.16644500
3 0.20997000 0.26296200 0.12243300 0.21962200
3 0.57258200 0.26708300 0.09671000 0.12470100
3 0.57507500 0.21789400 0.12482600 0.22520600
3 0.73479600 0.46131300 0.09810600 0.14889700
3 0.74267200 0.42289300 0.11784600 0.22946000
0 0.59371900 0.45626200 0.23150500 0.70247300
0 0.17068800 0.48497700 0.30907300 0.66578000
0 0.46191400 0.57378400 0.28614200 0.52326500
0 0.83778675 0.58867300 0.32442650 0.57006100
