3 0.77534900 0.21128000 0.13547200 0.23779900
3 0.38655300 0.26867500 0.09657600 0.17729100
3 0.27667900 0.24004000 0.08327800 0.13595600
3 0.15949100 0.31885000 0.10123000 0.15114500
3 0.74202100 0.24265400 0.06682200 0.14716100
3 0.39320100 0.28386500 0.07430200 0.13645400
3 0.28856400 0.25336200 0.05984000 0.11479100
3 0.17661200 0.33080200 0.06865000 0.12375500
0 0.18492400 0.61616000 0.21226700 0.75124500
0 0.74252000 0.54444700 0.29122300 0.91110600
0 0.39120700 0.58677800 0.19697500 0.81847600
0 0.28382600 0.57731575 0.16971400 0.84536850
