3 0.39136600 0.43952700 0.02799700 0.07191400
3 0.50888500 0.43273800 0.04476100 0.08951500
3 0.65792100 0.47234100 0.07527200 0.14659300
3 0.79555700 0.39037000 0.08834900 0.25119400
3 0.40377200 0.41526300 0.06186100 0.11641900
3 0.52330300 0.40771900 0.08231300 0.13754100
3 0.67703300 0.44895600 0.11416600 0.20694000
3 0.87351200 0.34951000 0.25297600 0.46467200
0 0.48608500 0.48654800 0.23487000 0.31078700
0 0.62900300 0.59668100 0.28700800 0.51546400
0 0.42363800 0.47271800 0.16529800 0.23233600
0 0.78784600 0.58335400 0.42430800 0.83329100
