3 0.44846000 0.30020600 0.04025600 0.08028400
3 0.44411400 0.29311500 0.04925300 0.09309200
3 0.52592300 0.33600200 0.03934100 0.07731000
3 0.53446200 0.32456500 0.05672500 0.09835300
3 0.81671200 0.33645900 0.05764000 0.09560800
3 0.83501100 0.30443700 0.09820100 0.16148200
3 0.27782900 0.32170600 0.04391600 0.12237000
3 0.25663300 0.31312900 0.08508700 0.13952400
0 0.20501700 0.32971200 0.02058600 0.04963400
3 0.20608400 0.32124900 0.01296100 0.03087800
3 0.20852400 0.32490900 0.00716700 0.02172900
0 0.52943000 0.50377400 0.10674000 0.49611200
0 0.42574000 0.50331700 0.12046400 0.51212300
0 0.73734400 0.56610200 0.38289100 0.69396200
0 0.29559300 0.57330700 0.37343700 0.66857300
