3 0.36673900 0.63900900 0.02083300 0.03807500
3 0.41523000 0.39403700 0.01772000 0.03520100
3 0.46946800 0.12643700 0.01939700 0.03448300
3 0.71252400 0.64062500 0.02514400 0.03987100
3 0.72042600 0.36637900 0.02227000 0.04525900
3 0.71934900 0.37823300 0.01580500 0.01867800
3 0.75047900 0.06016500 0.02059400 0.04274400
1 0.36661900 0.63326100 0.02490400 0.02514400
1 0.47018700 0.12176700 0.02466500 0.02801700
1 0.71228400 0.64080500 0.02370700 0.03951100
1 0.41558900 0.39260100 0.02562300 0.03160900
1 0.72078500 0.35955500 0.02442500 0.02945400
1 0.75191600 0.05334100 0.02251000 0.02981300
2 0.41858200 0.45941100 0.03927200 0.09842000
2 0.46791200 0.17223400 0.03592000 0.06932500
2 0.76592400 0.09626400 0.04478000 0.07830500
2 0.73515300 0.41163800 0.03831400 0.08046000
2 0.71635500 0.70833300 0.05340000 0.11422400
2 0.36506200 0.70007200 0.04046900 0.09626400
0 0.70079000 0.75269400 0.08644600 0.27550300
0 0.72581400 0.45995000 0.05890800 0.23814700
0 0.76784000 0.14996400 0.06106300 0.24030200
0 0.47785000 0.21264400 0.07112100 0.22413800
0 0.42409000 0.47701100 0.06465500 0.20689700
0 0.38014800 0.73850600 0.07207900 0.24353400
