3 0.67152800 0.28216100 0.07569400 0.15182300
3 0.22699700 0.31614600 0.08316000 0.13333300
3 0.23776000 0.49401000 0.12899300 0.21250000
3 0.15902800 0.15651000 0.04652800 0.08802100
3 0.66788200 0.30351600 0.06319400 0.10182300
3 0.23975700 0.33645800 0.05694400 0.08541700
3 0.16371500 0.18645800 0.03055600 0.04062500
0 0.61119800 0.44739600 0.24218800 0.47916700
0 0.23307300 0.42630200 0.21614600 0.32552100
0 0.18585100 0.20273400 0.10399300 0.17786500
0 0.28038200 0.69648400 0.27430600 0.60703100
