0 0.22510900 0.50325000 0.12965600 0.46990600
0 0.33550000 0.48690600 0.06471900 0.38528100
0 0.39718700 0.63311700 0.16212500 0.65129700
0 0.54978900 0.54004700 0.07814100 0.46515600
0 0.67435200 0.62228900 0.13635900 0.48723400
1 0.36268000 0.32378900 0.03017200 0.04126600
1 0.44418700 0.32189100 0.05412500 0.06746900
1 0.48156300 0.40391400 0.03968700 0.04445300
1 0.54487500 0.41398400 0.03968800 0.04443800
1 0.68806300 0.42405500 0.04981200 0.04445300
2 0.23839800 0.43913300 0.09489100 0.18267200
2 0.34703100 0.44132000 0.05031200 0.12376600
2 0.48806300 0.49887500 0.06175000 0.12375000
2 0.56501600 0.48953100 0.09487500 0.12375000
1 0.25474200 0.30474200 0.03967200 0.04445300
2 0.39168800 0.53339800 0.10212500 0.27051600
2 0.66787500 0.56146900 0.09487500 0.19712500
