0 0.91465600 0.65621900 0.17068800 0.67159400
0 0.73177300 0.58214100 0.12098400 0.57284400
0 0.33053900 0.62412500 0.13332800 0.60246900
0 0.47498400 0.60683600 0.18518800 0.77035900
0 0.58980500 0.57967200 0.10370300 0.40987500
1 0.33540600 0.39301600 0.06790600 0.09053100
1 0.48355500 0.29939800 0.08848400 0.08435900
1 0.58437500 0.43314100 0.03496900 0.03496900
1 0.72017200 0.36111700 0.06378100 0.07201600
1 0.95474200 0.39610200 0.07614100 0.08023400
2 0.33232000 0.54939800 0.11523400 0.24279700
2 0.47223400 0.63582000 0.19753100 0.41564100
2 0.58951600 0.54425000 0.07818800 0.17078100
2 0.72120300 0.52058600 0.13581200 0.20576600
2 0.92644500 0.62861700 0.14710900 0.29835900
