0 0.54836700 0.61523400 0.18107800 0.60493800
0 0.77778900 0.68107800 0.12964100 0.44443700
0 0.84671900 0.61318000 0.25103100 0.62964100
2 0.77597700 0.64058600 0.15779700 0.23376600
2 0.68614800 0.55194500 0.20367200 0.27295300
2 0.53354700 0.50227300 0.18809400 0.25107800
2 0.37770300 0.54978100 0.19675000 0.30281200
2 0.23387500 0.58863300 0.18181300 0.27704700
0 0.09260200 0.61729700 0.15020300 0.68725000
0 0.23355500 0.66564800 0.17695300 0.56173400
0 0.37141400 0.63684400 0.19342200 0.57818800
0 0.67182800 0.63478100 0.14403100 0.54115600
