2 0.09199200 0.39826600 0.15779700 0.31146900
2 0.18506200 0.42964800 0.14046900 0.33139100
2 0.30735900 0.39167200 0.12100000 0.24675000
2 0.35053900 0.43398400 0.11254700 0.29675000
2 0.47413300 0.39600000 0.14285900 0.24675000
2 0.61482800 0.35714100 0.14718700 0.19503100
2 0.68387500 0.58766400 0.16450000 0.24870300
2 0.91553100 0.48376600 0.16893800 0.33137500
3 0.91110900 0.28564100 0.07440600 0.07346900
3 0.09354700 0.21084400 0.10240600 0.07740600
3 0.19047700 0.24846900 0.06667200 0.06668800
3 0.32325000 0.26871900 0.05596900 0.05715600
3 0.35539800 0.27407000 0.03692200 0.03692200
3 0.49000000 0.25382800 0.05593800 0.05834400
3 0.60903100 0.25085200 0.04881200 0.04048400
3 0.67332800 0.48543000 0.05359400 0.05954700
0 0.07623425 0.47282800 0.15246850 0.59156200
0 0.17246900 0.44356200 0.14003100 0.48150000
0 0.30321900 0.47353900 0.11859400 0.45867200
0 0.35251600 0.32707800 0.04859400 0.14003100
0 0.47253900 0.43998400 0.12289100 0.41440600
0 0.59400000 0.41281300 0.12575000 0.38581300
0 0.67830500 0.57714100 0.16289100 0.26290600
0 0.89192200 0.50426600 0.17575000 0.48868700
