8 0.24568800 0.33355500 0.11728100 0.05760900
8 0.47923400 0.23993000 0.09465600 0.05554700
8 0.71791400 0.27903100 0.09464100 0.03909400
9 0.14281300 0.76153100 0.10906200 0.11521900
9 0.42573400 0.63601600 0.07818800 0.09053100
9 0.69630500 0.57635200 0.11317200 0.10289100
9 0.93088300 0.53314100 0.13785900 0.04528100
6 0.13252300 0.28622700 0.12139100 0.22632800
6 0.23643000 0.52799200 0.36214100 0.65226600
6 0.49054700 0.50227300 0.26543700 0.71604700
6 0.79096100 0.49816400 0.36007800 0.70370300
7 0.24260200 0.29651600 0.13992200 0.15637500
7 0.47511700 0.20495300 0.13579700 0.15431300
7 0.71585900 0.24507800 0.11934400 0.15637500
7 0.13972700 0.25124200 0.11523400 0.12345300
8 0.15103900 0.29239800 0.08435900 0.03704700
5 0.27716400 0.63635900 0.35498400 0.43312500
5 0.48918000 0.46103900 0.27726600 0.35085900
5 0.75227300 0.54870300 0.32251600 0.48246900
