2 0.14816400 0.65800800 0.21860900 0.23354700
2 0.18506200 0.58657800 0.16256200 0.33743700
0 0.24459400 0.31926600 0.07381300 0.07596900
0 0.23268000 0.38528100 0.16689100 0.15562500
0 0.09307800 0.47294500 0.10843700 0.14523400
2 0.31601600 0.59307800 0.18159400 0.35043700
2 0.48052300 0.58225000 0.19892200 0.30756200
2 0.50432800 0.44469500 0.15171900 0.14070300
2 0.77597700 0.55519500 0.16254700 0.37857800
3 0.78246900 0.73918000 0.06256200 0.06298400
6 0.12553100 0.58232000 0.19546900 0.41564100
6 0.20680500 0.44651600 0.18107800 0.27984400
6 0.35083600 0.55453900 0.18107800 0.43826600
6 0.53189800 0.54939800 0.23045300 0.30864100
6 0.49795300 0.37552300 0.14609400 0.17901600
6 0.76646900 0.53499200 0.14403100 0.44854700
6 0.86009400 0.49693000 0.17900000 0.55760900
6 0.65125000 0.44857000 0.09053100 0.28395300
0 0.32468000 0.32683600 0.06948400 0.06082800
0 0.35931200 0.39404700 0.14740600 0.12121900
0 0.51071100 0.33646900 0.10823400 0.08440600
0 0.59404700 0.46644500 0.14068700 0.13614100
0 0.75540600 0.33452300 0.08203100 0.07142200
0 0.92640600 0.25973400 0.06946900 0.07381200
