7 0.74874200 0.20333600 0.11145300 0.09573400
8 0.72874200 0.22334400 0.06857800 0.03000000
9 0.45439800 0.33622700 0.06573400 0.09001600
9 0.75946900 0.50768800 0.06715600 0.06715600
9 0.68016400 0.48411700 0.04285900 0.08001600
3 0.40253100 0.87331200 0.11471900 0.17965600
3 0.70664100 0.72720300 0.12121900 0.08225000
3 0.35274200 0.86248400 0.09307800 0.14934400
5 0.76075800 0.47071100 0.17748400 0.45239100
5 0.34733600 0.59084400 0.33767200 0.41125000
6 0.33507800 0.52412500 0.35293800 0.52012500
7 0.31650800 0.34694500 0.16145300 0.13432800
6 0.73589100 0.45482000 0.21718800 0.61585900
