3 0.31707800 0.74755500 0.02990600 0.03479700
0 0.68104700 0.46878100 0.05040600 0.03600000
2 0.34471100 0.55633600 0.08995300 0.10548400
3 0.36150000 0.75057800 0.03481300 0.03834400
3 0.47662500 0.75179700 0.04081300 0.03834400
3 0.52521100 0.75782800 0.04207800 0.03840600
3 0.64748400 0.76139100 0.03481200 0.03834400
3 0.68704700 0.75779700 0.03481300 0.03834400
6 0.68020300 0.59988300 0.12146900 0.35679700
6 0.51135900 0.60207000 0.12146900 0.35679700
6 0.34975000 0.60828900 0.12146900 0.35679700
5 0.50937500 0.56157800 0.10359400 0.14296900
2 0.67146100 0.56657000 0.08995300 0.13310900
0 0.50359400 0.45923400 0.05040600 0.03600000
0 0.33932800 0.46043700 0.05040600 0.03600000
