6 0.48230500 0.57666400 0.11314100 0.38035900
0 0.14925800 0.40084400 0.04285900 0.03015600
0 0.27624200 0.39607800 0.05239100 0.03968800
0 0.22941400 0.41989800 0.03173400 0.02698400
0 0.48417200 0.41592200 0.05237500 0.03809400
0 0.37465600 0.41353900 0.03968700 0.03332800
0 0.60560200 0.38576600 0.06348400 0.03809400
0 0.66989100 0.42385900 0.03334400 0.02540600
6 0.38359400 0.53213300 0.07462500 0.29129700
6 0.15971900 0.55740600 0.06981300 0.34184400
6 0.29211700 0.58148400 0.10832800 0.42850000
6 0.06000000 0.59110900 0.12000000 0.49590600
2 0.16218000 0.49814800 0.07770300 0.11367200
2 0.54418700 0.48160200 0.03884400 0.06042200
2 0.67296900 0.49454700 0.06906200 0.09496900
5 0.01418000 0.65124200 0.02835900 0.04604700
2 0.38576600 0.51116400 0.05237500 0.10476600
2 0.48021100 0.51830500 0.07935900 0.12857800
2 0.61274200 0.52147700 0.11904700 0.12223400
5 0.12477300 0.61743000 0.04892200 0.05035900
5 0.34707000 0.60303900 0.04460900 0.05035900
2 0.90639800 0.50878100 0.18570300 0.20475000
5 0.23556200 0.59657000 0.03453100 0.04892200
6 0.67728100 0.48289800 0.09496900 0.14389100
5 0.48735200 0.44116400 0.04317200 0.01151600
6 0.38807800 0.53685200 0.10071900 0.27770300
5 0.60606200 0.41239800 0.05612500 0.01726600
6 0.15857800 0.54404700 0.10503100 0.37553100
6 0.06597700 0.58577300 0.13195300 0.46473400
6 0.61397700 0.59296100 0.14964100 0.48201600
6 0.48663300 0.57138300 0.12229700 0.38129700
6 0.29167200 0.57425800 0.13525000 0.42157800
6 0.87173400 0.55915600 0.25653100 0.66187500
6 0.87050000 0.55018800 0.24525000 0.65962500
6 0.67852300 0.52853100 0.09142200 0.32737500
6 0.60628100 0.59713300 0.12037500 0.47423400
0 0.09528900 0.40799200 0.04920300 0.03492200
5 0.75714100 0.81886700 0.07912500 0.12804700
0 0.85719500 0.27068000 0.15714100 0.08729700
0 0.03814800 0.38497700 0.06507800 0.04285900
2 0.06513300 0.52544500 0.12857800 0.14285900
5 0.03987500 0.41886700 0.05756200 0.01870300
5 0.28160200 0.42318000 0.03742200 0.01582800
2 0.28973400 0.51671900 0.10159400 0.12540600
