0 0.74566400 0.43024200 0.12654700 0.08629700
0 0.64743700 0.28460900 0.22731300 0.13671900
0 0.80896900 0.54174200 0.06612500 0.07910900
0 0.92178900 0.58207000 0.08454700 0.07039100
0 0.96781200 0.52807800 0.06437500 0.08628100
0 0.20033600 0.33527300 0.12654700 0.08629700
0 0.28813300 0.37487500 0.12654700 0.08628100
0 0.41185200 0.31800800 0.15248400 0.11657800
6 0.59966400 0.55565600 0.41432800 0.68368700
6 0.36743000 0.50645300 0.29173400 0.57146900
6 0.90859400 0.73468700 0.18281200 0.53062500
5 0.48916400 0.65146900 0.11914100 0.11912500
5 0.37260900 0.60575800 0.11912500 0.11914100
5 0.30353900 0.56777300 0.11914100 0.11914100
5 0.23793000 0.54877300 0.11914100 0.11914100
5 0.18095300 0.51769500 0.11912500 0.11914100
5 0.11533600 0.48316400 0.11914100 0.11914100
5 0.06353900 0.44518000 0.11914100 0.11914100
5 0.84225000 0.74561700 0.11912500 0.11914100
