7 0.44857000 0.46067200 0.08642200 0.08887500
5 0.13088300 0.58868000 0.25107800 0.35498400
5 0.20881300 0.54863300 0.14718700 0.27489100
5 0.34083600 0.62871900 0.29870300 0.30518800
5 0.42200800 0.48802300 0.14501600 0.15801600
5 0.50967200 0.60707000 0.28137500 0.34848400
5 0.70556200 0.47179700 0.16234400 0.34631200
5 0.80836700 0.44906200 0.21645300 0.37878100
7 0.80660200 0.22363300 0.13579700 0.09876600
7 0.69302300 0.24708600 0.09629700 0.10123400
7 0.21894500 0.40635200 0.07654700 0.08395300
7 0.08560900 0.37671900 0.09628100 0.07406300
7 0.33499200 0.46810200 0.07160900 0.07401600
8 0.08314100 0.40511700 0.07159400 0.03704700
8 0.21771100 0.41993000 0.04939100 0.02717200
8 0.42063300 0.42871900 0.03732800 0.01721900
8 0.44288300 0.48733600 0.05023400 0.01579700
8 0.33879700 0.50313300 0.05168800 0.02248400
8 0.77707000 0.24003100 0.08057800 0.03771900
8 0.69476600 0.28460900 0.07715600 0.03771900
3 0.66978900 0.71091400 0.10489100 0.05967200
3 0.72840600 0.75103900 0.11521900 0.08642200
6 0.82510900 0.52984400 0.20987500 0.68518700
6 0.68416400 0.49692200 0.16667200 0.60287500
6 0.50412500 0.59157800 0.18518700 0.27365600
6 0.40639100 0.64198400 0.34362500 0.42387500
6 0.10494525 0.56996900 0.20989050 0.44443700
6 0.21503100 0.44548400 0.12962500 0.12962500
6 0.39712500 0.45268800 0.11934400 0.13990600
