5 0.19363300 0.39997700 0.10476600 0.19048400
5 0.45553900 0.42458600 0.15873400 0.18254700
6 0.45893800 0.52034400 0.31003100 0.56431200
10 0.02701600 0.56764800 0.05081200 0.07885900
10 0.35730500 0.62810200 0.05082800 0.07885900
10 0.36080500 0.74025800 0.05082800 0.07885900
10 0.51502300 0.75077300 0.05082800 0.07885900
10 0.73407800 0.73675800 0.05081200 0.07885900
10 0.56934400 0.63511700 0.05081200 0.07885900
10 0.66748400 0.60006200 0.05081200 0.07887500
10 0.80417200 0.76478900 0.05081200 0.07885900
10 0.77613300 0.68768000 0.05082800 0.07885900
10 0.27148400 0.65614800 0.07009400 0.05257800
7 0.20225800 0.24957000 0.07185900 0.03504700
7 0.45718800 0.26183600 0.07184400 0.03504700
7 0.52028100 0.24256300 0.07184400 0.03506200
7 0.67800000 0.24432000 0.07184400 0.03504700
7 0.76386700 0.27235200 0.07185900 0.03504700
8 0.22503900 0.28200000 0.03679700 0.01928100
8 0.69026600 0.27760900 0.03681300 0.01928100
6 0.15501600 0.46775800 0.31003100 0.48542200
6 0.83396900 0.51066400 0.31003100 0.55898400
5 0.66108600 0.38013300 0.11904700 0.17301600
