10 0.72882000 0.77530500 0.06132800 0.04907800
9 0.39059400 0.55449200 0.07184400 0.05607800
9 0.73057000 0.54924200 0.07185900 0.05607800
5 0.71268000 0.44998400 0.12064100 0.19206200
5 0.28331200 0.52061700 0.24921900 0.19048400
6 0.35735200 0.57377300 0.45914100 0.52223400
6 0.72886700 0.54310900 0.21379700 0.56953100
7 0.27928100 0.35113300 0.11409400 0.06326600
7 0.70253100 0.28637500 0.11409400 0.06325000
8 0.28813300 0.37663300 0.07535900 0.03329700
8 0.69727300 0.31441400 0.07535900 0.03329700
10 0.52471100 0.79721900 0.09639100 0.07184400
10 0.67016400 0.76479700 0.06132800 0.04906300
9 0.28111700 0.56501600 0.07185900 0.05609400
