2 0.17089100 0.83777300 0.23809400 0.30735900
2 0.66882800 0.58333600 0.49806200 0.66904700
0 0.19707800 0.62446100 0.13853100 0.11017200
0 0.15573400 0.28246900 0.10390600 0.06256300
6 0.66771100 0.47840600 0.57201600 0.93209400
6 0.17335925 0.74075000 0.34671850 0.41975000
6 0.18931300 0.38993000 0.21606200 0.31070300
1 0.69696900 0.77305500 0.30281300 0.26623400
1 0.57359400 0.77413300 0.22921900 0.28139100
1 0.20335900 0.90941400 0.16450000 0.08873400
1 0.15043000 0.90400800 0.15823400 0.10389100
1 0.21536700 0.48084400 0.11492200 0.09740600
1 0.16017200 0.48585900 0.07812500 0.08015600
0 0.64404700 0.07153900 0.24459400 0.14285900
2 0.17857000 0.42651600 0.17120300 0.20346900
