0 0.92799200 0.41873400 0.10904700 0.12140600
6 0.14634400 0.26510900 0.06171900 0.23703100
6 0.42411700 0.24165600 0.11851600 0.21481300
6 0.54753100 0.37128100 0.12850000 0.21728100
6 0.58338300 0.20832000 0.08642200 0.16295300
6 0.69078900 0.29103100 0.13826600 0.20987500
0 0.15536700 0.21914800 0.07407800 0.05967200
6 0.83522700 0.37621900 0.09135900 0.29134400
6 0.94016400 0.49227300 0.11357800 0.29629700
6 0.46115600 0.72189800 0.27159400 0.51851600
6 0.17350800 0.59474200 0.26914100 0.73826600
0 0.23149200 0.35186700 0.16873400 0.22632800
0 0.29219500 0.18210900 0.04320300 0.05143700
0 0.26853100 0.14713300 0.03703100 0.04320300
0 0.30660200 0.15844500 0.03498400 0.04939100
0 0.38170300 0.16976600 0.02468800 0.05143800
0 0.41256300 0.17696900 0.05762500 0.06996900
0 0.47635200 0.15227300 0.05760900 0.04526600
0 0.59363300 0.17593700 0.06173400 0.08025000
0 0.21091400 0.17285200 0.06995300 0.05348400
0 0.25207000 0.17285200 0.02879700 0.04939100
0 0.67799200 0.25824200 0.04939100 0.06379700
0 0.85083600 0.33025800 0.10289100 0.10082800
