2 0.35714100 0.70778900 0.19503100 0.15995300
2 0.41342200 0.64382800 0.19459400 0.16665600
2 0.40800800 0.52164100 0.08895300 0.09068800
2 0.51947700 0.40357000 0.09501600 0.14501600
6 0.41233600 0.50107800 0.12748400 0.14046900
6 0.40584400 0.38539100 0.11450000 0.17315600
6 0.39827300 0.62760200 0.23398400 0.25107800
6 0.35930500 0.72835900 0.19935900 0.23181300
6 0.43928900 0.46212500 0.14285900 0.38765600
6 0.52489100 0.45021900 0.11450000 0.33312500
6 0.62348400 0.45454700 0.12987500 0.39806300
6 0.64068700 0.32478100 0.09068800 0.21212500
6 0.68831200 0.48387500 0.12100000 0.44371900
6 0.86688300 0.46536700 0.16645300 0.41970300
2 0.64816400 0.33332800 0.06276600 0.09068700
2 0.45118700 0.41460900 0.08440600 0.14934400
0 0.37121100 0.55627300 0.09760900 0.07770300
2 0.67964800 0.46764100 0.09501600 0.20346900
2 0.86471900 0.48918000 0.14956200 0.25129700
2 0.61904700 0.42640600 0.12100000 0.18593700
0 0.38095300 0.46969500 0.07337500 0.06514100
0 0.38960900 0.31710200 0.06946900 0.05432800
0 0.41558600 0.30519500 0.06904700 0.07379700
0 0.51093000 0.31601600 0.05195300 0.05215600
0 0.55530500 0.31168800 0.05410900 0.05215600
0 0.60281200 0.30952300 0.07987500 0.07379700
0 0.65584400 0.28463300 0.07337500 0.06689100
0 0.68831200 0.31601600 0.06946900 0.08203100
0 0.84848400 0.31385200 0.10368800 0.11667200
