0 0.26973400 0.32849200 0.12803100 0.10645300
2 0.14707800 0.55971900 0.23521900 0.35931200
5 0.47793000 0.47453900 0.09323400 0.03107800
5 0.64714100 0.45208600 0.09325000 0.03107800
5 0.85435200 0.50039800 0.09323400 0.03107800
6 0.40972700 0.61337500 0.22617200 0.50387500
6 0.67995300 0.62543800 0.29009400 0.57287500
6 0.89608600 0.64618000 0.20782800 0.51076600
6 0.16299200 0.57020300 0.32598400 0.59709400
5 0.28455500 0.37957000 0.09323400 0.03107800
2 0.89316400 0.69423400 0.21367200 0.31190600
2 0.64493700 0.62090600 0.23521900 0.27150000
2 0.41040600 0.64680500 0.23521900 0.30892200
0 0.88015600 0.45612500 0.11500000 0.07193800
0 0.65286700 0.39496900 0.10645300 0.07337500
0 0.47871900 0.43313300 0.11787500 0.07189100
