2 0.50855500 0.47402300 0.24242200 0.19070300
3 0.82900000 0.49361700 0.07337500 0.06926600
6 0.60589100 0.48757800 0.68931200 0.30453100
3 0.83026600 0.49239800 0.06584400 0.06995300
1 0.62140600 0.59631300 0.09259400 0.06790600
1 0.60392200 0.36482800 0.09053100 0.05350000
3 0.86832800 0.42758600 0.06790600 0.07614100
2 0.49589800 0.47800000 0.22839100 0.17284400
0 0.31585200 0.48210900 0.07407800 0.11521900
1 0.62553900 0.59848400 0.10367200 0.07987500
1 0.60378900 0.36255500 0.07792200 0.06689100
0 0.32468000 0.48485200 0.06948400 0.11667200
3 0.87110200 0.42965600 0.08007800 0.08462500
