6 0.15267200 0.53844500 0.25481200 0.63407800
5 0.49881200 0.63687500 0.17943800 0.29675000
5 0.14460900 0.48157000 0.22271900 0.28376600
7 0.15647700 0.30043000 0.08148400 0.08395300
7 0.47869500 0.45350800 0.08889100 0.12345300
7 0.80091400 0.32882000 0.12592200 0.12592200
7 0.33055500 0.41153900 0.08392200 0.07901600
7 0.63301600 0.42141400 0.08146900 0.07407800
8 0.34214800 0.42598400 0.03676600 0.02412500
8 0.43185200 0.39635900 0.03445300 0.01262500
8 0.52601600 0.38143000 0.04134400 0.01951600
8 0.62881200 0.43023400 0.03675000 0.01378100
8 0.67675800 0.38630500 0.03732800 0.01320300
8 0.63484400 0.35759400 0.03503100 0.02009400
8 0.96879700 0.31421900 0.04571900 0.03287500
3 0.30878900 0.68859400 0.05485900 0.04971900
3 0.34343000 0.70420300 0.04114100 0.06515600
3 0.69922700 0.74878100 0.02914100 0.06515600
3 0.73865600 0.74878100 0.05315600 0.05143800
10 0.14109400 0.79539100 0.05487500 0.06921900
10 0.20968700 0.79836700 0.09465600 0.05760900
10 0.37341400 0.84510900 0.05035900 0.08000000
10 0.44750000 0.84514100 0.06812500 0.09784400
10 0.82822700 0.82437500 0.10667200 0.09778100
6 0.46823400 0.64513300 0.27553100 0.48004700
6 0.82822700 0.58437500 0.27257800 0.58371900
6 0.34179700 0.55971900 0.11431300 0.34868800
6 0.63329700 0.58328100 0.11431200 0.39581300
6 0.53112500 0.43967200 0.11287500 0.19718800
6 0.41182000 0.51254700 0.10573400 0.33721900
6 0.95739075 0.49540600 0.08521850 0.40293800
6 0.63471900 0.37823400 0.05715600 0.10003100
6 0.04387500 0.47325800 0.07859400 0.44439100
6 0.31178900 0.33822700 0.10001600 0.12573400
6 0.44753900 0.33179700 0.05429700 0.08715600
6 0.40181300 0.34465600 0.06000000 0.09859400
6 0.55113300 0.29750800 0.08429700 0.09573400
6 0.55542200 0.34393800 0.05287500 0.07715600
5 0.63420300 0.55725000 0.11709400 0.20131200
5 0.33550000 0.53777300 0.11709400 0.18398400
5 0.82468000 0.54653100 0.23398400 0.36125000
