3 0.68100000 0.76512500 0.05237500 0.08571900
0 0.18893700 0.16830500 0.11268700 0.04445300
0 0.50243000 0.15163300 0.10476600 0.06507800
0 0.73338300 0.12703100 0.11904700 0.06984400
4 0.19925800 0.20243000 0.07935900 0.02379700
4 0.52385900 0.19846100 0.08412500 0.01904700
4 0.72545300 0.17861700 0.08412500 0.03651600
1 0.66513300 0.45560900 0.05873400 0.05396900
1 0.11830500 0.52623400 0.02539100 0.04603100
3 0.17703100 0.81750800 0.07937500 0.06667200
3 0.21354700 0.78338300 0.03809400 0.04920300
3 0.46433600 0.80084400 0.07935900 0.06825000
3 0.53735200 0.78973400 0.09207800 0.07459400
3 0.77782800 0.81513300 0.10000000 0.07142200
2 0.50614100 0.49070300 0.18781200 0.49359400
2 0.20996900 0.48946900 0.18781200 0.49359400
2 0.72995300 0.46539100 0.18781200 0.49359400
6 0.20761700 0.50878100 0.23592200 0.75109400
6 0.50366400 0.48225000 0.23592200 0.75109400
6 0.75413300 0.46301600 0.23592200 0.75109400
6 0.20174200 0.49944500 0.28632800 0.72373400
6 0.50318000 0.48001600 0.21870300 0.73956300
6 0.73914800 0.46273400 0.21582800 0.79140600
5 0.48951600 0.33757800 0.07625000 0.06618700
2 0.20318700 0.53828900 0.23165600 0.54532800
2 0.50318700 0.48793000 0.16978100 0.50792200
2 0.72907800 0.46562500 0.16690600 0.49784400
