6 0.12013300 0.66558600 0.22748400 0.46557800
6 0.17857000 0.52272700 0.19717200 0.35692200
6 0.33235900 0.56179700 0.16234400 0.48268700
6 0.50443800 0.54436700 0.22078100 0.35692200
6 0.44804700 0.32900000 0.14740600 0.17293700
6 0.76514800 0.45562500 0.20973400 0.46559400
2 0.44282800 0.41899200 0.10159400 0.13326600
2 0.45791400 0.59839100 0.15714100 0.29840600
2 0.31506200 0.62934400 0.18253100 0.32221900
2 0.15950800 0.58807800 0.16348400 0.23968700
2 0.12458600 0.73728900 0.23651600 0.24604700
0 0.72061700 0.24998400 0.06667200 0.05556300
0 0.57299200 0.42378900 0.14285900 0.13651600
0 0.46108600 0.30235900 0.11904700 0.08731200
0 0.31108600 0.38648400 0.12698400 0.10000000
0 0.17299200 0.39283600 0.15873400 0.11904700
0 0.05553100 0.51585200 0.10793700 0.11429700
