1 0.52575000 0.50236700 0.02037500 0.01679700
1 0.47898400 0.51256300 0.02037500 0.02518800
1 0.48918000 0.32910900 0.01439100 0.02037500
6 0.47882800 0.34333600 0.08984400 0.16926600
1 0.45920300 0.32910900 0.01437500 0.01318700
6 0.51936700 0.53669500 0.09842200 0.22445300
6 0.46930500 0.20082800 0.09842200 0.10884400
5 0.31132800 0.92082000 0.07425000 0.05351600
5 0.46411700 0.95453100 0.07423400 0.05353100
6 0.56859400 0.76283600 0.09840600 0.22445300
0 0.51496100 0.45680500 0.03717200 0.02639100
2 0.46878900 0.33090600 0.05995300 0.05515600
2 0.45800000 0.19960900 0.05275000 0.05396900
2 0.56111700 0.71879700 0.06714100 0.08512500
2 0.52095300 0.51435200 0.06115600 0.06954700
