7 0.46507800 0.21111700 0.12540600 0.05714100
3 0.26506200 0.83648400 0.08253100 0.10159400
3 0.35950800 0.85792200 0.07142200 0.06825000
5 0.35077300 0.44125000 0.17776600 0.33334400
5 0.45712500 0.30712500 0.04443700 0.08412500
5 0.85314800 0.25871100 0.08095300 0.11745300
5 0.96110175 0.32061700 0.07779650 0.07935900
7 0.38807800 0.19363300 0.12540600 0.05714100
7 0.83174200 0.14127300 0.12539100 0.05714100
6 0.33093700 0.52775800 0.23656300 0.76032800
6 0.84445300 0.21748400 0.13484400 0.25878100
9 0.39125000 0.40871100 0.06190600 0.06189100
8 0.40950800 0.23252300 0.06667200 0.02698400
