0 0.74795300 0.30042200 0.04937500 0.03703100
6 0.10181300 0.50815600 0.20362500 0.56790600
6 0.28490600 0.49786700 0.21193700 0.53498400
6 0.51127300 0.48860200 0.17495300 0.63992200
6 0.78284400 0.55753100 0.14609400 0.55556300
6 0.70153900 0.42482000 0.06589100 0.35185900
6 0.60177300 0.39807000 0.05554700 0.23251600
0 0.31276600 0.28293800 0.07612500 0.05556300
0 0.04939800 0.29014100 0.08848400 0.06584400
0 0.50824200 0.22943000 0.08023400 0.05967200
0 0.80557000 0.31380500 0.07407800 0.07201600
0 0.59569500 0.30968000 0.03292200 0.03085900
0 0.40433600 0.30865600 0.02879700 0.02881200
0 0.35598400 0.32820300 0.03909400 0.03909400
0 0.22120300 0.30453900 0.04115600 0.03704700
0 0.26853100 0.30968000 0.02881300 0.04320300
2 0.09878100 0.43931200 0.17078100 0.19134400
2 0.27778900 0.45577300 0.19957800 0.21192200
2 0.51235900 0.38889800 0.14609400 0.18107800
2 0.78910900 0.45268700 0.11521900 0.16871900
2 0.73149200 0.38170300 0.09054700 0.11728100
2 0.60186700 0.36935900 0.04526600 0.05143700
2 0.22326600 0.34363300 0.05350000 0.04114100
3 0.08025800 0.74795300 0.06379700 0.07612500
3 0.15844500 0.73151600 0.09670300 0.06384400
3 0.45885900 0.74281200 0.09259400 0.09053100
3 0.56996900 0.74795300 0.07612500 0.10906300
3 0.74383600 0.75001600 0.08229700 0.06790600
3 0.81790600 0.76853100 0.06584400 0.10081200
3 0.69034400 0.57100000 0.05350000 0.05965600
