9 0.56818700 0.37446100 0.11493700 0.11667200
5 0.11054700 0.48264100 0.15803100 0.18765600
5 0.37598400 0.53203100 0.21975000 0.33581200
5 0.70190600 0.54684400 0.34815600 0.38025000
0 0.07597700 0.32462500 0.12345300 0.06418800
0 0.36733600 0.28882000 0.14320300 0.14567200
0 0.71918800 0.28141400 0.18025000 0.15060900
6 0.72196900 0.50854700 0.46103100 0.65800000
6 0.34859400 0.51190600 0.40259400 0.63440600
6 0.10606200 0.44264100 0.20800000 0.37425000
9 0.23484400 0.34729700 0.13181200 0.12337500
8 0.33452300 0.29751600 0.09307800 0.05843800
8 0.68182000 0.30097700 0.10801600 0.06926600
9 0.32359400 0.51514800 0.09718700 0.08635900
9 0.74892200 0.61039100 0.10843700 0.09503100
