0 0.42110200 0.38310900 0.10173400 0.08246900
0 0.24566400 0.38094500 0.11926600 0.07814100
6 0.21861700 0.54004700 0.21623400 0.45650000
6 0.39935200 0.55086700 0.22748400 0.44826600
6 0.76093000 0.52932800 0.24026600 0.48268800
6 0.58885200 0.54989100 0.22510900 0.45021900
5 0.22185900 0.57142200 0.21406200 0.30325000
5 0.41244500 0.59513300 0.18398400 0.31601600
5 0.75638300 0.59740600 0.22295300 0.34653100
0 0.72943800 0.37228900 0.11709400 0.09501600
0 0.55303100 0.36255500 0.11059400 0.07164100
