9 0.41256300 0.54836700 0.08025000 0.09054700
9 0.76132800 0.49589800 0.07406200 0.06789100
6 0.46708600 0.58026600 0.21810900 0.50000000
6 0.69443800 0.53396100 0.37237500 0.59670300
7 0.61625800 0.30147700 0.15842200 0.13576600
7 0.48251600 0.40844500 0.15843700 0.13992200
5 0.66974200 0.61110200 0.20164100 0.40329700
5 0.46912500 0.65019500 0.19959400 0.25514100
8 0.45885900 0.41256200 0.08640600 0.04937500
8 0.64918800 0.31276600 0.10906300 0.05556300
9 0.78601600 0.36729700 0.10700000 0.10700000
