0 0.78893700 0.10560900 0.24284400 0.14443700
1 0.11353900 0.43973400 0.14920300 0.20634400
1 0.42941400 0.42544500 0.15239100 0.18729700
2 0.22307000 0.64528900 0.38729700 0.59842200
1 0.85639800 0.67307000 0.14920300 0.19682800
1 0.48735200 0.61116400 0.13492200 0.16507800
5 0.74275000 0.19296900 0.12518700 0.04746900
6 0.24347700 0.48721100 0.45323400 0.92660900
6 0.73411700 0.48001600 0.48201600 0.89784400
6 0.25646100 0.48786700 0.44770300 0.92207800
6 0.75969500 0.49628900 0.44770300 0.92207800
2 0.76275000 0.61195300 0.37459400 0.59525000
5 0.23915600 0.20303900 0.13381300 0.04460900
0 0.23418000 0.10639800 0.15873400 0.13651600
