5 0.80066400 0.52807000 0.25432800 0.30370300
2 0.27881300 0.52060200 0.26337500 0.29214100
0 0.73869500 0.30351600 0.10904700 0.09259400
0 0.56484400 0.27735900 0.14406300 0.10909400
0 0.27882000 0.26194500 0.17695300 0.10698400
6 0.44140600 0.62683600 0.35062500 0.46667200
6 0.25498400 0.43053900 0.30371900 0.50864100
6 0.59202300 0.45399200 0.25679700 0.50617200
6 0.80189800 0.51572700 0.28148400 0.52592200
5 0.45000000 0.68856200 0.37281300 0.25431200
5 0.62288300 0.48856300 0.27407800 0.22962500
