9 0.71861700 0.40693000 0.10410900 0.10410900
7 0.45227300 0.23812500 0.16017200 0.14312500
6 0.46536700 0.53463300 0.35951600 0.84435900
7 0.84199200 0.11085200 0.19501600 0.16954700
9 0.11471900 0.63203100 0.07337500 0.08203100
9 0.24134400 0.53668700 0.08853100 0.08659400
9 0.47185900 0.37348400 0.08203100 0.10606300
8 0.83225000 0.10605500 0.11925000 0.06948400
9 0.83225000 0.34739800 0.11450000 0.13614100
9 0.41558600 0.42196900 0.06904700 0.10821900
5 0.83178100 0.37524200 0.28393800 0.32839100
5 0.50092200 0.42215600 0.22468800 0.22962500
5 0.25523400 0.58017200 0.19259400 0.20000000
6 0.19924200 0.63635900 0.37229700 0.59762500
8 0.45238300 0.25028900 0.10801600 0.07785900
8 0.23365600 0.44404700 0.09525000 0.07143800
7 0.24242200 0.46525800 0.16428100 0.17317200
6 0.81055475 0.48593000 0.37889050 0.93310900
