5 0.45562500 0.49350800 0.06687500 0.11276600
6 0.37229700 0.35389800 0.16471900 0.38332800
6 0.45335900 0.48160200 0.08875000 0.19242200
6 0.51190600 0.51612500 0.07121900 0.29653100
6 0.64621100 0.55843700 0.24026600 0.58896900
6 0.70021900 0.47294500 0.14090600 0.32229700
5 0.38636700 0.34859400 0.14914100 0.25540600
5 0.51298400 0.47629700 0.08203100 0.12987500
5 0.68831200 0.51298400 0.11234400 0.26384400
0 0.68182000 0.35606300 0.09545300 0.09328100
0 0.61915600 0.34632000 0.09956300 0.07770300
0 0.57359400 0.35725000 0.03875000 0.05628100
0 0.50432800 0.42424200 0.05215600 0.05173400
0 0.45454700 0.42640600 0.05215600 0.04740600
0 0.38635900 0.21525800 0.06687500 0.06710900
2 0.56277300 0.48268000 0.04782800 0.15995300
2 0.64285900 0.54545300 0.21190600 0.30281300
