3 0.87550000 0.81994500 0.07818800 0.14607800
4 0.19237500 0.14402300 0.07818700 0.05760900
3 0.16460200 0.85800800 0.11317200 0.12345300
3 0.21397700 0.76027300 0.05554700 0.12551600
3 0.27878900 0.71295300 0.05760900 0.18312500
3 0.33846100 0.69237500 0.04939100 0.15431200
0 0.18002300 0.08743000 0.12757800 0.07201600
0 0.33332000 0.21191400 0.07201600 0.11110900
0 0.44031200 0.25512500 0.06378100 0.11934400
3 0.39916400 0.68414800 0.04732800 0.13785900
3 0.80554700 0.81068700 0.05350000 0.14403100
3 0.45265600 0.68105500 0.05143800 0.12345300
3 0.51335900 0.69957800 0.05350000 0.11521900
3 0.58228900 0.71089800 0.05967200 0.12551600
3 0.64710900 0.74381200 0.04115600 0.10493800
6 0.17128100 0.47474200 0.20000000 0.92098400
6 0.32436700 0.48091400 0.12098400 0.71604700
6 0.43424200 0.48584400 0.11851600 0.59753100
6 0.55523400 0.51179700 0.14328100 0.58515600
6 0.69597700 0.49078900 0.12839100 0.71604700
6 0.85400000 0.58708600 0.17284400 0.67654700
2 0.42900000 0.40739100 0.11521900 0.24690600
2 0.31480500 0.39093000 0.11317200 0.28395300
2 0.17796900 0.36932800 0.14815600 0.36009400
0 0.88476600 0.34772700 0.08025000 0.08642200
0 0.70780500 0.19649200 0.06379700 0.09670300
0 0.56788300 0.28599200 0.05967200 0.07407800
2 0.55451600 0.47324200 0.11934400 0.24279700
2 0.70368800 0.40225000 0.11728100 0.27778100
2 0.86212500 0.54628100 0.14609400 0.30246900
3 0.71191400 0.76027300 0.07201600 0.13373400
