1 0.52760200 0.75660200 0.05760900 0.07314100
1 0.38489100 0.66243800 0.08871900 0.09825000
1 0.44124200 0.72061700 0.08873400 0.07314100
0 0.58872700 0.45204700 0.07910900 0.07559400
0 0.72541400 0.80397700 0.07910900 0.04795300
0 0.82673400 0.75957800 0.06590600 0.06478100
2 0.39865600 0.47060900 0.18706200 0.23746900
2 0.50421100 0.57614100 0.13439100 0.17509400
2 0.71765600 0.93015600 0.10312500 0.13968700
2 0.82317200 0.90976575 0.10803100 0.18046850
3 0.40050000 0.88246100 0.07787500 0.12835900
3 0.49820300 0.90225000 0.07671900 0.07918700
6 0.50987500 0.67138300 0.23475000 0.55254700
6 0.19794525 0.41078100 0.39589050 0.82156200
6 0.71102300 0.85726575 0.13635900 0.28546850
6 0.83879700 0.85726575 0.13634400 0.28546850
4 0.34469500 0.11688300 0.11870300 0.02757800
2 0.25239800 0.23200000 0.20989100 0.40412500
1 0.20500800 0.51855500 0.08873400 0.07314100
3 0.11686700 0.78474200 0.09470300 0.16426600
3 0.25535900 0.95682000 0.13909400 0.08635900
3 0.03235925 0.76315600 0.06471850 0.14268800
1 0.10368800 0.47721900 0.07553100 0.09837500
0 0.51553900 0.35189800 0.07910900 0.09954700
