6 0.11188300 0.52140600 0.18254700 0.62381200
8 0.47301600 0.28412500 0.07459400 0.03175000
8 0.35714100 0.28729700 0.07459400 0.03175000
8 0.14046100 0.27934400 0.07460900 0.03175000
7 0.52539800 0.25872700 0.10476600 0.03651600
7 0.44444500 0.25396900 0.10476600 0.03650000
7 0.34761700 0.25396900 0.10476600 0.03650000
7 0.12696100 0.24363300 0.10476600 0.03651600
9 0.51904700 0.33968700 0.06665600 0.08412500
9 0.57143000 0.33015600 0.06667200 0.08412500
9 0.64603100 0.30634400 0.06665600 0.08412500
5 0.44603100 0.43809400 0.12696900 0.19206200
9 0.19997700 0.35632800 0.06667200 0.08412500
5 0.12697700 0.44126600 0.12698400 0.19206300
9 0.39682000 0.35714100 0.06667200 0.08412500
5 0.33013300 0.44362500 0.12698400 0.19206200
6 0.58571100 0.51587500 0.18254700 0.62381200
6 0.48412500 0.51587500 0.18253100 0.62381200
6 0.30000000 0.52539100 0.18253100 0.62381200
8 0.52222700 0.29047700 0.07460900 0.03173400
