9 0.46958600 0.77910900 0.10823400 0.11256200
5 0.45989100 0.56173400 0.10287500 0.25103100
5 0.62757800 0.55247700 0.24896900 0.33539100
6 0.41775000 0.54426600 0.36775000 0.58225000
6 0.62002300 0.50876600 0.43073400 0.66234400
7 0.48257800 0.37110200 0.16450000 0.15367200
7 0.56926600 0.29112500 0.19934400 0.22706300
8 0.47392200 0.36471900 0.12987500 0.07596900
8 0.53354700 0.29220300 0.14912500 0.09068700
9 0.28896100 0.61039100 0.15779700 0.10368700
9 0.43278900 0.76514800 0.12120300 0.12748400
