1 0.54772700 0.60173400 0.04329700 0.05215600
0 0.67099200 0.44156300 0.08635900 0.08246900
0 0.50216400 0.45778900 0.08635900 0.07598400
3 0.46536700 0.77921900 0.07379700 0.06946900
1 0.61688300 0.65800800 0.04782800 0.07770300
1 0.47835900 0.62760200 0.03875000 0.05195300
2 0.68831200 0.58008600 0.15171900 0.22098400
2 0.52921900 0.64166400 0.14956300 0.30085900
3 0.54545300 0.77272700 0.05215600 0.08635900
6 0.51955500 0.61832800 0.15226600 0.44650000
6 0.68417200 0.62553100 0.16871900 0.47325000
