1 0.86593800 0.22543800 0.15875000 0.15556200
1 0.71989100 0.22068000 0.13968800 0.12064100
1 0.47147700 0.15084400 0.12857800 0.16190600
1 0.33735200 0.10560200 0.13332800 0.07460900
0 0.66332800 0.55283600 0.27443800 0.82089100
2 0.70875000 0.70242200 0.35875000 0.58890600
2 0.64606200 0.65878100 0.22693800 0.46350000
2 0.37781200 0.54445300 0.30000000 0.51109400
2 0.13335900 0.45960200 0.26515600 0.56673400
0 0.22637500 0.46621100 0.44718800 0.92201600
0 0.37055500 0.51886700 0.44201600 0.96173400
0 0.74176600 0.56475800 0.48000000 0.87048400
0 0.58206300 0.56734400 0.45409400 0.86531200
0 0.35641400 0.51796900 0.33939100 0.94375000
0 0.20889100 0.50469500 0.41778100 0.98942200
0 0.75721900 0.57931300 0.35628100 0.81128100
