0 0.56212500 0.48186700 0.23956200 0.57220300
2 0.38732800 0.54492200 0.11284400 0.06359400
2 0.46282800 0.44364800 0.10559400 0.14148400
2 0.35252300 0.43043000 0.10557800 0.14148400
1 0.58868000 0.26435900 0.09107800 0.06593700
1 0.48564100 0.33335900 0.05996900 0.03953100
1 0.45620300 0.35068000 0.06103100 0.05042200
1 0.12893800 0.33035900 0.06837500 0.04790600
1 0.36930500 0.33573400 0.09107800 0.06593700
0 0.13633600 0.50159400 0.15460900 0.41275000
0 0.33732000 0.48811700 0.12145300 0.35679700
0 0.46166400 0.42493700 0.11323400 0.21387500
0 0.65639800 0.49435900 0.17532800 0.43971900
