2 0.81902300 0.56902300 0.16507800 0.17935900
2 0.64521900 0.53013300 0.20159400 0.18095300
2 0.35317200 0.53168000 0.18900000 0.13651600
2 0.48886700 0.59125000 0.13651600 0.12221900
2 0.21188300 0.52378900 0.21110900 0.13651600
1 0.50474200 0.45633600 0.09842200 0.08095300
1 0.78252300 0.45712500 0.13332800 0.06350000
1 0.61585900 0.41112500 0.16828100 0.11118700
1 0.38728900 0.42457800 0.12698400 0.07778100
1 0.19681300 0.39125000 0.16190600 0.10318800
0 0.20847700 0.48271900 0.25323400 0.30215600
0 0.37467200 0.51438300 0.16834400 0.27914100
0 0.49049200 0.51725800 0.14389100 0.23885900
0 0.80272700 0.54675000 0.17267200 0.27193800
0 0.61711700 0.49423400 0.24748400 0.29065600
