2 0.71428900 0.51828900 0.12142200 0.28789100
0 0.20568000 0.54621900 0.20576600 0.62346900
0 0.41864100 0.62029700 0.17078100 0.67284400
0 0.59560200 0.59663300 0.14607800 0.74073400
0 0.70876600 0.61308600 0.10493800 0.69135900
2 0.59957000 0.47402300 0.12532800 0.27295300
1 0.21644500 0.30518800 0.08635900 0.08246900
1 0.41460900 0.33766400 0.08875000 0.10410900
1 0.59090600 0.27381300 0.08203100 0.09718800
1 0.70454700 0.31807800 0.09718700 0.09090600
2 0.21212500 0.49134400 0.12100000 0.29415600
2 0.39285900 0.55952300 0.18809400 0.30973400
