2 0.30952300 0.60486700 0.16860900 0.23592200
1 0.56179700 0.32889800 0.10606200 0.08657800
1 0.32240600 0.43831200 0.09090600 0.07987500
1 0.56493700 0.46644500 0.09112500 0.09329700
0 0.52573400 0.36318000 0.26337500 0.18723400
0 0.57100000 0.53087500 0.17284400 0.22634400
0 0.69753900 0.59466400 0.20370300 0.25926600
0 0.29733600 0.48766400 0.12757800 0.19342200
0 0.38993000 0.56585900 0.19342200 0.29218700
2 0.69383600 0.63852300 0.24892200 0.16860900
1 0.68722700 0.49772700 0.11882800 0.09092200
2 0.37348400 0.60162500 0.30953100 0.22943700
2 0.51407000 0.39707800 0.22748400 0.20562500
2 0.60271100 0.60075800 0.20995300 0.21860900
