0 0.75120192 0.35336538 0.13221154 0.08173077
1 0.75120192 0.38942308 0.13701923 0.15865385
0 0.56250000 0.35096154 0.10576923 0.08173077
1 0.56250000 0.38100962 0.10576923 0.14663462
0 0.12259615 0.04206731 0.13942308 0.07932692
0 0.12860577 0.31610577 0.15144231 0.09375000
0 0.27043269 0.35096154 0.13221154 0.07692308
1 0.70192308 0.41225962 0.05769231 0.11778846
1 0.27043269 0.39062500 0.13701923 0.16105769
1 0.12980769 0.36298077 0.15384615 0.19230769
2 0.81250000 0.57211538 0.26442308 0.51923077
2 0.67668269 0.58413462 0.11298077 0.46153846
2 0.53245192 0.56250000 0.24759615 0.50000000
2 0.26682692 0.58052885 0.17788462 0.54086538
2 0.12620192 0.54326923 0.23317308 0.54326923
5 0.74278846 0.39903846 0.08173077 0.08653846
5 0.55769231 0.39302885 0.07692308 0.08413462
5 0.30528846 0.41466346 0.03846154 0.09375000
5 0.17427885 0.40625000 0.03605769 0.10096154
5 0.70312500 0.43629808 0.04567308 0.06490385
