3 0.08052885 0.43012048 0.06009615 0.06987952
3 0.01923077 0.46024096 0.03365385 0.05783133
3 0.14543269 0.46506024 0.04086538 0.04337349
3 0.20552885 0.44337349 0.04086538 0.06746988
3 0.23197115 0.46024096 0.02644231 0.03373494
3 0.26682692 0.45662651 0.03846154 0.05060241
3 0.33293269 0.45060241 0.03125000 0.03373494
3 0.39543269 0.44457831 0.04086538 0.04578313
3 0.43389423 0.44216867 0.03125000 0.04578313
3 0.50721154 0.44457831 0.03365385 0.05060241
3 0.53605769 0.44939759 0.02403846 0.03614458
3 0.59615385 0.43012048 0.04807692 0.05542169
3 0.69230769 0.44578313 0.05288462 0.05783133
3 0.66586538 0.43493976 0.03365385 0.04578313
3 0.74038462 0.44216867 0.03365385 0.04578313
3 0.82331731 0.42289157 0.04567308 0.05542169
3 0.96754808 0.43132530 0.06009615 0.06746988
5 0.02043269 0.45783133 0.02644231 0.03373494
5 0.07451923 0.43253012 0.03846154 0.04578313
5 0.20793269 0.44457831 0.02644231 0.03614458
5 0.27043269 0.45903614 0.02644231 0.03132530
5 0.23197115 0.46024096 0.02163462 0.02409639
5 0.33052885 0.45542169 0.02163462 0.01927711
5 0.39783654 0.44337349 0.03125000 0.02891566
5 0.43028846 0.44337349 0.02403846 0.02891566
5 0.50480769 0.44457831 0.02884615 0.03132530
5 0.53365385 0.45301205 0.01923077 0.01927711
5 0.60096154 0.43253012 0.03846154 0.03614458
5 0.69831731 0.44457831 0.03605769 0.03614458
5 0.74038462 0.45542169 0.02403846 0.02409639
5 0.83052885 0.42530120 0.03125000 0.03614458
5 0.97475962 0.43855422 0.04086538 0.04337349
4 0.02283654 0.59638554 0.04086538 0.34939759
4 0.08173077 0.61204819 0.15865385 0.44337349
4 0.14182692 0.59397590 0.04807692 0.29638554
4 0.19831731 0.59638554 0.12259615 0.37349398
4 0.28365385 0.57710843 0.08173077 0.29638554
4 0.33293269 0.53614458 0.07932692 0.21445783
4 0.40144231 0.56385542 0.09615385 0.28433735
4 0.44471154 0.53975904 0.05769231 0.24096386
4 0.50360577 0.57590361 0.08894231 0.30843373
4 0.59254808 0.58915663 0.11778846 0.37831325
4 0.65985577 0.56867470 0.04567308 0.31807229
4 0.70312500 0.61566265 0.11298077 0.39759036
4 0.74519231 0.50361446 0.05288462 0.17831325
4 0.82331731 0.56506024 0.10817308 0.33493976
4 0.94711538 0.61445783 0.10576923 0.42891566
