2 0.44951923 0.55288462 0.62500000 0.55288462
2 0.72956731 0.54326923 0.19951923 0.57692308
0 0.69591346 0.04687500 0.10336538 0.06971154
1 0.69831731 0.04447115 0.10336538 0.08413462
0 0.55889423 0.03125000 0.12740385 0.05769231
0 0.55408654 0.32331731 0.15144231 0.09375000
1 0.55528846 0.36778846 0.15384615 0.18269231
0 0.69471154 0.29086538 0.10576923 0.06730769
1 0.69591346 0.32211538 0.10817308 0.12019231
5 0.67668269 0.34615385 0.03605769 0.05769231
5 0.53725962 0.40625000 0.07451923 0.08653846
