2 0.15024038 0.58554217 0.20913462 0.42409639
2 0.38701923 0.57590361 0.16826923 0.44337349
4 0.60817308 0.59156627 0.16826923 0.42650602
2 0.83653846 0.60000000 0.21634615 0.41927711
0 0.40504808 0.02289157 0.06971154 0.04096386
0 0.16947115 0.40240964 0.08894231 0.05301205
1 0.16947115 0.42168675 0.08894231 0.09638554
0 0.40264423 0.37831325 0.07451923 0.04337349
1 0.40144231 0.40240964 0.07211538 0.08674699
3 0.59134615 0.41927711 0.07211538 0.08192771
0 0.80889423 0.42168675 0.10336538 0.05783133
1 0.80889423 0.44457831 0.10336538 0.10361446
5 0.78725962 0.47108434 0.03605769 0.05060241
5 0.57211538 0.43132530 0.02403846 0.04819277
5 0.41105769 0.42048193 0.02884615 0.05060241
5 0.17908654 0.44337349 0.04086538 0.04819277
