2 0.09975962 0.51081731 0.13221154 0.20432692
2 0.19471154 0.50120192 0.13461538 0.18028846
2 0.21634615 0.43750000 0.12500000 0.18269231
2 0.43269231 0.45913462 0.14423077 0.14423077
2 0.68990385 0.46754808 0.13461538 0.19951923
2 0.82211538 0.64543269 0.10576923 0.11298077
0 0.82572115 0.59975962 0.03125000 0.02163462
0 0.71274038 0.37860577 0.03605769 0.02163462
0 0.44951923 0.41225962 0.03846154 0.05048077
0 0.20432692 0.38701923 0.05769231 0.05769231
0 0.10216346 0.42548077 0.06009615 0.03365385
0 0.15384615 0.43990385 0.04326923 0.06250000
0 0.58173077 0.77283654 0.03846154 0.02644231
0 0.58052885 0.92307692 0.04086538 0.02403846
2 0.56971154 0.89543269 0.09134615 0.08413462
2 0.56971154 0.80649038 0.09615385 0.08894231
1 0.44230769 0.41105769 0.05288462 0.05769231
1 0.71153846 0.39182692 0.04326923 0.04807692
1 0.10336538 0.43750000 0.06250000 0.05288462
5 0.70552885 0.39783654 0.02644231 0.02644231
