5 0.82932692 0.30769231 0.09134615 0.17788462
5 0.71274038 0.46033654 0.04567308 0.10336538
5 0.54086538 0.44350962 0.03365385 0.06971154
5 0.47475962 0.45192308 0.03125000 0.06250000
5 0.08293269 0.43149038 0.04567308 0.09375000
5 0.16105769 0.42307692 0.02403846 0.05769231
5 0.22956731 0.45552885 0.02163462 0.04567308
5 0.38822115 0.42067308 0.02644231 0.05288462
3 0.05528846 0.40745192 0.10576923 0.16105769
3 0.14062500 0.41105769 0.06971154 0.10096154
3 0.21394231 0.43389423 0.06250000 0.09375000
3 0.40384615 0.41586538 0.07211538 0.10096154
3 0.49158654 0.44230769 0.06490385 0.12019231
3 0.57572115 0.43509615 0.10336538 0.14903846
3 0.75600962 0.44350962 0.16105769 0.18028846
3 0.88701923 0.27403846 0.20673077 0.28846154
3 0.35697115 0.42908654 0.03605769 0.05048077
4 0.10096154 0.60216346 0.19711538 0.55528846
4 0.17307692 0.57451923 0.19230769 0.42788462
4 0.38822115 0.46634615 0.15625000 0.20192308
4 0.74879808 0.48557692 0.18028846 0.26923077
4 0.77764423 0.50600962 0.44471154 0.75240385
