0 0.33293269 0.26201923 0.03125000 0.02403846
0 0.48317308 0.51682692 0.05288462 0.04807692
1 0.33173077 0.26802885 0.02884615 0.03605769
1 0.48076923 0.52644231 0.05769231 0.06250000
3 0.04447115 0.57572115 0.07932692 0.08413462
3 0.20192308 0.55649038 0.08173077 0.09375000
3 0.40625000 0.58173077 0.06250000 0.08173077
3 0.69951923 0.53725962 0.07211538 0.06971154
3 0.83774038 0.48677885 0.05048077 0.05528846
3 0.88942308 0.50240385 0.05769231 0.06250000
4 0.04687500 0.69831731 0.08894231 0.32932692
4 0.18629808 0.68269231 0.18990385 0.36057692
4 0.38942308 0.70192308 0.15865385 0.31730769
2 0.49158654 0.66947115 0.12740385 0.35336538
4 0.68389423 0.63581731 0.13701923 0.26201923
4 0.88581731 0.58894231 0.13701923 0.23557692
4 0.82812500 0.58052885 0.06490385 0.24759615
2 0.34134615 0.38341346 0.11057692 0.26682692
