0 0.26682692 0.29397590 0.06730769 0.03855422
0 0.36658654 0.43614458 0.07451923 0.04337349
0 0.50000000 0.50361446 0.10576923 0.06746988
0 0.60937500 0.50361446 0.08413462 0.04819277
0 0.71754808 0.30481928 0.12259615 0.08915663
0 0.86899038 0.30481928 0.09855769 0.06024096
1 0.88341346 0.36265060 0.13221154 0.17590361
1 0.71995192 0.34578313 0.12740385 0.16626506
1 0.61057692 0.53373494 0.08653846 0.10361446
1 0.50240385 0.53493976 0.10576923 0.12530120
1 0.36899038 0.44939759 0.07451923 0.06987952
1 0.26802885 0.31325301 0.06971154 0.07710843
2 0.18269231 0.43734940 0.25961538 0.32530120
2 0.30769231 0.57108434 0.25480769 0.31807229
2 0.51923077 0.66024096 0.25000000 0.37590361
2 0.62860577 0.66506024 0.18028846 0.37108434
2 0.77644231 0.55903614 0.25480769 0.59277108
2 0.85697115 0.50481928 0.28125000 0.70602410
5 0.87379808 0.37108434 0.06009615 0.11566265
5 0.26081731 0.32891566 0.03125000 0.03132530
