5 0.30048077 0.31686747 0.04326923 0.06024096
5 0.38221154 0.31927711 0.03846154 0.04096386
5 0.53365385 0.33614458 0.03365385 0.05542169
5 0.58533654 0.33373494 0.04086538 0.06506024
5 0.73557692 0.33373494 0.02403846 0.04578313
5 0.77644231 0.33855422 0.03846154 0.05060241
5 0.85456731 0.32771084 0.03605769 0.06746988
0 0.05408654 0.28554217 0.10336538 0.07951807
0 0.04927885 0.02891566 0.09375000 0.05301205
0 0.28725962 0.03614458 0.07932692 0.04819277
0 0.28966346 0.26144578 0.07932692 0.05060241
0 0.38942308 0.27590361 0.06730769 0.04578313
0 0.38942308 0.02289157 0.06730769 0.04096386
0 0.61418269 0.02650602 0.09375000 0.04819277
0 0.90144231 0.03855422 0.12500000 0.07228916
0 0.54567308 0.27831325 0.05769231 0.03132530
0 0.61057692 0.27710843 0.10096154 0.05783133
0 0.75000000 0.29036145 0.04807692 0.03614458
0 0.79567308 0.29638554 0.07692308 0.05301205
0 0.89423077 0.25903614 0.12980769 0.07469880
0 0.98437500 0.31325301 0.03125000 0.03373494
1 0.98437500 0.37349398 0.03125000 0.14939759
1 0.89543269 0.29638554 0.13221154 0.14939759
1 0.79687500 0.31807229 0.07932692 0.09638554
1 0.75120192 0.31927711 0.05048077 0.08915663
1 0.61298077 0.31204819 0.10576923 0.12289157
1 0.54687500 0.31566265 0.06009615 0.10120482
1 0.39182692 0.29879518 0.06730769 0.08674699
1 0.29086538 0.29397590 0.07692308 0.11084337
1 0.05408654 0.32168675 0.10336538 0.15662651
1 0.28725962 0.03373494 0.07932692 0.06265060
2 0.07692308 0.54698795 0.14903846 0.61204819
2 0.26442308 0.53975904 0.18269231 0.60240964
2 0.38942308 0.51204819 0.12500000 0.51807229
2 0.52524038 0.53855422 0.13701923 0.54698795
2 0.62740385 0.55421687 0.16346154 0.61204819
2 0.73076923 0.54457831 0.08653846 0.53493976
2 0.77524038 0.54457831 0.14663462 0.54457831
2 0.85697115 0.54096386 0.23798077 0.62891566
