0 0.40985577 0.42289157 0.05048077 0.02650602
0 0.49759615 0.44337349 0.03846154 0.03855422
0 0.53846154 0.44819277 0.03846154 0.03373494
0 0.62259615 0.44096386 0.04807692 0.03855422
0 0.66225962 0.43614458 0.04086538 0.02891566
0 0.58774038 0.47108434 0.04567308 0.03132530
1 0.41105769 0.44096386 0.05288462 0.05783133
1 0.49759615 0.45662651 0.03846154 0.06024096
1 0.53966346 0.46024096 0.04086538 0.05783133
1 0.58653846 0.48795181 0.04326923 0.05542169
1 0.62139423 0.45060241 0.04567308 0.06265060
1 0.66466346 0.45301205 0.04086538 0.05783133
2 0.39903846 0.62289157 0.10096154 0.42168675
2 0.49879808 0.61566265 0.13221154 0.37831325
2 0.54326923 0.60000000 0.05769231 0.34216867
2 0.58774038 0.62168675 0.06490385 0.33253012
2 0.63942308 0.62530120 0.10576923 0.41204819
2 0.68990385 0.61566265 0.09134615 0.38313253
5 0.49879808 0.47228916 0.02644231 0.02409639
5 0.54567308 0.47469880 0.02403846 0.02409639
5 0.58894231 0.49879518 0.02403846 0.02409639
5 0.42548077 0.44939759 0.02884615 0.03614458
