2 0.40264423 0.68149038 0.06009615 0.23798077
2 0.53966346 0.66225962 0.15144231 0.25721154
4 0.64663462 0.43028846 0.11538462 0.25961538
3 0.62379808 0.32331731 0.04086538 0.05048077
5 0.62620192 0.32572115 0.02644231 0.03125000
0 0.52283654 0.55528846 0.04086538 0.03846154
0 0.39783654 0.58293269 0.05048077 0.04086538
1 0.40504808 0.58774038 0.06009615 0.04567308
3 0.62379808 0.01802885 0.03605769 0.03125000
1 0.52283654 0.55889423 0.04567308 0.05048077
5 0.62500000 0.01562500 0.02403846 0.02644231
