0 0.30649038 0.42650602 0.05528846 0.03855422
0 0.48076923 0.48433735 0.03846154 0.04819277
1 0.30168269 0.43614458 0.06490385 0.05783133
1 0.47475962 0.48554217 0.05048077 0.05060241
0 0.69951923 0.40843373 0.07211538 0.06506024
1 0.70552885 0.41566265 0.08413462 0.07951807
0 0.87139423 0.46265060 0.03125000 0.01445783
1 0.87139423 0.46867470 0.03125000 0.02650602
2 0.25721154 0.61084337 0.21153846 0.41204819
2 0.45552885 0.62650602 0.16105769 0.33253012
2 0.77163462 0.60481928 0.27403846 0.46265060
2 0.87740385 0.54578313 0.07211538 0.18554217
5 0.70192308 0.44457831 0.03365385 0.02650602
5 0.46875000 0.50000000 0.02403846 0.01686747
