5 0.21634615 0.42067308 0.11057692 0.16826923
5 0.77283654 0.34014423 0.06971154 0.09855769
5 0.95192308 0.36418269 0.08653846 0.14182692
0 0.14423077 0.29326923 0.25480769 0.17307692
0 0.81009615 0.24038462 0.18269231 0.12980769
0 0.15144231 0.07932692 0.25000000 0.15384615
0 0.80889423 0.12139423 0.18990385 0.11298077
0 0.94110577 0.24278846 0.11778846 0.12500000
0 0.94110577 0.11298077 0.11778846 0.12500000
5 0.78365385 0.03725962 0.08173077 0.06971154
5 0.95312500 0.03725962 0.07932692 0.06971154
1 0.14543269 0.36658654 0.25721154 0.31490385
1 0.80889423 0.28605769 0.18509615 0.21153846
1 0.93990385 0.30649038 0.11538462 0.25721154
1 0.81009615 0.08774038 0.18750000 0.17067308
1 0.93990385 0.08894231 0.12019231 0.17307692
2 0.30649038 0.51682692 0.60817308 0.62500000
2 0.80168269 0.49759615 0.27163462 0.64903846
2 0.90144231 0.50240385 0.19711538 0.64903846
