0 0.90264423 0.04457831 0.12740385 0.08433735
0 0.60096154 0.44939759 0.05769231 0.06024096
0 0.67668269 0.36867470 0.05048077 0.04819277
0 0.65985577 0.42650602 0.03605769 0.03855422
5 0.66947115 0.39638554 0.01201923 0.02650602
1 0.67668269 0.37590361 0.05048077 0.06265060
1 0.60096154 0.45903614 0.05769231 0.07951807
5 0.59495192 0.48192771 0.01682692 0.02409639
5 0.81370192 0.43012048 0.03605769 0.04578313
5 0.89903846 0.36144578 0.05288462 0.05783133
0 0.81250000 0.38192771 0.09615385 0.08433735
0 0.90384615 0.29518072 0.12500000 0.10361446
1 0.81250000 0.39638554 0.09615385 0.11325301
1 0.90504808 0.31686747 0.12740385 0.14698795
2 0.65865385 0.55421687 0.26442308 0.27469880
2 0.70673077 0.42650602 0.11057692 0.16867470
2 0.83653846 0.51325301 0.17307692 0.34698795
2 0.92187500 0.48795181 0.15625000 0.49397590
