5 0.44110577 0.40963855 0.03605769 0.05301205
5 0.56129808 0.36746988 0.03125000 0.04096386
5 0.30048077 0.37590361 0.03846154 0.05301205
5 0.64663462 0.37349398 0.03365385 0.03373494
0 0.28365385 0.30240964 0.11538462 0.08915663
0 0.36538462 0.32168675 0.05288462 0.04578313
0 0.43990385 0.34939759 0.09134615 0.07710843
0 0.56370192 0.31927711 0.06971154 0.06024096
0 0.65144231 0.33614458 0.06730769 0.06024096
1 0.28485577 0.33614458 0.11778846 0.15180723
1 0.36658654 0.33975904 0.05528846 0.07710843
1 0.44110577 0.37590361 0.09375000 0.12530120
1 0.56490385 0.34216867 0.07211538 0.10602410
1 0.65264423 0.34939759 0.06490385 0.08192771
0 0.28725962 0.03734940 0.12259615 0.06987952
2 0.22235577 0.56265060 0.21875000 0.60481928
2 0.33774038 0.49759036 0.11778846 0.40240964
2 0.41586538 0.59036145 0.16826923 0.54939759
2 0.53245192 0.54457831 0.13221154 0.50602410
2 0.64062500 0.53253012 0.13701923 0.44819277
