0 0.43269231 0.19277108 0.13461538 0.07228916
0 0.58173077 0.24578313 0.18750000 0.12048193
0 0.70793269 0.22771084 0.12259615 0.09879518
0 0.71033654 0.07108434 0.12259615 0.09879518
0 0.57451923 0.05783133 0.18750000 0.11084337
0 0.97115385 0.23855422 0.05769231 0.08674699
0 0.97115385 0.05301205 0.05769231 0.08674699
1 0.70793269 0.24698795 0.12259615 0.14216867
1 0.58052885 0.28433735 0.18990385 0.19277108
5 0.62500000 0.33373494 0.04807692 0.08915663
0 0.78245192 0.31325301 0.06971154 0.05783133
1 0.78485577 0.32771084 0.06490385 0.08192771
2 0.81850962 0.42771084 0.14663462 0.29156627
2 0.94350962 0.50240964 0.11298077 0.62891566
2 0.72235577 0.49759036 0.27163462 0.63373494
2 0.59014423 0.50361446 0.30528846 0.63614458
4 0.31370192 0.48313253 0.61778846 0.66746988
5 0.44951923 0.29036145 0.04326923 0.14216867
1 0.41947115 0.07469880 0.13221154 0.14457831
0 0.41947115 0.11084337 0.12740385 0.07710843
1 0.40625000 0.26265060 0.16346154 0.21686747
