0 0.57932692 0.32451923 0.03846154 0.03365385
0 0.62740385 0.52524038 0.04807692 0.03605769
0 0.84134615 0.46995192 0.05769231 0.04086538
0 0.08413462 0.53245192 0.05769231 0.04567308
1 0.57692308 0.33293269 0.02884615 0.05048077
1 0.62620192 0.53125000 0.05048077 0.04807692
1 0.84615385 0.48317308 0.06250000 0.06730769
1 0.08413462 0.55528846 0.06250000 0.08653846
5 0.10216346 0.57692308 0.02163462 0.04807692
5 0.57932692 0.35216346 0.02403846 0.02644231
5 0.85096154 0.50961538 0.03846154 0.03365385
2 0.88341346 0.62860577 0.17548077 0.36298077
2 0.67668269 0.62019231 0.14663462 0.24038462
2 0.55769231 0.43149038 0.12500000 0.24278846
2 0.06009615 0.68750000 0.11538462 0.36057692
