0 0.62139423 0.42771084 0.09375000 0.09879518
1 0.62139423 0.43493976 0.09375000 0.11807229
2 0.57331731 0.57710843 0.22355769 0.39759036
0 0.53605769 0.15783133 0.07692308 0.06024096
1 0.53605769 0.18192771 0.07692308 0.11325301
2 0.56850962 0.27710843 0.14663462 0.29879518
0 0.53485577 0.09156627 0.07932692 0.06746988
1 0.53846154 0.06867470 0.08653846 0.11807229
0 0.51081731 0.23614458 0.04567308 0.04819277
1 0.51201923 0.25421687 0.04807692 0.08433735
2 0.47836538 0.34819277 0.11057692 0.27710843
0 0.03966346 0.22409639 0.04086538 0.06746988
2 0.10697115 0.40722892 0.17548077 0.42891566
1 0.06129808 0.23373494 0.08894231 0.08674699
5 0.52884615 0.20361446 0.02884615 0.03132530
