0 0.13822115 0.45432692 0.10336538 0.07692308
0 0.43269231 0.42788462 0.08653846 0.07692308
0 0.50000000 0.42668269 0.07211538 0.05528846
0 0.96754808 0.46634615 0.06490385 0.04807692
2 0.17788462 0.62019231 0.18750000 0.41346154
2 0.40865385 0.60697115 0.22596154 0.43509615
2 0.52403846 0.61418269 0.12980769 0.42067308
2 0.93269231 0.64182692 0.13461538 0.39903846
1 0.14783654 0.47355769 0.12259615 0.10576923
1 0.43149038 0.45312500 0.07932692 0.10817308
1 0.50120192 0.45552885 0.06490385 0.08894231
1 0.96514423 0.49399038 0.06971154 0.09375000
5 0.17307692 0.47235577 0.04326923 0.05528846
5 0.44831731 0.47115385 0.02644231 0.04326923
5 0.48677885 0.46634615 0.02163462 0.03846154
