5 0.41105769 0.33373494 0.05288462 0.06024096
5 0.50120192 0.44457831 0.05528846 0.06024096
5 0.42668269 0.46144578 0.05048077 0.05542169
5 0.25841346 0.43132530 0.03605769 0.06746988
0 0.12500000 0.44939759 0.08653846 0.06024096
0 0.20552885 0.35903614 0.06490385 0.04337349
0 0.31370192 0.35421687 0.07932692 0.06746988
0 0.40985577 0.27951807 0.10336538 0.05783133
0 0.42307692 0.40481928 0.06730769 0.05301205
0 0.51201923 0.39156627 0.11057692 0.06024096
0 0.41586538 0.04457831 0.10096154 0.07469880
1 0.20673077 0.39156627 0.06730769 0.10361446
0 0.24158654 0.38313253 0.06490385 0.03855422
1 0.24278846 0.41807229 0.06730769 0.10361446
1 0.31610577 0.38433735 0.07932692 0.11807229
1 0.41105769 0.31445783 0.10576923 0.11807229
1 0.42307692 0.43734940 0.07692308 0.11807229
1 0.51562500 0.42771084 0.11298077 0.13253012
1 0.41826923 0.04457831 0.10096154 0.08433735
2 0.21634615 0.53373494 0.18750000 0.33975904
2 0.53004808 0.59638554 0.31490385 0.47469880
