5 0.44230769 0.34855769 0.01442308 0.01923077
0 0.44350962 0.32572115 0.02644231 0.02644231
1 0.44711538 0.33774038 0.02884615 0.04567308
2 0.44591346 0.41466346 0.09375000 0.19951923
4 0.43509615 0.69110577 0.04807692 0.09375000
0 0.53125000 0.60697115 0.03365385 0.04086538
1 0.53725962 0.61538462 0.04086538 0.05288462
2 0.55769231 0.70913462 0.08653846 0.24038462
0 0.67067308 0.59375000 0.03365385 0.02884615
1 0.67668269 0.60216346 0.04086538 0.04086538
2 0.66586538 0.67788462 0.09615385 0.19230769
