5 0.55408654 0.30769231 0.02644231 0.03846154
0 0.56250000 0.27283654 0.06250000 0.04567308
1 0.56370192 0.29086538 0.06009615 0.08173077
5 0.55649038 0.02283654 0.04086538 0.04086538
0 0.56129808 0.05769231 0.06490385 0.03846154
1 0.56370192 0.04086538 0.06971154 0.07692308
0 0.31370192 0.01562500 0.02163462 0.02644231
0 0.31490385 0.31490385 0.02884615 0.02403846
5 0.31009615 0.33413462 0.01923077 0.01442308
1 0.31730769 0.32451923 0.02884615 0.03846154
2 0.31971154 0.37500000 0.04807692 0.14423077
2 0.57932692 0.40024038 0.19711538 0.30048077
