3 0.08533654 0.45421687 0.09855769 0.09879518
3 0.26081731 0.40120482 0.11778846 0.12771084
3 0.43389423 0.46626506 0.17548077 0.20000000
3 0.56129808 0.47108434 0.04567308 0.06987952
3 0.73918269 0.47951807 0.06490385 0.08674699
3 0.88461538 0.45421687 0.05769231 0.07951807
5 0.06129808 0.46144578 0.05048077 0.06506024
5 0.24759615 0.42409639 0.08653846 0.07710843
5 0.41105769 0.49397590 0.10576923 0.14939759
5 0.56250000 0.47710843 0.03846154 0.04819277
5 0.73317308 0.49759036 0.04807692 0.05542169
5 0.88341346 0.46265060 0.04567308 0.04819277
4 0.90504808 0.63975904 0.15625000 0.46024096
4 0.74759615 0.65662651 0.16346154 0.42650602
4 0.50360577 0.61807229 0.36298077 0.51325301
4 0.10096154 0.63734940 0.16826923 0.46987952
4 0.19831731 0.60120482 0.36298077 0.52771084
4 0.57451923 0.49879518 0.12019231 0.13975904
