0 0.65264423 0.04939759 0.05528846 0.04578313
1 0.66105769 0.03734940 0.06730769 0.06987952
0 0.65745192 0.28313253 0.05048077 0.04578313
1 0.66225962 0.29518072 0.06490385 0.06987952
0 0.62019231 0.34096386 0.03846154 0.02650602
1 0.62379808 0.35421687 0.04086538 0.05301205
2 0.67307692 0.48554217 0.14423077 0.31566265
2 0.70432692 0.48433735 0.20673077 0.45301205
5 0.62379808 0.36024096 0.03125000 0.03614458
5 0.66225962 0.30722892 0.03605769 0.04096386
5 0.66346154 0.02530120 0.04326923 0.04096386
