0 0.90985577 0.24578313 0.11298077 0.08192771
1 0.90985577 0.28192771 0.11298077 0.15421687
2 0.80649038 0.53253012 0.31971154 0.65542169
0 0.63701923 0.22771084 0.08173077 0.06024096
1 0.63942308 0.25301205 0.08653846 0.11084337
2 0.67548077 0.50722892 0.18269231 0.62409639
0 0.19471154 0.31807229 0.13461538 0.08192771
1 0.19110577 0.35421687 0.13221154 0.14939759
2 0.19471154 0.56746988 0.32211538 0.58554217
0 0.27283654 0.31686747 0.05528846 0.05542169
1 0.27403846 0.33132530 0.05769231 0.08433735
2 0.29807692 0.38915663 0.10576923 0.20000000
0 0.52524038 0.37349398 0.06009615 0.04337349
1 0.52524038 0.39397590 0.06009615 0.07951807
2 0.52163462 0.50000000 0.12019231 0.44578313
0 0.63822115 0.06144578 0.07932692 0.06987952
1 0.63942308 0.05060241 0.08653846 0.09638554
0 0.91225962 0.05060241 0.10336538 0.07710843
1 0.91105769 0.04698795 0.11057692 0.08915663
5 0.91225962 0.31204819 0.07932692 0.07951807
5 0.63701923 0.27951807 0.04807692 0.05301205
5 0.20432692 0.39156627 0.06250000 0.07469880
5 0.63822115 0.02168675 0.06009615 0.03855422
5 0.51442308 0.41204819 0.02884615 0.03855422
