5 0.16586538 0.41346154 0.05288462 0.05769231
5 0.57331731 0.44951923 0.05528846 0.07211538
5 0.81730769 0.41947115 0.05288462 0.05528846
5 0.29326923 0.43149038 0.02403846 0.03125000
5 0.44350962 0.43509615 0.03125000 0.04326923
5 0.40264423 0.44591346 0.01201923 0.01682692
5 0.67788462 0.44230769 0.02403846 0.02884615
5 0.64543269 0.45072115 0.01682692 0.02644231
3 0.16346154 0.39903846 0.07692308 0.09615385
3 0.29086538 0.42788462 0.03365385 0.04807692
3 0.35817308 0.45312500 0.01923077 0.02644231
3 0.40024038 0.44110577 0.02644231 0.04086538
3 0.45673077 0.42788462 0.06250000 0.07211538
3 0.63341346 0.44230769 0.04086538 0.05288462
3 0.67548077 0.43509615 0.03846154 0.04807692
3 0.53125000 0.43509615 0.02403846 0.04326923
3 0.57331731 0.43750000 0.07451923 0.11057692
3 0.81490385 0.39302885 0.09134615 0.12259615
3 0.90625000 0.43990385 0.02884615 0.03846154
3 0.98918269 0.41826923 0.02163462 0.05288462
4 0.15985577 0.59495192 0.20432692 0.49759615
4 0.28966346 0.55889423 0.11778846 0.31490385
4 0.35937500 0.52644231 0.05048077 0.17788462
4 0.39663462 0.52524038 0.05288462 0.20432692
4 0.45793269 0.61899038 0.13701923 0.44951923
4 0.56971154 0.60456731 0.19230769 0.43990385
4 0.80769231 0.57812500 0.24519231 0.48798077
4 0.65264423 0.56730769 0.07932692 0.30769231
4 0.96995192 0.56009615 0.06009615 0.33653846
5 0.35817308 0.45552885 0.01442308 0.01682692
