5 0.75600962 0.48192771 0.01682692 0.01927711
5 0.53125000 0.50481928 0.00961538 0.01686747
5 0.77764423 0.50120482 0.00721154 0.00963855
0 0.65985577 0.48795181 0.03125000 0.02650602
0 0.75120192 0.46024096 0.03125000 0.02409639
0 0.77764423 0.49036145 0.02644231 0.02650602
0 0.57932692 0.50240964 0.04326923 0.03614458
0 0.52884615 0.48192771 0.03365385 0.01927711
1 0.75240385 0.46987952 0.03365385 0.04337349
1 0.77884615 0.49156627 0.02403846 0.02891566
1 0.66105769 0.48915663 0.03365385 0.02891566
1 0.58052885 0.50481928 0.04567308 0.04096386
5 0.58653846 0.52048193 0.00961538 0.01445783
1 0.53004808 0.49397590 0.03605769 0.04337349
2 0.73557692 0.56144578 0.07692308 0.23132530
2 0.68028846 0.58554217 0.11057692 0.22168675
2 0.56610577 0.60481928 0.09375000 0.24096386
2 0.50120192 0.56626506 0.09375000 0.19277108
