0 0.14543269 0.38313253 0.14182692 0.08674699
1 0.14543269 0.43132530 0.14182692 0.18313253
0 0.21033654 0.37108434 0.07451923 0.06746988
1 0.21153846 0.40722892 0.07692308 0.14457831
0 0.43028846 0.36987952 0.09134615 0.06987952
1 0.43149038 0.40120482 0.08894231 0.13253012
2 0.43990385 0.58795181 0.19711538 0.50602410
0 0.62019231 0.37228916 0.07211538 0.06024096
1 0.62500000 0.40722892 0.08173077 0.13012048
2 0.63221154 0.58795181 0.15384615 0.49156627
0 0.72956731 0.34578313 0.12740385 0.07951807
1 0.73076923 0.38674699 0.12980769 0.16144578
2 0.76442308 0.56867470 0.27884615 0.52530120
0 0.28725962 0.51204819 0.01682692 0.01686747
1 0.28725962 0.51686747 0.01682692 0.02650602
2 0.29086538 0.53855422 0.02884615 0.06987952
0 0.01081731 0.44698795 0.01682692 0.03132530
1 0.01081731 0.46867470 0.01682692 0.07469880
2 0.03004808 0.56265060 0.05528846 0.26265060
5 0.45072115 0.43614458 0.04567308 0.06265060
5 0.62860577 0.43132530 0.06009615 0.06746988
5 0.69831731 0.41325301 0.05048077 0.07951807
5 0.23076923 0.43734940 0.03365385 0.06506024
5 0.20072115 0.47108434 0.02644231 0.09397590
