5 0.38341346 0.40602410 0.05528846 0.07951807
5 0.69110577 0.35542169 0.06971154 0.09879518
0 0.37740385 0.34939759 0.10096154 0.06265060
0 0.70552885 0.29638554 0.14182692 0.08192771
0 0.70793269 0.03975904 0.13701923 0.06987952
1 0.70673077 0.03975904 0.14423077 0.07469880
1 0.37740385 0.39156627 0.10096154 0.14698795
1 0.70552885 0.33975904 0.14182692 0.16385542
3 0.21634615 0.51445783 0.01442308 0.01204819
4 0.21153846 0.53734940 0.02884615 0.05783133
2 0.34975962 0.58795181 0.24759615 0.53012048
2 0.62740385 0.54457831 0.43750000 0.57831325
