0 0.50120192 0.54927885 0.09375000 0.06971154
0 0.38221154 0.51802885 0.03365385 0.02163462
0 0.05889423 0.52283654 0.03605769 0.01201923
0 0.48197115 0.28365385 0.04086538 0.04807692
0 0.57211538 0.26201923 0.04326923 0.03846154
0 0.98798077 0.25841346 0.02403846 0.03605769
1 0.50000000 0.56971154 0.09134615 0.10096154
1 0.38341346 0.52644231 0.03125000 0.03365385
1 0.05769231 0.52884615 0.03846154 0.02403846
1 0.47956731 0.29687500 0.04567308 0.07451923
1 0.57091346 0.27524038 0.04086538 0.06490385
1 0.98677885 0.27163462 0.02644231 0.05288462
5 0.47596154 0.32211538 0.02403846 0.03365385
5 0.56250000 0.29567308 0.01442308 0.02403846
2 0.59975962 0.73798077 0.30528846 0.45673077
2 0.93149038 0.75480769 0.13701923 0.43269231
2 0.95552885 0.33052885 0.08894231 0.17548077
2 0.59615385 0.32932692 0.13942308 0.16826923
2 0.43028846 0.34975962 0.15384615 0.18028846
2 0.35937500 0.63942308 0.11298077 0.26442308
2 0.08293269 0.64423077 0.10336538 0.25961538
2 0.03966346 0.36418269 0.07451923 0.15625000
