0 0.19471154 0.39397590 0.09134615 0.06987952
0 0.31490385 0.40602410 0.06730769 0.06024096
0 0.53725962 0.37831325 0.07451923 0.05783133
0 0.70913462 0.34096386 0.09134615 0.06024096
0 0.71274038 0.06024096 0.08894231 0.05301205
0 0.53846154 0.02771084 0.07692308 0.05060241
0 0.19110577 0.02048193 0.08413462 0.03614458
1 0.19350962 0.41686747 0.09375000 0.11084337
1 0.31129808 0.42048193 0.06971154 0.09397590
1 0.53245192 0.39879518 0.06971154 0.08915663
1 0.70793269 0.36746988 0.08894231 0.11325301
1 0.70913462 0.04337349 0.09134615 0.08192771
5 0.22836538 0.44337349 0.02884615 0.04819277
5 0.32572115 0.43855422 0.03125000 0.04337349
5 0.51322115 0.42048193 0.03125000 0.05060241
5 0.69230769 0.39759036 0.03365385 0.06746988
5 0.68269231 0.02530120 0.03365385 0.04578313
2 0.16706731 0.57349398 0.16586538 0.43373494
2 0.31730769 0.57831325 0.14423077 0.42409639
2 0.56370192 0.56987952 0.17548077 0.44096386
2 0.77884615 0.55301205 0.26442308 0.48915663
