0 0.80168269 0.62530120 0.21394231 0.19036145
1 0.80528846 0.63132530 0.21634615 0.20240964
0 0.76923077 0.31445783 0.12500000 0.09879518
1 0.77043269 0.32771084 0.12740385 0.12530120
0 0.54567308 0.23012048 0.08653846 0.10843373
1 0.54927885 0.23253012 0.08894231 0.11325301
0 0.23317308 0.43132530 0.12980769 0.11084337
1 0.23437500 0.43855422 0.13221154 0.13012048
0 0.54567308 0.06746988 0.08653846 0.10602410
1 0.54567308 0.06626506 0.08653846 0.10843373
2 0.75000000 0.67349398 0.44711538 0.29156627
2 0.28846154 0.57590361 0.32211538 0.40000000
2 0.73557692 0.45783133 0.29326923 0.38554217
2 0.54206731 0.38072289 0.18509615 0.41445783
