0 0.34216867 0.47235577 0.10120482 0.09855769
1 0.33975904 0.49399038 0.11084337 0.14182692
2 0.27590361 0.70913462 0.24337349 0.56730769
0 0.54819277 0.47596154 0.09879518 0.07211538
1 0.54939759 0.49399038 0.10120482 0.10336538
2 0.54216867 0.59014423 0.24578313 0.30048077
0 0.61084337 0.35576923 0.06506024 0.06250000
1 0.61325301 0.36658654 0.06987952 0.08413462
2 0.63132530 0.42307692 0.10602410 0.19711538
0 0.43614458 0.11418269 0.04337349 0.03125000
1 0.43734940 0.12860577 0.04578313 0.06009615
2 0.44096386 0.17908654 0.11084337 0.16105769
0 0.48072289 0.10697115 0.04096386 0.04086538
1 0.47831325 0.11538462 0.04578313 0.06250000
0 0.62771084 0.06971154 0.03132530 0.03365385
1 0.63132530 0.08293269 0.03373494 0.05528846
2 0.63493976 0.18990385 0.08915663 0.27884615
0 0.61927711 0.20192308 0.04337349 0.04807692
3 0.67831325 0.16586538 0.04578313 0.04807692
4 0.67710843 0.27884615 0.07710843 0.27403846
5 0.43855422 0.14423077 0.01927711 0.02403846
5 0.48433735 0.13461538 0.01927711 0.01923077
5 0.63012048 0.09254808 0.02168675 0.02644231
5 0.66987952 0.17788462 0.01445783 0.02403846
5 0.60481928 0.39423077 0.02891566 0.02403846
