5 0.39543269 0.29277108 0.03125000 0.03132530
5 0.39543269 0.03614458 0.03605769 0.03373494
0 0.39423077 0.25421687 0.05769231 0.04578313
0 0.39423077 0.07590361 0.05769231 0.04578313
1 0.39543269 0.27349398 0.06009615 0.07951807
1 0.39423077 0.05903614 0.05769231 0.08433735
2 0.37740385 0.43855422 0.18269231 0.40963855
0 0.69831731 0.58072289 0.02644231 0.01927711
0 0.59375000 0.65421687 0.01442308 0.01204819
1 0.69831731 0.58554217 0.02644231 0.02891566
1 0.59375000 0.65903614 0.01442308 0.02168675
2 0.70432692 0.66626506 0.07692308 0.19036145
2 0.58052885 0.71445783 0.04567308 0.13253012
