0 0.81971154 0.58072289 0.08173077 0.06265060
5 0.80649038 0.63493976 0.03125000 0.03132530
1 0.82331731 0.60240964 0.08894231 0.10602410
2 0.86418269 0.70000000 0.20432692 0.29638554
0 0.83413462 0.46385542 0.02403846 0.03132530
1 0.83293269 0.46987952 0.02644231 0.04337349
2 0.83293269 0.50722892 0.06971154 0.11325301
0 0.20552885 0.51084337 0.04086538 0.03373494
1 0.20673077 0.52168675 0.04807692 0.05542169
2 0.21995192 0.65783133 0.17548077 0.32771084
0 0.08653846 0.46506024 0.03365385 0.02409639
1 0.08774038 0.47710843 0.03605769 0.04337349
2 0.08774038 0.56506024 0.08894231 0.22409639
0 0.42788462 0.43614458 0.01442308 0.01445783
1 0.42908654 0.44096386 0.01682692 0.02891566
2 0.42067308 0.46024096 0.04326923 0.06746988
0 0.52283654 0.44096386 0.01682692 0.02409639
2 0.51802885 0.45662651 0.04086538 0.05542169
5 0.09134615 0.48433735 0.01442308 0.01927711
