0 0.37500000 0.82932692 0.03846154 0.03365385
0 0.37500000 0.67187500 0.03365385 0.03605769
0 0.11177885 0.39783654 0.08894231 0.06009615
0 0.71033654 0.47355769 0.06971154 0.07211538
0 0.11538462 0.10817308 0.09134615 0.06250000
0 0.70913462 0.03365385 0.06730769 0.05769231
1 0.11899038 0.08653846 0.08894231 0.10096154
1 0.11538462 0.41586538 0.08653846 0.10096154
1 0.71394231 0.48437500 0.06730769 0.08894231
1 0.71274038 0.03245192 0.06490385 0.06009615
5 0.13581731 0.43750000 0.03125000 0.05769231
5 0.71394231 0.50961538 0.02884615 0.02884615
5 0.13221154 0.06250000 0.03846154 0.04326923
2 0.10937500 0.56009615 0.18990385 0.38461538
2 0.75240385 0.58533654 0.24038462 0.30528846
4 0.76682692 0.87139423 0.23076923 0.25721154
4 0.09735577 0.06971154 0.14182692 0.13461538
