2 0.28004808 0.41325301 0.14182692 0.38795181
2 0.49399038 0.61445783 0.12259615 0.27951807
2 0.73197115 0.63734940 0.10817308 0.25301205
0 0.74759615 0.52891566 0.04807692 0.03614458
1 0.74639423 0.53734940 0.05048077 0.05783133
0 0.48197115 0.48795181 0.04086538 0.03132530
1 0.48317308 0.50000000 0.04326923 0.05542169
0 0.29687500 0.24096386 0.05528846 0.03855422
1 0.29447115 0.25060241 0.06009615 0.05301205
2 0.27524038 0.10843373 0.13221154 0.21204819
0 0.29807692 0.19397590 0.05288462 0.03614458
1 0.29807692 0.18915663 0.05769231 0.05060241
5 0.47475962 0.51204819 0.01682692 0.02168675
5 0.73557692 0.54819277 0.01442308 0.02168675
