0 0.47355769 0.29638554 0.13942308 0.11566265
1 0.48677885 0.32409639 0.16586538 0.17590361
2 0.55889423 0.51084337 0.51201923 0.54457831
0 0.47235577 0.07710843 0.13701923 0.11084337
1 0.47956731 0.06746988 0.15144231 0.12530120
0 0.16346154 0.40361446 0.05769231 0.04578313
1 0.16346154 0.41566265 0.05769231 0.07469880
2 0.14062500 0.49518072 0.17548077 0.22891566
0 0.35336538 0.43855422 0.04807692 0.04337349
1 0.36057692 0.44939759 0.05769231 0.06024096
2 0.37740385 0.50963855 0.13461538 0.19036145
0 0.33173077 0.45421687 0.02403846 0.02168675
1 0.33533654 0.46626506 0.03125000 0.04578313
0 0.17788462 0.46144578 0.03846154 0.03132530
1 0.17788462 0.47590361 0.03846154 0.05542169
0 0.29687500 0.44216867 0.03125000 0.03614458
1 0.29206731 0.44698795 0.03605769 0.04096386
2 0.25961538 0.49759036 0.10576923 0.13734940
0 0.28485577 0.48915663 0.02163462 0.02409639
1 0.28725962 0.49277108 0.02644231 0.03132530
2 0.29687500 0.50963855 0.04567308 0.06024096
5 0.49038462 0.35662651 0.10096154 0.09156627
5 0.49639423 0.03253012 0.11298077 0.06024096
5 0.36177885 0.45783133 0.02644231 0.02891566
