2 0.37019231 0.64543269 0.28846154 0.43990385
2 0.67548077 0.66225962 0.31250000 0.41586538
2 0.47115385 0.14663462 0.10096154 0.22596154
2 0.60697115 0.33173077 0.13221154 0.17307692
2 0.40745192 0.29086538 0.14182692 0.15865385
2 0.53966346 0.48076923 0.10817308 0.33653846
0 0.54206731 0.34254808 0.06490385 0.06490385
0 0.57451923 0.27163462 0.06250000 0.05288462
0 0.45072115 0.23677885 0.05528846 0.04567308
0 0.48317308 0.05288462 0.04326923 0.03365385
0 0.46875000 0.46875000 0.08173077 0.08173077
0 0.44591346 0.41586538 0.07451923 0.05288462
0 0.52884615 0.43269231 0.07211538 0.07211538
0 0.58293269 0.49879808 0.12740385 0.08894231
0 0.47115385 0.31009615 0.05288462 0.05769231
0 0.50480769 0.28725962 0.05288462 0.05528846
0 0.49399038 0.37139423 0.06971154 0.05528846
5 0.46514423 0.51322115 0.03125000 0.05048077
5 0.56370192 0.56850962 0.03605769 0.06490385
5 0.54447115 0.38461538 0.03605769 0.02403846
1 0.48076923 0.06009615 0.04807692 0.04807692
1 0.45072115 0.24158654 0.05528846 0.06009615
1 0.57331731 0.28365385 0.06490385 0.07211538
1 0.46514423 0.48437500 0.08894231 0.11778846
1 0.58413462 0.52884615 0.12980769 0.14903846
1 0.54086538 0.43269231 0.10576923 0.07692308
1 0.43389423 0.43389423 0.10817308 0.08894231
1 0.54206731 0.35456731 0.06971154 0.08894231
1 0.47115385 0.31610577 0.05769231 0.06971154
