3 0.28605769 0.42650602 0.04807692 0.06265060
3 0.36418269 0.45542169 0.02644231 0.03855422
3 0.44471154 0.45542169 0.02403846 0.04337349
3 0.47836538 0.45060241 0.02403846 0.03855422
3 0.57451923 0.43975904 0.03365385 0.05060241
3 0.63341346 0.45542169 0.04567308 0.05301205
3 0.73677885 0.45903614 0.03125000 0.04096386
3 0.80288462 0.44819277 0.05769231 0.07710843
3 0.91947115 0.45903614 0.08894231 0.08433735
3 0.97596154 0.40481928 0.04807692 0.07228916
0 0.32692308 0.41927711 0.03365385 0.01927711
0 0.39783654 0.43493976 0.02644231 0.02168675
0 0.52764423 0.44698795 0.02163462 0.02168675
1 0.32812500 0.43132530 0.03125000 0.04819277
1 0.39783654 0.44698795 0.02644231 0.04578313
5 0.30168269 0.43132530 0.01682692 0.03855422
5 0.33413462 0.44096386 0.01442308 0.02409639
5 0.36418269 0.45662651 0.02644231 0.02650602
5 0.39783654 0.45301205 0.01682692 0.02409639
5 0.44350962 0.45662651 0.02163462 0.02168675
5 0.48076923 0.45180723 0.01442308 0.02650602
5 0.56850962 0.44096386 0.02163462 0.03373494
5 0.61778846 0.46144578 0.01923077 0.03132530
5 0.73557692 0.45903614 0.01923077 0.02650602
5 0.78605769 0.45542169 0.02884615 0.05783133
5 0.88942308 0.46024096 0.02884615 0.06746988
4 0.25000000 0.58674699 0.15384615 0.38313253
4 0.36778846 0.56746988 0.05769231 0.26265060
4 0.44711538 0.56506024 0.06730769 0.24819277
4 0.54927885 0.57951807 0.07932692 0.30602410
4 0.64182692 0.61445783 0.10576923 0.36626506
4 0.73557692 0.56265060 0.07211538 0.25783133
4 0.79807692 0.62530120 0.10576923 0.43132530
4 0.92427885 0.63132530 0.15144231 0.43373494
