0 0.36658654 0.49277108 0.06009615 0.03132530
1 0.36538462 0.50963855 0.06250000 0.06506024
0 0.75600962 0.43734940 0.06009615 0.03614458
1 0.75480769 0.45421687 0.06250000 0.07469880
0 0.93269231 0.44337349 0.01923077 0.01445783
1 0.93269231 0.44698795 0.02403846 0.02168675
5 0.38100962 0.52048193 0.02644231 0.03855422
5 0.74639423 0.46867470 0.02644231 0.03614458
2 0.39783654 0.65180723 0.19951923 0.35421687
2 0.81730769 0.61445783 0.19230769 0.40000000
2 0.94951923 0.48915663 0.07692308 0.10602410
