0 0.03734940 0.25000000 0.06987952 0.08173077
0 0.32048193 0.25841346 0.11566265 0.10336538
0 0.64698795 0.30408654 0.12289157 0.09375000
0 0.98313253 0.29206731 0.03373494 0.06971154
1 0.03975904 0.28605769 0.07469880 0.15865385
1 0.32048193 0.28605769 0.11566265 0.16346154
1 0.64939759 0.33052885 0.12771084 0.15144231
1 0.98313253 0.32211538 0.03373494 0.12980769
5 0.62891566 0.36418269 0.04819277 0.04567308
5 0.33373494 0.32211538 0.04578313 0.07692308
2 0.63975904 0.62379808 0.26265060 0.73798077
2 0.35903614 0.60336538 0.36144578 0.79326923
2 0.07469880 0.59855769 0.14457831 0.78365385
2 0.94819277 0.62620192 0.09879518 0.73798077
