5 0.00721154 0.68028846 0.00961538 0.02884615
3 0.01442308 0.67307692 0.02403846 0.04807692
5 0.34855769 0.64423077 0.01442308 0.02403846
0 0.34254808 0.63461538 0.03605769 0.02884615
1 0.34495192 0.63942308 0.03605769 0.03846154
5 0.42788462 0.68389423 0.00961538 0.01682692
3 0.42908654 0.67668269 0.03125000 0.03605769
5 0.78485577 0.68269231 0.01201923 0.01923077
3 0.78485577 0.67427885 0.02644231 0.04086538
5 0.87980769 0.64783654 0.01442308 0.02163462
0 0.88822115 0.63100962 0.04086538 0.03125000
1 0.88822115 0.63822115 0.04086538 0.04567308
5 0.97115385 0.69711538 0.01442308 0.01923077
3 0.97716346 0.69471154 0.03125000 0.03365385
5 0.65745192 0.26081731 0.01201923 0.01682692
3 0.64663462 0.25841346 0.03365385 0.03605769
0 0.28605769 0.25240385 0.03365385 0.03365385
1 0.28485577 0.25600962 0.03605769 0.04567308
0 0.28605769 0.06370192 0.03365385 0.03125000
1 0.28485577 0.06129808 0.03605769 0.04086538
5 0.65504808 0.05288462 0.01682692 0.01442308
3 0.64783654 0.05649038 0.03605769 0.03605769
4 0.66947115 0.03725962 0.09855769 0.06971154
2 0.29206731 0.04326923 0.07932692 0.08173077
2 0.28125000 0.36177885 0.10096154 0.25721154
2 0.66466346 0.36538462 0.10336538 0.25000000
2 0.87500000 0.73317308 0.10576923 0.23557692
4 0.78125000 0.75240385 0.09615385 0.20192308
0 0.77644231 0.73437500 0.03365385 0.03605769
4 0.97475962 0.76442308 0.05048077 0.17307692
4 0.42187500 0.74759615 0.08894231 0.18269231
0 0.42788462 0.74038462 0.02884615 0.02403846
2 0.34254808 0.72956731 0.07451923 0.21875000
4 0.03365385 0.74278846 0.06250000 0.19711538
