3 0.20673077 0.04457831 0.09615385 0.08433735
3 0.20552885 0.30120482 0.09375000 0.11566265
3 0.10937500 0.32409639 0.00721154 0.00722892
3 0.31971154 0.35301205 0.05769231 0.07469880
3 0.44591346 0.33975904 0.04567308 0.05783133
3 0.64783654 0.35180723 0.06490385 0.07228916
0 0.71995192 0.33373494 0.04567308 0.03132530
1 0.71995192 0.34819277 0.04567308 0.06506024
0 0.87379808 0.31807229 0.07451923 0.04337349
1 0.87379808 0.33614458 0.07451923 0.07951807
0 0.96995192 0.29879518 0.06009615 0.06265060
1 0.96995192 0.32168675 0.06009615 0.10843373
0 0.29687500 0.96024096 0.10817308 0.07951807
0 0.29567308 0.70000000 0.10576923 0.09879518
0 0.30288462 0.59036145 0.05288462 0.07710843
0 0.39903846 0.53012048 0.06250000 0.05783133
0 0.71875000 0.54819277 0.04807692 0.06024096
4 0.20552885 0.54096386 0.18509615 0.59036145
4 0.32572115 0.54457831 0.14182692 0.46265060
4 0.43629808 0.51084337 0.13221154 0.40481928
4 0.65504808 0.55662651 0.11778846 0.49156627
2 0.73197115 0.48192771 0.08894231 0.33734940
2 0.83293269 0.51566265 0.18990385 0.44819277
2 0.94591346 0.54698795 0.10817308 0.56867470
5 0.32211538 0.36385542 0.03365385 0.03855422
5 0.44471154 0.34578313 0.02884615 0.03614458
5 0.63221154 0.35421687 0.02884615 0.04337349
5 0.71394231 0.36265060 0.02403846 0.02168675
5 0.85336538 0.35662651 0.02884615 0.03373494
5 0.24639423 0.31084337 0.01682692 0.06265060
5 0.24399038 0.02891566 0.01682692 0.05301205
