0 0.85576923 0.03125000 0.13461538 0.05769231
5 0.12860577 0.47115385 0.02644231 0.03846154
0 0.10937500 0.42548077 0.06490385 0.05288462
2 0.09855769 0.61298077 0.12500000 0.42788462
1 0.11057692 0.44591346 0.06730769 0.09375000
0 0.20432692 0.43750000 0.03846154 0.04807692
1 0.20312500 0.45072115 0.03605769 0.07451923
2 0.17668269 0.61658654 0.08894231 0.40625000
5 0.26923077 0.48197115 0.02884615 0.04086538
0 0.25721154 0.43028846 0.08173077 0.06730769
1 0.25841346 0.45432692 0.07932692 0.11538462
2 0.24158654 0.60937500 0.17067308 0.42548077
5 0.33533654 0.46875000 0.02644231 0.02403846
0 0.33413462 0.43149038 0.04326923 0.05048077
1 0.33413462 0.44591346 0.04326923 0.07932692
2 0.32932692 0.59254808 0.09615385 0.37259615
5 0.38221154 0.47716346 0.02403846 0.02163462
0 0.38822115 0.43750000 0.06009615 0.05769231
1 0.38701923 0.45673077 0.05769231 0.10096154
2 0.38942308 0.61418269 0.12019231 0.41105769
5 0.43629808 0.48437500 0.02644231 0.04567308
0 0.46033654 0.43269231 0.08413462 0.04807692
1 0.45913462 0.46514423 0.08173077 0.11298077
2 0.46995192 0.61298077 0.14663462 0.40865385
5 0.59855769 0.48076923 0.02403846 0.02403846
0 0.60456731 0.44711538 0.05528846 0.04326923
1 0.60456731 0.46634615 0.05528846 0.08173077
2 0.59495192 0.60817308 0.10817308 0.36538462
5 0.72355769 0.46153846 0.04807692 0.05288462
0 0.72355769 0.39783654 0.10096154 0.08413462
1 0.72596154 0.43149038 0.10096154 0.14663462
2 0.72716346 0.57812500 0.21875000 0.43990385
5 0.82331731 0.43149038 0.04567308 0.06490385
0 0.85456731 0.34735577 0.12259615 0.08894231
1 0.85576923 0.39182692 0.12500000 0.17307692
2 0.83894231 0.55288462 0.32211538 0.49519231
