0 0.19591346 0.53485577 0.07451923 0.06009615
1 0.19230769 0.54086538 0.08653846 0.06730769
2 0.15985577 0.63942308 0.20913462 0.26442308
5 0.22716346 0.67307692 0.03125000 0.04326923
0 0.19831731 0.60937500 0.11778846 0.07932692
1 0.18990385 0.63341346 0.13942308 0.12740385
2 0.15384615 0.72235577 0.30288462 0.30048077
5 0.31610577 0.29567308 0.04086538 0.03846154
0 0.32091346 0.25120192 0.06009615 0.06009615
1 0.31850962 0.27163462 0.06490385 0.09615385
2 0.34735577 0.48677885 0.20913462 0.52644231
0 0.90384615 0.29567308 0.11057692 0.09134615
1 0.90625000 0.30649038 0.11538462 0.10817308
2 0.90865385 0.50600962 0.17307692 0.50721154
