0 0.07692308 0.58293269 0.10096154 0.05048077
0 0.25360577 0.58173077 0.10817308 0.05288462
3 0.39182692 0.58533654 0.05769231 0.06971154
3 0.70552885 0.56730769 0.07451923 0.08173077
3 0.96274038 0.57091346 0.06971154 0.07932692
4 0.72115385 0.76562500 0.12019231 0.46875000
4 0.94230769 0.76322115 0.11538462 0.47355769
4 0.41346154 0.77524038 0.14423077 0.44951923
4 0.25000000 0.77764423 0.15865385 0.44471154
4 0.08413462 0.77764423 0.15865385 0.44471154
5 0.68990385 0.58413462 0.03365385 0.04326923
5 0.97596154 0.58173077 0.03365385 0.05288462
5 0.27283654 0.62860577 0.02644231 0.05048077
1 0.07572115 0.60817308 0.10336538 0.11057692
1 0.25360577 0.60937500 0.11298077 0.10817308
5 0.05649038 0.62980769 0.03605769 0.05769231
