0 0.14783654 0.34216867 0.07932692 0.06746988
1 0.14783654 0.36867470 0.08413462 0.11566265
2 0.14302885 0.44096386 0.14663462 0.26987952
0 0.59495192 0.47710843 0.07932692 0.08192771
1 0.59615385 0.48433735 0.08173077 0.09156627
0 0.65264423 0.43012048 0.04567308 0.04578313
1 0.65384615 0.44337349 0.04326923 0.07228916
2 0.65504808 0.50722892 0.07932692 0.20000000
0 0.74759615 0.49397590 0.09615385 0.07228916
1 0.74879808 0.51445783 0.09855769 0.11325301
0 0.85216346 0.34337349 0.07451923 0.06987952
1 0.85336538 0.36024096 0.07211538 0.10361446
2 0.84735577 0.44939759 0.17548077 0.28192771
0 0.35937500 0.48072289 0.01682692 0.01686747
1 0.36057692 0.48433735 0.01923077 0.02891566
2 0.35697115 0.53012048 0.03125000 0.11566265
2 0.20432692 0.46144578 0.02403846 0.01686747
0 0.38822115 0.48554217 0.01201923 0.01204819
2 0.39783654 0.51927711 0.02644231 0.07951807
1 0.20552885 0.46987952 0.02644231 0.03373494
2 0.21995192 0.51325301 0.05048077 0.12048193
5 0.16706731 0.39879518 0.04086538 0.05060241
5 0.20552885 0.47590361 0.01682692 0.01686747
5 0.36177885 0.49397590 0.01201923 0.00963855
5 0.64543269 0.46506024 0.03125000 0.02891566
5 0.85336538 0.39277108 0.03846154 0.03373494
5 0.72475962 0.54096386 0.04086538 0.05542169
