0 0.34495192 0.46987952 0.03605769 0.02891566
0 0.45072115 0.46987952 0.03605769 0.03373494
0 0.50841346 0.45301205 0.03605769 0.02409639
0 0.55288462 0.47469880 0.03846154 0.02891566
0 0.64302885 0.48554217 0.03605769 0.02650602
0 0.68028846 0.45542169 0.03365385 0.02409639
0 0.78365385 0.46385542 0.04326923 0.02650602
1 0.34495192 0.47951807 0.03605769 0.04819277
1 0.45072115 0.48192771 0.03605769 0.05783133
1 0.50841346 0.46626506 0.03605769 0.05542169
1 0.55288462 0.48554217 0.03846154 0.05060241
1 0.64302885 0.49759036 0.03605769 0.05060241
1 0.68149038 0.46746988 0.03125000 0.04819277
1 0.78365385 0.47349398 0.04326923 0.05060241
2 0.33894231 0.55060241 0.10096154 0.19036145
2 0.44230769 0.59638554 0.11057692 0.28674699
2 0.50721154 0.56746988 0.05769231 0.26265060
2 0.55649038 0.58554217 0.08413462 0.25542169
2 0.64543269 0.59397590 0.09375000 0.24819277
2 0.69110577 0.56987952 0.06971154 0.25301205
2 0.77283654 0.58795181 0.09375000 0.27951807
5 0.34375000 0.48915663 0.02403846 0.02891566
5 0.45192308 0.49518072 0.01923077 0.02168675
5 0.50961538 0.47469880 0.02403846 0.02409639
5 0.55288462 0.49638554 0.01923077 0.02409639
5 0.64423077 0.50722892 0.01923077 0.02168675
5 0.68028846 0.47590361 0.02403846 0.02650602
5 0.78485577 0.48795181 0.02163462 0.02168675
