0 0.09975962 0.42409639 0.08413462 0.04819277
0 0.33052885 0.43614458 0.06971154 0.05301205
0 0.53725962 0.45542169 0.07451923 0.04819277
0 0.75721154 0.46265060 0.08173077 0.05783133
1 0.09855769 0.45060241 0.08653846 0.10120482
1 0.33173077 0.45180723 0.06730769 0.08433735
1 0.53846154 0.47590361 0.07211538 0.09397590
1 0.75841346 0.48072289 0.08413462 0.08915663
2 0.75240385 0.65180723 0.17788462 0.43132530
2 0.54326923 0.64578313 0.15384615 0.43373494
2 0.33173077 0.63734940 0.14903846 0.45542169
2 0.12019231 0.61325301 0.18750000 0.42650602
5 0.73437500 0.50240964 0.02644231 0.03132530
5 0.52764423 0.50000000 0.03605769 0.04096386
5 0.32091346 0.47228916 0.04086538 0.04337349
