0 0.38100962 0.24457831 0.04567308 0.04096386
5 0.38341346 0.27108434 0.02163462 0.02650602
1 0.38341346 0.25421687 0.04567308 0.06024096
0 0.38221154 0.08795181 0.04326923 0.04096386
5 0.38341346 0.06746988 0.01682692 0.02409639
1 0.38461538 0.08192771 0.04326923 0.05301205
2 0.35576923 0.05542169 0.10576923 0.10602410
2 0.35937500 0.38313253 0.14182692 0.31807229
0 0.46514423 0.41204819 0.01201923 0.01445783
2 0.46875000 0.44939759 0.03365385 0.08915663
0 0.75480769 0.45301205 0.00961538 0.00963855
2 0.75841346 0.46506024 0.01682692 0.03373494
0 0.84615385 0.43012048 0.07211538 0.04096386
1 0.84855769 0.44457831 0.07211538 0.06506024
2 0.86899038 0.60240964 0.14182692 0.38554217
