5 0.27403846 0.34495192 0.02403846 0.06009615
5 0.41947115 0.37259615 0.03605769 0.05288462
5 0.58293269 0.38100962 0.03605769 0.06009615
5 0.71514423 0.45072115 0.02644231 0.04567308
5 0.78004808 0.36177885 0.03125000 0.06971154
5 0.89182692 0.38701923 0.02884615 0.03365385
5 0.03725962 0.46153846 0.03125000 0.03365385
5 0.13221154 0.44230769 0.02884615 0.02884615
5 0.49879808 0.44711538 0.02644231 0.02884615
5 0.55168269 0.41947115 0.03125000 0.04567308
3 0.03725962 0.45673077 0.04086538 0.05288462
3 0.12980769 0.43870192 0.03846154 0.04567308
3 0.24399038 0.33293269 0.08894231 0.09375000
3 0.41105769 0.36418269 0.06250000 0.07932692
3 0.50000000 0.43870192 0.03846154 0.04567308
3 0.55168269 0.41105769 0.04086538 0.06250000
3 0.59254808 0.37500000 0.06971154 0.08653846
3 0.72235577 0.44591346 0.05048077 0.06490385
3 0.80408654 0.35697115 0.08413462 0.09855769
3 0.91105769 0.38701923 0.07211538 0.07692308
3 0.24158654 0.02524038 0.09375000 0.04567308
4 0.04086538 0.59855769 0.07692308 0.33173077
4 0.10216346 0.60937500 0.08894231 0.38701923
4 0.22716346 0.55168269 0.15144231 0.53605769
4 0.39423077 0.56370192 0.18750000 0.48317308
4 0.49759615 0.61057692 0.06730769 0.39423077
4 0.57932692 0.57091346 0.19711538 0.47836538
4 0.71514423 0.58774038 0.10336538 0.34855769
4 0.82812500 0.54447115 0.19471154 0.47355769
4 0.93028846 0.56610577 0.11538462 0.43990385
