0 0.46033654 0.30120482 0.03125000 0.03373494
0 0.43149038 0.40963855 0.03125000 0.03855422
1 0.42548077 0.41204819 0.04326923 0.03855422
1 0.46033654 0.30602410 0.03125000 0.03855422
3 0.17908654 0.39638554 0.04086538 0.04096386
3 0.66466346 0.23975904 0.00721154 0.00722892
3 0.67788462 0.24216867 0.00961538 0.00722892
2 0.39783654 0.44819277 0.11298077 0.11566265
2 0.45072115 0.38192771 0.08413462 0.19036145
4 0.66466346 0.26024096 0.01682692 0.04819277
4 0.67908654 0.26024096 0.01201923 0.04337349
4 0.14062500 0.43975904 0.16105769 0.12771084
