0 0.36057692 0.31807229 0.04807692 0.05783133
0 0.46394231 0.33734940 0.03846154 0.04337349
0 0.56370192 0.44819277 0.06490385 0.05301205
0 0.36538462 0.02168675 0.05288462 0.03855422
5 0.34495192 0.01084337 0.03605769 0.01686747
5 0.35817308 0.34578313 0.01923077 0.02650602
5 0.55889423 0.48313253 0.02644231 0.02168675
5 0.47235577 0.36265060 0.01682692 0.02168675
1 0.35576923 0.32650602 0.05769231 0.07951807
1 0.46995192 0.34578313 0.05528846 0.06506024
1 0.56250000 0.45662651 0.06730769 0.06987952
2 0.58413462 0.63132530 0.22115385 0.41445783
2 0.50480769 0.40722892 0.12019231 0.18313253
2 0.32572115 0.46506024 0.18509615 0.35180723
