0 0.90384615 0.39182692 0.13942308 0.11057692
1 0.90384615 0.42067308 0.14423077 0.16826923
5 0.79326923 0.43750000 0.02403846 0.02884615
0 0.80048077 0.40264423 0.06730769 0.03605769
1 0.79927885 0.42067308 0.06490385 0.06730769
0 0.71634615 0.38461538 0.11057692 0.06250000
0 0.65024038 0.38461538 0.03605769 0.04326923
0 0.61298077 0.42427885 0.09134615 0.06971154
0 0.50841346 0.40264423 0.06009615 0.05048077
0 0.39783654 0.40625000 0.09855769 0.06250000
5 0.50480769 0.44350962 0.03365385 0.03125000
1 0.50721154 0.41947115 0.06250000 0.08894231
1 0.39903846 0.42067308 0.09615385 0.09615385
1 0.61298077 0.44110577 0.09134615 0.10336538
1 0.71514423 0.42307692 0.11298077 0.13942308
5 0.01322115 0.37139423 0.01201923 0.01682692
0 0.02163462 0.34254808 0.03846154 0.03125000
1 0.02163462 0.35216346 0.03846154 0.05528846
2 0.04326923 0.48798077 0.08173077 0.32692308
2 0.33293269 0.62740385 0.32932692 0.50480769
2 0.52764423 0.58533654 0.14182692 0.42067308
2 0.64543269 0.63221154 0.15625000 0.48557692
2 0.74519231 0.61418269 0.17307692 0.52163462
2 0.86298077 0.60576923 0.26923077 0.53846154
