5 0.01562500 0.02891566 0.02163462 0.03373494
3 0.03125000 0.03734940 0.04807692 0.06987952
3 0.27283654 0.04698795 0.06490385 0.07951807
3 0.17307692 0.03493976 0.07211538 0.06024096
5 0.29567308 0.03734940 0.01923077 0.04096386
3 0.40384615 0.05060241 0.06250000 0.07710843
5 0.40625000 0.04457831 0.02884615 0.04578313
5 0.63942308 0.03975904 0.02884615 0.04096386
3 0.63581731 0.04698795 0.05528846 0.06506024
5 0.76923077 0.05301205 0.01923077 0.03373494
3 0.79326923 0.06265060 0.06250000 0.08674699
3 0.94951923 0.05060241 0.03846154 0.05301205
3 0.02884615 0.39759036 0.04807692 0.06265060
5 0.01923077 0.40240964 0.01923077 0.03855422
4 0.05048077 0.56867470 0.09615385 0.40000000
3 0.12500000 0.40481928 0.03365385 0.04337349
4 0.11899038 0.53132530 0.04567308 0.29156627
3 0.17307692 0.41445783 0.07692308 0.08674699
4 0.17067308 0.57228916 0.12019231 0.39759036
5 0.29447115 0.39759036 0.02163462 0.04819277
3 0.27283654 0.39156627 0.06490385 0.08433735
4 0.25721154 0.55662651 0.13461538 0.41445783
5 0.40745192 0.39156627 0.03125000 0.04096386
3 0.40144231 0.39759036 0.05769231 0.07710843
4 0.41346154 0.56506024 0.11538462 0.41204819
5 0.63822115 0.39638554 0.03125000 0.04578313
3 0.63581731 0.39879518 0.05048077 0.06987952
4 0.63701923 0.56867470 0.15384615 0.41927711
5 0.76923077 0.38433735 0.01923077 0.03614458
3 0.79086538 0.37710843 0.06250000 0.08433735
4 0.80408654 0.55542169 0.12740385 0.44096386
3 0.95072115 0.38674699 0.03125000 0.04578313
4 0.92788462 0.52530120 0.08173077 0.32289157
3 0.99038462 0.39397590 0.01923077 0.04578313
4 0.97956731 0.51566265 0.04086538 0.28915663
