0 0.08774038 0.27108434 0.06009615 0.04578313
1 0.09014423 0.28554217 0.06009615 0.07469880
2 0.15504808 0.39397590 0.24759615 0.29156627
0 0.08653846 0.14457831 0.06730769 0.05783133
1 0.08894231 0.13373494 0.06730769 0.08433735
0 0.22596154 0.64337349 0.07692308 0.05783133
1 0.22956731 0.66867470 0.07932692 0.10843373
0 0.22716346 0.94216867 0.08413462 0.05783133
1 0.22956731 0.91686747 0.08413462 0.10843373
2 0.27163462 0.70000000 0.20192308 0.16626506
2 0.27163462 0.89879518 0.20192308 0.14457831
0 0.79086538 0.43493976 0.06250000 0.06024096
1 0.79206731 0.45180723 0.06490385 0.09397590
2 0.79807692 0.58674699 0.11538462 0.35903614
0 0.85697115 0.70843373 0.08413462 0.05783133
1 0.86057692 0.71807229 0.08653846 0.07710843
2 0.80649038 0.73734940 0.25721154 0.11084337
0 0.85456731 0.87951807 0.08894231 0.06265060
1 0.85697115 0.87108434 0.08894231 0.07951807
2 0.80769231 0.85421687 0.25961538 0.11807229
0 0.61418269 0.41445783 0.02163462 0.01927711
2 0.59254808 0.44578313 0.09375000 0.08674699
1 0.61418269 0.41927711 0.02163462 0.02891566
2 0.96754808 0.46024096 0.03125000 0.04337349
