0 0.03125000 0.48795181 0.02884615 0.02168675
0 0.12980769 0.48795181 0.02884615 0.02650602
0 0.15504808 0.50000000 0.01682692 0.02168675
0 0.20192308 0.44216867 0.06730769 0.03614458
0 0.27764423 0.47469880 0.02644231 0.02891566
0 0.32451923 0.48072289 0.01442308 0.01686747
0 0.54447115 0.32409639 0.11778846 0.06987952
0 0.86057692 0.39397590 0.09615385 0.07951807
0 0.73798077 0.43253012 0.07211538 0.05542169
0 0.54687500 0.03012048 0.11298077 0.05542169
1 0.86177885 0.40481928 0.09375000 0.09638554
1 0.73317308 0.45421687 0.07211538 0.09879518
1 0.54447115 0.35662651 0.11778846 0.13012048
1 0.20072115 0.45421687 0.06971154 0.06024096
1 0.03485577 0.49518072 0.03605769 0.03132530
1 0.12620192 0.49518072 0.02163462 0.03614458
1 0.15985577 0.50120482 0.01682692 0.02409639
1 0.19951923 0.45542169 0.06730769 0.06265060
1 0.27884615 0.47951807 0.02884615 0.03855422
1 0.32331731 0.48433735 0.01682692 0.02891566
3 0.37500000 0.47349398 0.05769231 0.04096386
2 0.03725962 0.57469880 0.06490385 0.19518072
2 0.13341346 0.57590361 0.05528846 0.19759036
2 0.21033654 0.62289157 0.10817308 0.40722892
2 0.28725962 0.55662651 0.06009615 0.19759036
2 0.32572115 0.53132530 0.04086538 0.11807229
4 0.39543269 0.64216867 0.12259615 0.37831325
2 0.43990385 0.57831325 0.37019231 0.56867470
2 0.70793269 0.61686747 0.14182692 0.43373494
2 0.87860577 0.59036145 0.19471154 0.47710843
5 0.84495192 0.42409639 0.05048077 0.05301205
5 0.72716346 0.47469880 0.04567308 0.05783133
5 0.58052885 0.38313253 0.03605769 0.07228916
5 0.18990385 0.46265060 0.04807692 0.03373494
5 0.03365385 0.50722892 0.01923077 0.01686747
5 0.12620192 0.50000000 0.03125000 0.02168675
