0 0.34014423 0.25961538 0.08894231 0.06730769
5 0.34855769 0.31610577 0.03365385 0.04567308
1 0.34254808 0.28605769 0.08894231 0.11538462
0 0.48197115 0.29807692 0.07451923 0.06250000
5 0.49278846 0.32932692 0.02403846 0.03846154
1 0.48317308 0.31009615 0.07692308 0.08653846
3 0.63701923 0.43269231 0.13942308 0.14903846
5 0.84975962 0.40504808 0.03125000 0.05048077
0 0.86899038 0.34615385 0.12259615 0.08653846
1 0.87139423 0.37019231 0.12259615 0.13461538
4 0.09014423 0.55769231 0.17548077 0.59134615
5 0.02764423 0.30769231 0.04086538 0.04326923
2 0.32211538 0.53725962 0.19230769 0.62259615
2 0.46995192 0.50120192 0.12259615 0.46875000
4 0.70192308 0.62620192 0.38461538 0.53605769
2 0.90384615 0.59735577 0.19230769 0.59375000
