3 0.12139423 0.42427885 0.05528846 0.06490385
3 0.27403846 0.41346154 0.07692308 0.11538462
3 0.46514423 0.40144231 0.06971154 0.08653846
3 0.57331731 0.40745192 0.05528846 0.06490385
3 0.71634615 0.43269231 0.06250000 0.07692308
3 0.79807692 0.42307692 0.09615385 0.10576923
3 0.27043269 0.04447115 0.09375000 0.08413462
3 0.12980769 0.01923077 0.05769231 0.03365385
3 0.45673077 0.03725962 0.06730769 0.06971154
3 0.57451923 0.03605769 0.05769231 0.05769231
3 0.80528846 0.03966346 0.11538462 0.07451923
5 0.12980769 0.42788462 0.02403846 0.03846154
5 0.28966346 0.41466346 0.04086538 0.07451923
5 0.47716346 0.41346154 0.04567308 0.06250000
5 0.57932692 0.40985577 0.02403846 0.05048077
5 0.71394231 0.44110577 0.04326923 0.05048077
5 0.78125000 0.42307692 0.05288462 0.08653846
5 0.47115385 0.03605769 0.04326923 0.05288462
5 0.28846154 0.03966346 0.06250000 0.06490385
5 0.57932692 0.03245192 0.03846154 0.04086538
5 0.78365385 0.03365385 0.05769231 0.05769231
4 0.12620192 0.57211538 0.09375000 0.36538462
4 0.25721154 0.56850962 0.15384615 0.43028846
4 0.47596154 0.57211538 0.14423077 0.42307692
4 0.57692308 0.56490385 0.12019231 0.37980769
4 0.70192308 0.58533654 0.08173077 0.37740385
4 0.84735577 0.57812500 0.23798077 0.41586538
0 0.12259615 0.59014423 0.04807692 0.03605769
0 0.12500000 0.62500000 0.05769231 0.02884615
0 0.15144231 0.65264423 0.04807692 0.03125000
0 0.63701923 0.68509615 0.05288462 0.05769231
0 0.64062500 0.87740385 0.05048077 0.05769231
0 0.15144231 0.91466346 0.05288462 0.03605769
0 0.12259615 0.96754808 0.04807692 0.04086538
0 0.12379808 0.93629808 0.05528846 0.03605769
