0 0.11778846 0.26201923 0.13461538 0.10096154
1 0.11778846 0.29447115 0.13461538 0.16586538
2 0.11538462 0.53966346 0.22596154 0.65625000
5 0.24038462 0.34975962 0.02884615 0.06009615
3 0.21274038 0.33533654 0.08413462 0.09855769
4 0.19471154 0.56730769 0.11538462 0.56250000
3 0.03605769 0.34615385 0.06250000 0.07692308
5 0.36057692 0.33653846 0.03365385 0.04326923
3 0.34735577 0.32331731 0.06490385 0.08413462
4 0.31610577 0.54927885 0.15625000 0.53605769
5 0.50120192 0.36177885 0.03125000 0.03605769
3 0.49399038 0.35336538 0.05048077 0.07211538
4 0.52043269 0.53485577 0.18028846 0.43509615
3 0.52884615 0.36899038 0.01923077 0.03605769
5 0.52524038 0.37259615 0.01201923 0.01923077
5 0.61418269 0.35576923 0.02644231 0.03846154
3 0.60576923 0.34735577 0.04807692 0.06490385
4 0.61418269 0.52764423 0.12259615 0.42548077
5 0.63822115 0.36298077 0.01682692 0.01442308
3 0.64062500 0.35697115 0.02163462 0.03125000
5 0.73798077 0.34975962 0.02884615 0.03605769
5 0.75961538 0.36057692 0.01442308 0.02884615
3 0.73197115 0.34254808 0.05048077 0.06971154
3 0.76322115 0.35216346 0.02163462 0.05528846
4 0.71754808 0.50721154 0.09855769 0.40384615
3 0.68028846 0.37139423 0.02884615 0.02644231
4 0.77283654 0.50240385 0.04086538 0.35576923
3 0.78125000 0.37379808 0.02403846 0.02644231
3 0.84615385 0.37740385 0.02884615 0.03365385
5 0.85096154 0.38100962 0.01442308 0.02163462
3 0.88581731 0.39182692 0.03125000 0.03365385
5 0.88701923 0.39663462 0.01923077 0.01923077
4 0.83533654 0.46033654 0.06490385 0.19951923
4 0.87379808 0.48317308 0.07451923 0.21634615
3 0.88221154 0.36778846 0.02403846 0.01923077
4 0.97115385 0.54206731 0.05769231 0.33894231
