0 0.75721154 0.28125000 0.12019231 0.09615385
0 0.68870192 0.28245192 0.06009615 0.07451923
5 0.74639423 0.35817308 0.06971154 0.08653846
1 0.75721154 0.31730769 0.12019231 0.16826923
1 0.68870192 0.31009615 0.06009615 0.13461538
1 0.52043269 0.27163462 0.11298077 0.16346154
0 0.52043269 0.23076923 0.11298077 0.08173077
0 0.51562500 0.31490385 0.04086538 0.08653846
0 0.43750000 0.27884615 0.11538462 0.08653846
5 0.43269231 0.35216346 0.07211538 0.08413462
1 0.43750000 0.31490385 0.11538462 0.15865385
0 0.43629808 0.05889423 0.11298077 0.08894231
0 0.51923077 0.10576923 0.11538462 0.08173077
0 0.75841346 0.06250000 0.12259615 0.08653846
1 0.52163462 0.07692308 0.11538462 0.14903846
2 0.79326923 0.53365385 0.28365385 0.60096154
2 0.46995192 0.51802885 0.23317308 0.56490385
2 0.56250000 0.49519231 0.20192308 0.61057692
