0 0.36177885 0.30481928 0.06009615 0.04578313
1 0.36177885 0.32891566 0.06009615 0.09397590
3 0.43028846 0.30722892 0.07692308 0.09879518
3 0.71754808 0.36024096 0.03125000 0.04096386
3 0.42908654 0.03975904 0.07932692 0.07469880
3 0.88942308 0.37831325 0.01923077 0.01927711
3 0.93629808 0.37228916 0.01682692 0.01686747
3 0.97475962 0.37710843 0.01201923 0.01686747
0 0.35817308 0.02891566 0.05769231 0.03855422
1 0.35937500 0.02530120 0.06490385 0.04578313
5 0.35576923 0.34096386 0.03365385 0.04578313
5 0.41105769 0.32168675 0.03365385 0.06024096
2 0.31850962 0.50120482 0.24278846 0.43855422
4 0.45072115 0.51686747 0.16586538 0.51807229
4 0.71153846 0.44457831 0.06730769 0.20963855
4 0.88701923 0.42168675 0.04326923 0.11084337
4 0.93509615 0.40963855 0.03846154 0.09156627
4 0.97355769 0.42650602 0.02403846 0.11566265
