0 0.29447115 0.46033654 0.04086538 0.03125000
0 0.33653846 0.46274038 0.05769231 0.04567308
0 0.41105769 0.43028846 0.08173077 0.05769231
0 0.46394231 0.46153846 0.04807692 0.04326923
0 0.74519231 0.47355769 0.06730769 0.05769231
1 0.74399038 0.48437500 0.06971154 0.07932692
1 0.40985577 0.46033654 0.08413462 0.11778846
1 0.46153846 0.47235577 0.05288462 0.06490385
1 0.33894231 0.47716346 0.05769231 0.07932692
1 0.29326923 0.47475962 0.04326923 0.06971154
0 0.33774038 0.42548077 0.04086538 0.02884615
2 0.30168269 0.53125000 0.06490385 0.17788462
2 0.35817308 0.57091346 0.09615385 0.26201923
2 0.46153846 0.63461538 0.18750000 0.46634615
2 0.74639423 0.65865385 0.13221154 0.43269231
5 0.29326923 0.48677885 0.02884615 0.02644231
