0 0.18870192 0.10817308 0.16586538 0.10576923
1 0.19110577 0.08293269 0.16586538 0.16105769
0 0.41346154 0.03725962 0.07211538 0.05048077
1 0.41586538 0.03365385 0.07211538 0.06250000
0 0.50120192 0.03125000 0.07932692 0.05769231
0 0.64783654 0.09014423 0.11778846 0.09855769
1 0.65024038 0.07211538 0.11778846 0.13942308
0 0.87740385 0.08774038 0.13461538 0.09375000
1 0.88100962 0.06971154 0.13701923 0.13461538
5 0.85697115 0.38581731 0.06009615 0.06009615
0 0.87860577 0.30889423 0.13221154 0.08413462
1 0.88100962 0.34735577 0.13221154 0.15625000
5 0.64062500 0.38581731 0.06490385 0.05528846
0 0.65024038 0.30769231 0.12259615 0.10096154
1 0.65264423 0.34495192 0.12740385 0.17548077
5 0.50961538 0.42067308 0.05288462 0.05288462
0 0.50240385 0.37139423 0.07692308 0.06490385
1 0.50480769 0.40144231 0.07692308 0.12500000
5 0.42307692 0.40625000 0.04326923 0.04326923
0 0.41346154 0.35937500 0.06250000 0.04567308
1 0.41826923 0.39062500 0.06730769 0.10336538
5 0.33894231 0.42788462 0.04326923 0.03846154
0 0.32932692 0.37620192 0.06730769 0.07932692
1 0.33533654 0.39903846 0.07451923 0.12019231
5 0.27524038 0.40985577 0.04567308 0.04567308
0 0.27764423 0.34014423 0.08413462 0.10336538
1 0.28004808 0.36298077 0.08413462 0.14423077
5 0.21634615 0.39062500 0.04807692 0.08413462
0 0.18269231 0.28846154 0.16346154 0.11057692
1 0.18509615 0.33653846 0.16346154 0.20192308
2 0.13942308 0.50360577 0.25961538 0.53605769
2 0.25721154 0.53125000 0.16346154 0.48557692
2 0.35937500 0.55769231 0.15144231 0.44230769
2 0.63822115 0.49519231 0.27163462 0.47596154
