3 0.54687500 0.43493976 0.09375000 0.09397590
4 0.49519231 0.59036145 0.23557692 0.47228916
3 0.70552885 0.45662651 0.03605769 0.05060241
4 0.70793269 0.58795181 0.09375000 0.31325301
4 0.79447115 0.58433735 0.08413462 0.30602410
3 0.78365385 0.45421687 0.03846154 0.04578313
3 0.82812500 0.45060241 0.02163462 0.03373494
3 0.85096154 0.46867470 0.04326923 0.05060241
4 0.85096154 0.58433735 0.04807692 0.28192771
3 0.87620192 0.44457831 0.02163462 0.02650602
4 0.89423077 0.54096386 0.05769231 0.21927711
5 0.52403846 0.43614458 0.04326923 0.08674699
5 0.70673077 0.46265060 0.02884615 0.04337349
5 0.78365385 0.45783133 0.02884615 0.03855422
