5 0.16586538 0.40000000 0.02403846 0.02891566
0 0.17307692 0.36626506 0.04326923 0.04337349
1 0.17067308 0.38433735 0.05288462 0.07951807
2 0.15985577 0.53855422 0.12740385 0.38795181
5 0.44230769 0.40000000 0.01923077 0.02409639
0 0.44350962 0.37590361 0.04086538 0.02891566
1 0.44471154 0.39036145 0.03846154 0.05783133
2 0.44591346 0.53132530 0.10817308 0.33975904
5 0.60096154 0.38433735 0.01923077 0.02650602
0 0.60096154 0.35542169 0.03846154 0.03132530
1 0.60216346 0.37469880 0.04086538 0.06987952
2 0.60576923 0.51686747 0.11057692 0.35421687
0 0.56009615 0.39638554 0.02884615 0.02650602
1 0.56009615 0.40481928 0.02884615 0.04337349
2 0.54326923 0.49156627 0.06730769 0.21686747
5 0.33894231 0.40963855 0.01442308 0.01445783
0 0.34014423 0.39277108 0.02644231 0.01927711
1 0.34254808 0.40361446 0.02644231 0.04096386
2 0.33894231 0.48674699 0.08173077 0.20722892
5 0.39302885 0.40361446 0.01682692 0.01686747
0 0.39302885 0.38554217 0.02163462 0.01445783
1 0.39302885 0.39759036 0.02163462 0.03855422
2 0.38942308 0.47228916 0.04326923 0.18795181
0 0.28725962 0.40361446 0.01201923 0.00722892
1 0.28725962 0.40722892 0.01201923 0.01445783
2 0.28605769 0.44096386 0.02884615 0.08192771
0 0.25961538 0.40602410 0.00961538 0.01204819
1 0.25841346 0.40963855 0.01201923 0.01927711
0 0.24759615 0.40843373 0.00961538 0.01686747
2 0.25600962 0.45180723 0.03605769 0.10361446
2 0.22475962 0.43855422 0.02163462 0.07228916
5 0.84975962 0.39156627 0.02644231 0.02650602
0 0.85096154 0.36506024 0.04326923 0.03132530
1 0.85096154 0.38192771 0.04807692 0.06506024
2 0.84615385 0.51927711 0.12500000 0.33975904
