0 0.41346154 0.53485577 0.12980769 0.11778846
1 0.41466346 0.55528846 0.12740385 0.15865385
2 0.44471154 0.66826923 0.39903846 0.38461538
0 0.68750000 0.48677885 0.10096154 0.09375000
1 0.68629808 0.49639423 0.09855769 0.11298077
2 0.62019231 0.59975962 0.41346154 0.36298077
0 0.36658654 0.36899038 0.09855769 0.07451923
1 0.36418269 0.38221154 0.10336538 0.09615385
2 0.27644231 0.50480769 0.27403846 0.38461538
0 0.30528846 0.27644231 0.05288462 0.05769231
2 0.30288462 0.39543269 0.08653846 0.37259615
1 0.30408654 0.28725962 0.05528846 0.07451923
5 0.32812500 0.38942308 0.02644231 0.04807692
5 0.42307692 0.61298077 0.04807692 0.04326923
