0 0.21033654 0.41927711 0.06490385 0.05783133
0 0.28966346 0.43373494 0.06971154 0.05783133
0 0.56850962 0.38915663 0.08413462 0.05542169
0 0.85216346 0.42168675 0.09855769 0.05783133
1 0.56730769 0.40481928 0.08173077 0.08192771
1 0.84975962 0.44216867 0.09375000 0.10361446
1 0.20673077 0.42771084 0.06250000 0.07469880
1 0.28846154 0.44096386 0.07211538 0.06746988
5 0.26442308 0.45301205 0.01923077 0.04337349
5 0.54447115 0.41686747 0.02644231 0.05301205
5 0.82932692 0.46867470 0.02884615 0.05542169
2 0.14663462 0.56024096 0.22115385 0.41686747
2 0.24038462 0.57710843 0.24519231 0.38313253
2 0.50240385 0.56144578 0.25961538 0.41445783
2 0.82572115 0.59277108 0.34855769 0.40481928
