0 0.37740385 0.28433735 0.13461538 0.07228916
0 0.65865385 0.30361446 0.06250000 0.04337349
0 0.72235577 0.28674699 0.04567308 0.03855422
0 0.85456731 0.29397590 0.11778846 0.05301205
3 0.06730769 0.40481928 0.06250000 0.05783133
1 0.37500000 0.32048193 0.12500000 0.14939759
1 0.65264423 0.31566265 0.06490385 0.06746988
1 0.72355769 0.30481928 0.04326923 0.07951807
1 0.85216346 0.33012048 0.13701923 0.11566265
0 0.37620192 0.04698795 0.12259615 0.06987952
0 0.66105769 0.02891566 0.05769231 0.02891566
0 0.72115385 0.04698795 0.05288462 0.03614458
0 0.86177885 0.03373494 0.09855769 0.06265060
4 0.09855769 0.56746988 0.16346154 0.37349398
2 0.39663462 0.53614458 0.27884615 0.58072289
2 0.64783654 0.48674699 0.14663462 0.41445783
2 0.88461538 0.55903614 0.21634615 0.56385542
2 0.75480769 0.44216867 0.12500000 0.35421687
5 0.41586538 0.35903614 0.03365385 0.07710843
5 0.72115385 0.31807229 0.03846154 0.03855422
5 0.72475962 0.01927711 0.04567308 0.03373494
