0 0.16466346 0.43614458 0.02644231 0.01927711
1 0.16466346 0.44216867 0.03125000 0.03132530
0 0.19951923 0.46987952 0.02884615 0.02409639
1 0.20192308 0.47108434 0.03365385 0.02650602
0 0.26442308 0.43975904 0.03365385 0.02650602
1 0.26442308 0.44457831 0.03365385 0.03614458
0 0.33052885 0.52771084 0.05048077 0.03855422
1 0.33052885 0.53614458 0.05048077 0.05542169
0 0.50360577 0.53373494 0.05528846 0.05542169
1 0.50600962 0.53614458 0.06009615 0.06024096
2 0.52764423 0.66746988 0.14182692 0.33253012
2 0.33533654 0.65783133 0.10336538 0.29879518
2 0.24278846 0.51686747 0.19230769 0.18072289
2 0.17427885 0.52168675 0.13221154 0.12771084
2 0.13341346 0.49759036 0.10336538 0.14216867
0 0.05889423 0.47951807 0.00721154 0.00481928
2 0.05889423 0.48795181 0.01201923 0.02650602
0 0.00841346 0.47108434 0.00721154 0.00722892
2 0.00961538 0.48554217 0.00961538 0.03614458
4 0.12379808 0.49638554 0.00721154 0.01445783
5 0.33774038 0.55060241 0.01201923 0.01686747
5 0.27403846 0.45301205 0.00961538 0.01445783
