0 0.28485577 0.31370192 0.07451923 0.07932692
1 0.29206731 0.32932692 0.09375000 0.10576923
2 0.38341346 0.52403846 0.27644231 0.50000000
0 0.28605769 0.03125000 0.09134615 0.05769231
3 0.66586538 0.24519231 0.08173077 0.10576923
4 0.70192308 0.50721154 0.16346154 0.62980769
0 0.71033654 0.40384615 0.10817308 0.09134615
3 0.67427885 0.08774038 0.09855769 0.10336538
5 0.28245192 0.36177885 0.04567308 0.05528846
5 0.64543269 0.26201923 0.03125000 0.06730769
5 0.64302885 0.08173077 0.03125000 0.07211538
