0 0.11778846 0.28313253 0.12500000 0.07469880
0 0.22475962 0.36746988 0.06971154 0.05542169
0 0.38581731 0.34578313 0.07932692 0.05542169
0 0.50360577 0.36265060 0.06009615 0.05060241
0 0.70432692 0.36144578 0.07692308 0.06265060
0 0.86658654 0.39397590 0.06009615 0.04096386
0 0.11899038 0.08313253 0.12259615 0.07951807
0 0.38701923 0.02650602 0.08173077 0.04819277
0 0.50240385 0.01686747 0.06730769 0.02891566
0 0.70312500 0.02048193 0.07932692 0.03614458
1 0.11778846 0.31566265 0.12500000 0.13493976
1 0.22596154 0.38433735 0.07211538 0.08915663
1 0.38581731 0.37228916 0.07932692 0.10361446
1 0.50721154 0.38192771 0.06730769 0.08915663
1 0.70552885 0.38192771 0.07932692 0.09879518
1 0.86899038 0.41084337 0.06009615 0.06987952
1 0.11778846 0.06265060 0.12500000 0.12048193
0 0.21875000 0.01686747 0.07211538 0.02891566
2 0.09975962 0.53012048 0.18028846 0.56385542
2 0.23557692 0.57710843 0.16346154 0.46987952
2 0.37620192 0.56506024 0.10336538 0.49397590
2 0.51081731 0.57710843 0.14663462 0.48433735
2 0.80769231 0.57469880 0.35096154 0.48915663
2 0.87259615 0.57469880 0.13942308 0.40240964
5 0.15264423 0.33855422 0.03605769 0.06506024
5 0.23677885 0.40602410 0.04086538 0.04096386
5 0.40504808 0.39277108 0.03605769 0.05783133
5 0.51442308 0.40120482 0.03846154 0.05060241
5 0.71995192 0.39879518 0.04567308 0.06024096
5 0.88341346 0.42409639 0.02644231 0.03855422
