5 0.20432692 0.32048193 0.01923077 0.04819277
5 0.22836538 0.33493976 0.02884615 0.04337349
5 0.38221154 0.33855422 0.03365385 0.04096386
5 0.52644231 0.33493976 0.02884615 0.04337349
5 0.66105769 0.35542169 0.01442308 0.04096386
5 0.68629808 0.34216867 0.02163462 0.04819277
3 0.37860577 0.33614458 0.05048077 0.06506024
3 0.53966346 0.32771084 0.05528846 0.06746988
3 0.67187500 0.34819277 0.03605769 0.06024096
3 0.70913462 0.33855422 0.06730769 0.07469880
3 0.22235577 0.33373494 0.04567308 0.06506024
3 0.18028846 0.30843373 0.07211538 0.08192771
4 0.23437500 0.50481928 0.07451923 0.41686747
4 0.67668269 0.53012048 0.06490385 0.42409639
4 0.73197115 0.55180723 0.14663462 0.50120482
4 0.53365385 0.51445783 0.12980769 0.44578313
4 0.38221154 0.50240964 0.12500000 0.40240964
4 0.18750000 0.53614458 0.12980769 0.53734940
