3 0.08894231 0.47596154 0.03365385 0.03846154
4 0.09014423 0.57692308 0.08413462 0.24038462
3 0.23557692 0.45192308 0.04326923 0.05288462
4 0.21754808 0.59375000 0.08413462 0.33653846
3 0.28245192 0.47355769 0.05528846 0.06250000
4 0.30889423 0.64783654 0.16586538 0.41105769
3 0.37379808 0.44110577 0.04567308 0.05528846
4 0.38581731 0.59375000 0.12740385 0.35576923
3 0.44831731 0.45793269 0.02644231 0.03125000
4 0.44230769 0.54807692 0.04326923 0.21153846
3 0.48076923 0.46875000 0.04326923 0.04807692
4 0.48197115 0.60096154 0.09375000 0.31250000
3 0.52163462 0.44951923 0.03365385 0.03846154
4 0.53125000 0.58293269 0.08653846 0.30048077
3 0.63461538 0.46514423 0.04807692 0.05528846
4 0.64543269 0.59735577 0.14663462 0.31971154
3 0.68028846 0.46153846 0.03365385 0.03846154
4 0.70072115 0.58413462 0.08894231 0.28365385
3 0.70432692 0.45072115 0.01923077 0.02644231
4 0.71033654 0.53485577 0.04086538 0.19471154
3 0.74158654 0.47115385 0.02644231 0.03365385
4 0.74519231 0.56490385 0.06250000 0.22115385
3 0.78125000 0.46875000 0.03365385 0.03365385
4 0.79206731 0.54687500 0.06009615 0.19471154
3 0.94831731 0.45913462 0.03125000 0.03365385
4 0.95552885 0.54687500 0.06971154 0.21394231
5 0.24038462 0.45913462 0.02403846 0.03365385
5 0.29927885 0.47836538 0.02163462 0.03846154
5 0.38221154 0.44591346 0.02884615 0.04086538
5 0.09375000 0.48557692 0.02403846 0.01923077
5 0.48557692 0.47115385 0.02403846 0.03365385
5 0.52403846 0.45192308 0.02403846 0.02884615
5 0.64062500 0.47115385 0.02644231 0.03365385
5 0.67788462 0.46514423 0.02403846 0.02644231
5 0.74519231 0.47355769 0.01442308 0.01923077
5 0.77403846 0.47355769 0.01442308 0.01923077
5 0.44951923 0.46033654 0.01442308 0.02163462
5 0.94230769 0.45793269 0.01442308 0.02644231
