3 0.36899038 0.35783133 0.16105769 0.19518072
3 0.54927885 0.36024096 0.14663462 0.14698795
3 0.64302885 0.42409639 0.06009615 0.07228916
3 0.87259615 0.44819277 0.10096154 0.11084337
3 0.03725962 0.42530120 0.06971154 0.11325301
4 0.32451923 0.55301205 0.34615385 0.58072289
4 0.59014423 0.56867470 0.30048077 0.55903614
4 0.85216346 0.61566265 0.24278846 0.44578313
5 0.64783654 0.43253012 0.03605769 0.05060241
5 0.89903846 0.45783133 0.04326923 0.07710843
5 0.58653846 0.36987952 0.06730769 0.09397590
5 0.41225962 0.39036145 0.06490385 0.10602410
5 0.05408654 0.44457831 0.03605769 0.06987952
3 0.78485577 0.47951807 0.08413462 0.09156627
