0 0.29567308 0.78966346 0.09615385 0.06490385
0 0.44471154 0.89423077 0.06730769 0.04807692
0 0.56129808 0.80288462 0.10336538 0.08653846
0 0.66105769 0.88221154 0.08173077 0.07692308
0 0.51322115 0.86899038 0.03125000 0.03605769
1 0.66105769 0.89182692 0.08173077 0.09615385
1 0.56250000 0.82211538 0.10096154 0.12500000
1 0.44471154 0.91586538 0.06730769 0.08653846
1 0.29567308 0.82091346 0.09615385 0.12740385
2 0.26682692 0.87860577 0.23557692 0.24278846
2 0.56730769 0.87980769 0.24038462 0.24038462
2 0.68990385 0.92067308 0.13942308 0.15865385
