4 0.41586538 0.57091346 0.20673077 0.59855769
2 0.58293269 0.58052885 0.18509615 0.52163462
2 0.70312500 0.56009615 0.18509615 0.54326923
0 0.56610577 0.35096154 0.08413462 0.06250000
0 0.72115385 0.32572115 0.07211538 0.06971154
1 0.72355769 0.34014423 0.07211538 0.09375000
1 0.56730769 0.37259615 0.08653846 0.10576923
5 0.55889423 0.40024038 0.04086538 0.04086538
3 0.49639423 0.33894231 0.05528846 0.07692308
5 0.50120192 0.35336538 0.02644231 0.03846154
3 0.43269231 0.32451923 0.10096154 0.10096154
