0 0.09014423 0.35783133 0.05528846 0.02650602
1 0.09495192 0.37349398 0.06009615 0.05783133
0 0.33052885 0.36385542 0.05048077 0.03373494
1 0.33052885 0.37951807 0.05528846 0.06506024
0 0.36778846 0.43493976 0.04326923 0.04578313
1 0.36899038 0.44939759 0.04567308 0.07469880
0 0.39423077 0.37228916 0.04326923 0.04096386
1 0.39423077 0.38433735 0.03846154 0.06506024
0 0.44471154 0.35903614 0.03846154 0.03855422
1 0.44711538 0.37469880 0.03846154 0.06506024
0 0.49879808 0.39036145 0.04086538 0.03373494
1 0.49879808 0.40843373 0.04086538 0.07469880
0 0.57451923 0.48674699 0.05769231 0.04337349
1 0.57572115 0.50240964 0.06009615 0.07469880
2 0.09495192 0.54578313 0.11298077 0.40240964
2 0.50600962 0.61204819 0.19471154 0.29397590
2 0.31490385 0.57951807 0.15865385 0.32530120
2 0.32211538 0.51445783 0.07692308 0.33012048
2 0.38221154 0.53132530 0.07692308 0.35903614
2 0.43389423 0.50963855 0.06490385 0.33975904
2 0.47235577 0.52168675 0.09375000 0.30120482
5 0.11177885 0.38554217 0.01682692 0.03373494
5 0.37740385 0.46626506 0.01923077 0.03614458
5 0.51081731 0.42048193 0.01682692 0.03614458
5 0.34254808 0.39397590 0.02163462 0.03132530
5 0.58052885 0.52168675 0.03125000 0.03614458
5 0.45312500 0.38795181 0.01682692 0.01927711
5 0.40144231 0.40120482 0.01442308 0.02650602
