3 0.89543269 0.39156627 0.06971154 0.06987952
5 0.88221154 0.39879518 0.03846154 0.04096386
4 0.89302885 0.59879518 0.15144231 0.48433735
3 0.62019231 0.39036145 0.09615385 0.09156627
5 0.58653846 0.39156627 0.02403846 0.06506024
4 0.61057692 0.59156627 0.12980769 0.48915663
3 0.24639423 0.32650602 0.07451923 0.08915663
5 0.26562500 0.33614458 0.02644231 0.06024096
4 0.25000000 0.55783133 0.20192308 0.54698795
3 0.15985577 0.36024096 0.05048077 0.06987952
5 0.15144231 0.37228916 0.03365385 0.03132530
4 0.15745192 0.53975904 0.07932692 0.42409639
3 0.07331731 0.37590361 0.05048077 0.05301205
5 0.08173077 0.38313253 0.02884615 0.02891566
4 0.07331731 0.52530120 0.13221154 0.35180723
3 0.32451923 0.38072289 0.03846154 0.04337349
5 0.32211538 0.38795181 0.01923077 0.02409639
4 0.34254808 0.49036145 0.07451923 0.26265060
0 0.40504808 0.35662651 0.03125000 0.02409639
5 0.40504808 0.37831325 0.02163462 0.01927711
1 0.40625000 0.37108434 0.03365385 0.04819277
2 0.40745192 0.46144578 0.06490385 0.23373494
3 0.24399038 0.02530120 0.07451923 0.04578313
