0 0.30889423 0.27469880 0.18990385 0.13493976
1 0.30889423 0.33493976 0.18509615 0.25542169
0 0.74879808 0.27228916 0.15144231 0.10602410
1 0.74879808 0.32048193 0.14663462 0.20722892
2 0.22596154 0.51686747 0.44711538 0.61927711
2 0.78966346 0.52289157 0.37259615 0.60722892
0 0.74879808 0.05903614 0.14182692 0.09397590
0 0.31250000 0.06385542 0.20673077 0.12289157
0 0.17427885 0.01566265 0.05528846 0.02650602
0 0.05769231 0.36867470 0.04807692 0.03855422
1 0.06250000 0.38674699 0.05288462 0.07469880
2 0.07331731 0.43614458 0.12259615 0.17831325
3 0.21875000 0.37228916 0.02884615 0.02650602
0 0.17788462 0.32168675 0.06250000 0.04096386
1 0.17788462 0.35060241 0.06250000 0.09879518
2 0.18629808 0.37228916 0.10336538 0.14698795
5 0.37620192 0.38072289 0.04567308 0.11566265
5 0.72235577 0.36265060 0.07451923 0.11325301
5 0.17548077 0.36024096 0.04326923 0.05060241
5 0.06129808 0.40120482 0.02644231 0.03132530
