0 0.42067308 0.68750000 0.07211538 0.06730769
0 0.68269231 0.58533654 0.05769231 0.06009615
0 0.47836538 0.62860577 0.04326923 0.06009615
0 0.28004808 0.47836538 0.06971154 0.05769231
1 0.28125000 0.49278846 0.07211538 0.08653846
1 0.46514423 0.62860577 0.06971154 0.06009615
1 0.68389423 0.59375000 0.06009615 0.07692308
1 0.42427885 0.69350962 0.07932692 0.07451923
2 0.24158654 0.65024038 0.22836538 0.40144231
2 0.43028846 0.63942308 0.14423077 0.08173077
2 0.48317308 0.77163462 0.19711538 0.23076923
2 0.68269231 0.61658654 0.11538462 0.12740385
5 0.28725962 0.51442308 0.04086538 0.04326923
