1 0.25000000 0.28072289 0.05288462 0.06024096
1 0.57932692 0.37469880 0.06250000 0.06024096
0 0.54687500 0.43493976 0.05528846 0.05060241
1 0.25120192 0.05301205 0.05048077 0.07228916
0 0.57211538 0.37349398 0.04326923 0.05301205
0 0.25000000 0.27108434 0.05288462 0.04096386
0 0.25120192 0.06746988 0.05528846 0.04819277
2 0.64543269 0.42530120 0.19471154 0.17590361
2 0.23437500 0.38313253 0.10336538 0.26506024
2 0.23677885 0.04698795 0.08413462 0.08915663
5 0.25000000 0.30120482 0.02884615 0.01927711
5 0.25000000 0.03493976 0.01923077 0.02650602
