0 0.73677885 0.70240964 0.07932692 0.05542169
0 0.48076923 0.50963855 0.06250000 0.04096386
0 0.45793269 0.22289157 0.05048077 0.01204819
0 0.67067308 0.37951807 0.04807692 0.05060241
0 0.75000000 0.97831325 0.09134615 0.04337349
1 0.73918269 0.71204819 0.07932692 0.06506024
1 0.75000000 0.97108434 0.09134615 0.05301205
1 0.47956731 0.52650602 0.06490385 0.06987952
1 0.67067308 0.39638554 0.05769231 0.08433735
1 0.46394231 0.23975904 0.05769231 0.05060241
5 0.46153846 0.52409639 0.02403846 0.05060241
0 0.45432692 0.08072289 0.06730769 0.04096386
1 0.45432692 0.07710843 0.07211538 0.04337349
2 0.44831731 0.05301205 0.28605769 0.10120482
2 0.45072115 0.34337349 0.29086538 0.25783133
2 0.70072115 0.49277108 0.12259615 0.27710843
2 0.46153846 0.66746988 0.21634615 0.35662651
2 0.74038462 0.75662651 0.23076923 0.16867470
2 0.74038462 0.92168675 0.23557692 0.15662651
