0 0.56490385 0.09759036 0.05288462 0.05060241
1 0.56610577 0.08674699 0.05048077 0.07710843
0 0.56009615 0.20240964 0.05288462 0.05301205
1 0.56250000 0.21084337 0.05769231 0.06987952
2 0.54807692 0.37469880 0.15865385 0.39277108
0 0.54927885 0.61566265 0.05528846 0.04096386
1 0.54927885 0.62771084 0.05528846 0.06506024
2 0.56250000 0.72771084 0.13942308 0.26024096
0 0.29927885 0.46024096 0.05528846 0.03855422
1 0.30048077 0.47831325 0.05288462 0.07469880
2 0.34375000 0.62289157 0.14903846 0.36385542
