3 0.12139423 0.43614458 0.03605769 0.03855422
3 0.29326923 0.45662651 0.02403846 0.03132530
3 0.32451923 0.45301205 0.02884615 0.03855422
3 0.38581731 0.41566265 0.06971154 0.06506024
3 0.50841346 0.44337349 0.03125000 0.04337349
3 0.70432692 0.46746988 0.02403846 0.03855422
3 0.62259615 0.45542169 0.06250000 0.06265060
3 0.74278846 0.47469880 0.03846154 0.05301205
3 0.89783654 0.43975904 0.09855769 0.11325301
3 0.54927885 0.46506024 0.04567308 0.05783133
4 0.60937500 0.62289157 0.09375000 0.41204819
4 0.12379808 0.54578313 0.09855769 0.25783133
4 0.29567308 0.55662651 0.05288462 0.24096386
4 0.32932692 0.52409639 0.04326923 0.18072289
4 0.39903846 0.61566265 0.11538462 0.45542169
4 0.59975962 0.62650602 0.10817308 0.40481928
4 0.52043269 0.59156627 0.08413462 0.32530120
4 0.69951923 0.53493976 0.05288462 0.17831325
4 0.75120192 0.62289157 0.08894231 0.33975904
4 0.87980769 0.60963855 0.23076923 0.46265060
5 0.88581731 0.44819277 0.07932692 0.08674699
5 0.72956731 0.47590361 0.01682692 0.04096386
5 0.70312500 0.46867470 0.01682692 0.02650602
5 0.61057692 0.45783133 0.03846154 0.05301205
5 0.50600962 0.44337349 0.02644231 0.03373494
5 0.36899038 0.42048193 0.03125000 0.05542169
