0 0.08052885 0.39182692 0.07451923 0.04807692
1 0.08052885 0.42187500 0.07932692 0.10336538
2 0.07451923 0.60336538 0.14423077 0.48076923
0 0.20432692 0.38942308 0.07211538 0.04807692
1 0.20432692 0.41706731 0.07211538 0.09855769
2 0.20192308 0.60456731 0.18750000 0.48798077
0 0.74158654 0.03485577 0.10817308 0.06490385
0 0.81490385 0.02283654 0.06250000 0.03125000
0 0.37379808 0.36538462 0.06009615 0.05288462
1 0.37620192 0.39302885 0.06009615 0.10817308
2 0.34014423 0.59615385 0.15144231 0.51442308
0 0.44831731 0.34495192 0.10817308 0.07932692
1 0.44951923 0.37259615 0.11057692 0.13461538
2 0.42067308 0.58052885 0.37500000 0.55048077
0 0.52884615 0.39783654 0.05288462 0.03605769
1 0.53004808 0.41225962 0.05528846 0.06971154
0 0.60216346 0.37740385 0.06971154 0.04807692
1 0.60216346 0.40024038 0.06971154 0.08894231
2 0.61778846 0.56009615 0.11538462 0.41826923
0 0.73798077 0.31250000 0.10576923 0.07692308
1 0.73798077 0.33894231 0.10576923 0.12500000
2 0.76201923 0.56250000 0.24038462 0.58173077
0 0.81129808 0.31490385 0.05528846 0.03846154
1 0.80889423 0.35576923 0.06490385 0.11538462
2 0.92788462 0.50961538 0.13942308 0.68750000
1 0.92668269 0.23076923 0.13221154 0.13461538
1 0.93028846 0.10456731 0.13942308 0.12740385
5 0.08774038 0.43629808 0.05528846 0.05528846
5 0.20913462 0.42668269 0.04807692 0.05048077
5 0.37860577 0.41466346 0.04567308 0.04567308
5 0.45312500 0.38822115 0.06490385 0.08413462
5 0.52764423 0.43269231 0.03605769 0.03365385
5 0.59855769 0.41466346 0.03846154 0.04567308
5 0.76081731 0.34975962 0.04086538 0.07451923
5 0.81370192 0.36418269 0.04567308 0.06490385
5 0.93028846 0.23197115 0.08173077 0.10817308
5 0.92788462 0.10096154 0.08653846 0.10576923
