0 0.85697115 0.26802885 0.09375000 0.06009615
5 0.86418269 0.31850962 0.03605769 0.05528846
1 0.85817308 0.29567308 0.09615385 0.11057692
0 0.67908654 0.26081731 0.09375000 0.06490385
5 0.67067308 0.31850962 0.03365385 0.04567308
1 0.68028846 0.28725962 0.09615385 0.11298077
0 0.46754808 0.30889423 0.08894231 0.06009615
5 0.47115385 0.35817308 0.04807692 0.05769231
1 0.46754808 0.33533654 0.09375000 0.11298077
0 0.40745192 0.25961538 0.08413462 0.06730769
5 0.40745192 0.30649038 0.04086538 0.05528846
1 0.40985577 0.28125000 0.08413462 0.11057692
0 0.27884615 0.28725962 0.09134615 0.06971154
5 0.27884615 0.33774038 0.04807692 0.05048077
1 0.28004808 0.31009615 0.09375000 0.11057692
0 0.18629808 0.23437500 0.10336538 0.06971154
5 0.19831731 0.28605769 0.04567308 0.06250000
1 0.18750000 0.26081731 0.10576923 0.12259615
0 0.19471154 0.15865385 0.08653846 0.06250000
5 0.19711538 0.10336538 0.04326923 0.07692308
5 0.27884615 0.04807692 0.03846154 0.04807692
5 0.40745192 0.08173077 0.04086538 0.04807692
5 0.47475962 0.03125000 0.04567308 0.05288462
5 0.67427885 0.07331731 0.04567308 0.05528846
0 0.68269231 0.12740385 0.09615385 0.06250000
0 0.47355769 0.08293269 0.08653846 0.06009615
0 0.40865385 0.13341346 0.08173077 0.06009615
0 0.27524038 0.10216346 0.08413462 0.05528846
5 0.86538462 0.07331731 0.04807692 0.06490385
0 0.86057692 0.12139423 0.08173077 0.05048077
1 0.86177885 0.09375000 0.08413462 0.11057692
1 0.68629808 0.10096154 0.09375000 0.12019231
1 0.47355769 0.05889423 0.09134615 0.11298077
1 0.41105769 0.11057692 0.08653846 0.11057692
1 0.27644231 0.07091346 0.08173077 0.12259615
1 0.19711538 0.12740385 0.08653846 0.12980769
2 0.16706731 0.09855769 0.19951923 0.19230769
2 0.38341346 0.08413462 0.15625000 0.16346154
2 0.68629808 0.08173077 0.17067308 0.15865385
2 0.86899038 0.07572115 0.18028846 0.14663462
2 0.15865385 0.50961538 0.27884615 0.62019231
2 0.22836538 0.53846154 0.25000000 0.56730769
2 0.43629808 0.52524038 0.25240385 0.59855769
2 0.50841346 0.55528846 0.25721154 0.54807692
2 0.67668269 0.53485577 0.18509615 0.60817308
2 0.86778846 0.54086538 0.26442308 0.60576923
