3 0.92548077 0.33132530 0.14903846 0.16626506
4 0.86057692 0.53855422 0.26442308 0.57590361
0 0.77283654 0.03614458 0.11298077 0.06746988
0 0.77764423 0.30722892 0.10336538 0.09397590
5 0.73317308 0.36506024 0.03846154 0.06506024
1 0.77163462 0.34096386 0.11538462 0.16626506
2 0.75841346 0.44578313 0.19951923 0.36626506
5 0.52403846 0.43012048 0.03846154 0.04096386
0 0.52524038 0.37710843 0.07932692 0.05542169
1 0.52764423 0.40602410 0.07932692 0.11325301
2 0.55408654 0.59277108 0.20432692 0.48192771
0 0.25000000 0.01566265 0.03846154 0.02650602
5 0.57932692 0.43855422 0.01923077 0.02409639
3 0.58533654 0.43493976 0.03605769 0.04578313
4 0.59615385 0.55421687 0.05288462 0.28433735
0 0.42788462 0.47228916 0.03846154 0.02891566
1 0.42788462 0.48313253 0.03846154 0.04578313
2 0.44711538 0.62289157 0.07692308 0.32530120
0 0.43990385 0.45180723 0.03846154 0.03132530
0 0.39302885 0.46144578 0.02163462 0.01204819
1 0.39423077 0.46867470 0.02403846 0.02650602
2 0.38942308 0.54578313 0.04326923 0.18072289
5 0.25000000 0.34337349 0.01442308 0.01686747
0 0.25480769 0.32168675 0.03365385 0.03614458
1 0.25120192 0.32891566 0.04567308 0.05060241
2 0.23557692 0.43614458 0.07211538 0.26506024
0 0.37620192 0.39277108 0.02163462 0.01445783
1 0.37500000 0.39638554 0.02403846 0.02168675
