5 0.59036145 0.48317308 0.09156627 0.10096154
0 0.59759036 0.39302885 0.14939759 0.12259615
1 0.59879518 0.45192308 0.15180723 0.24038462
2 0.55783133 0.66225962 0.39759036 0.66105769
0 0.44096386 0.46153846 0.06746988 0.06730769
1 0.43975904 0.47596154 0.06987952 0.09615385
2 0.44939759 0.52163462 0.09879518 0.18269231
0 0.23734940 0.44230769 0.06024096 0.04807692
1 0.23614458 0.45913462 0.05783133 0.08173077
2 0.25542169 0.66346154 0.15421687 0.49038462
0 0.02530120 0.44110577 0.04578313 0.05048077
1 0.02409639 0.45913462 0.04337349 0.08653846
2 0.03614458 0.66225962 0.06746988 0.49278846
