0 0.80769231 0.47469880 0.06250000 0.04819277
1 0.81009615 0.48313253 0.06250000 0.06506024
0 0.72596154 0.45903614 0.05288462 0.03614458
1 0.72596154 0.46506024 0.05288462 0.04337349
3 0.60937500 0.44578313 0.04086538 0.04337349
3 0.58173077 0.37349398 0.03846154 0.03855422
3 0.49278846 0.35662651 0.03846154 0.02891566
0 0.42187500 0.27831325 0.04567308 0.03614458
1 0.42427885 0.28554217 0.05048077 0.05060241
1 0.32812500 0.29759036 0.05528846 0.04578313
0 0.32812500 0.29759036 0.05528846 0.05060241
5 0.84375000 0.30000000 0.01923077 0.03132530
3 0.84735577 0.29879518 0.03125000 0.04337349
5 0.78966346 0.25662651 0.01682692 0.02650602
5 0.73677885 0.23012048 0.01682692 0.03132530
5 0.62620192 0.17951807 0.01682692 0.02650602
5 0.55649038 0.17228916 0.01682692 0.02168675
5 0.51802885 0.18433735 0.01682692 0.02168675
5 0.47956731 0.19397590 0.02163462 0.02168675
5 0.44831731 0.17951807 0.01682692 0.03132530
5 0.42187500 0.18674699 0.01682692 0.02168675
5 0.38461538 0.17590361 0.01923077 0.02409639
5 0.32932692 0.17831325 0.02403846 0.02409639
5 0.29086538 0.19879518 0.00961538 0.02650602
3 0.79206731 0.25301205 0.03125000 0.04337349
3 0.73677885 0.22530120 0.03125000 0.04578313
3 0.55528846 0.16385542 0.02884615 0.04819277
3 0.51802885 0.18072289 0.02644231 0.03855422
3 0.47956731 0.18192771 0.03125000 0.04096386
3 0.44831731 0.17349398 0.03125000 0.04337349
3 0.42427885 0.18072289 0.01682692 0.03373494
3 0.29567308 0.19518072 0.02884615 0.03855422
1 0.62740385 0.16867470 0.03846154 0.05301205
0 0.62740385 0.15542169 0.03846154 0.03132530
0 0.38461538 0.16144578 0.03365385 0.03373494
0 0.33052885 0.15662651 0.03605769 0.02891566
1 0.38822115 0.16626506 0.03605769 0.04819277
1 0.33173077 0.16506024 0.03846154 0.05060241
3 0.04567308 0.18192771 0.02403846 0.03132530
3 0.15985577 0.28072289 0.03605769 0.03614458
5 0.15024038 0.28674699 0.01682692 0.02409639
5 0.04326923 0.18554217 0.00961538 0.01927711
0 0.33052885 0.01566265 0.04086538 0.02650602
0 0.38701923 0.01204819 0.02884615 0.01927711
0 0.62860577 0.01686747 0.03605769 0.02891566
4 0.04567308 0.25542169 0.07692308 0.19759036
4 0.16586538 0.32650602 0.08173077 0.13734940
4 0.44951923 0.23373494 0.08653846 0.15903614
4 0.49278846 0.24939759 0.05769231 0.17590361
4 0.56370192 0.25783133 0.07932692 0.23614458
4 0.50961538 0.24216867 0.04807692 0.16626506
4 0.72956731 0.29879518 0.09855769 0.19277108
4 0.79086538 0.31084337 0.05288462 0.15903614
4 0.85096154 0.39277108 0.07692308 0.23132530
4 0.50961538 0.51807229 0.11057692 0.36144578
4 0.62980769 0.61566265 0.14423077 0.38313253
2 0.33293269 0.23855422 0.08894231 0.19759036
2 0.38942308 0.21084337 0.04807692 0.13253012
2 0.62860577 0.26626506 0.06971154 0.25301205
2 0.34855769 0.44819277 0.23557692 0.35180723
2 0.45312500 0.31807229 0.10817308 0.11566265
2 0.72956731 0.64216867 0.13701923 0.43614458
2 0.79326923 0.64337349 0.20192308 0.38072289
