5 0.10456731 0.39277108 0.03605769 0.06265060
3 0.07692308 0.37349398 0.09615385 0.10602410
5 0.48317308 0.39156627 0.02884615 0.04096386
3 0.47115385 0.38313253 0.05769231 0.06746988
5 0.71634615 0.38554217 0.02403846 0.04337349
3 0.73798077 0.37469880 0.06250000 0.06987952
5 0.79927885 0.43132530 0.01682692 0.03373494
5 0.81490385 0.40843373 0.01442308 0.04578313
5 0.83653846 0.45662651 0.03846154 0.06987952
3 0.79567308 0.41807229 0.02884615 0.06024096
3 0.85937500 0.39156627 0.09855769 0.12289157
3 0.87980769 0.42289157 0.11538462 0.14216867
4 0.08413462 0.57951807 0.15865385 0.51807229
4 0.46875000 0.56024096 0.15384615 0.41686747
4 0.72235577 0.56867470 0.14182692 0.45301205
4 0.86538462 0.60120482 0.25961538 0.49397590
4 0.81129808 0.52891566 0.20913462 0.39277108
