5 0.49399038 0.44471154 0.04086538 0.05288462
0 0.49519231 0.41105769 0.07692308 0.06730769
1 0.49759615 0.43509615 0.07692308 0.11057692
5 0.67427885 0.42427885 0.05048077 0.05048077
0 0.69471154 0.38581731 0.08173077 0.06009615
1 0.69471154 0.40985577 0.08653846 0.10817308
2 0.53004808 0.61177885 0.20913462 0.45913462
2 0.67427885 0.59134615 0.21875000 0.50000000
5 0.80769231 0.62980769 0.03365385 0.03846154
0 0.82451923 0.60697115 0.07211538 0.04567308
1 0.82812500 0.62620192 0.07451923 0.07451923
2 0.82932692 0.71033654 0.12019231 0.25240385
