4 0.03004808 0.46867470 0.05528846 0.13253012
4 0.18870192 0.61927711 0.13701923 0.42891566
4 0.34134615 0.61084337 0.39423077 0.44096386
4 0.45192308 0.60963855 0.17788462 0.45301205
4 0.69591346 0.50963855 0.18028846 0.15180723
3 0.68389423 0.47831325 0.06490385 0.09397590
3 0.46274038 0.43975904 0.05528846 0.09397590
3 0.39302885 0.46867470 0.09855769 0.13734940
3 0.21754808 0.44939759 0.06971154 0.07951807
3 0.01923077 0.41566265 0.02403846 0.01686747
5 0.23076923 0.46144578 0.03365385 0.05060241
5 0.42187500 0.50120482 0.03125000 0.07710843
5 0.47355769 0.45662651 0.03365385 0.06506024
5 0.68629808 0.49518072 0.05048077 0.05060241
3 0.02403846 0.39518072 0.01442308 0.01927711
5 0.01802885 0.41686747 0.01201923 0.01445783
