0 0.03846154 0.10963855 0.02884615 0.01686747
1 0.03846154 0.10361446 0.02884615 0.02891566
2 0.04927885 0.06024096 0.06490385 0.11566265
0 0.03725962 0.32650602 0.02644231 0.01686747
1 0.03725962 0.33373494 0.02644231 0.03132530
2 0.04807692 0.40120482 0.05288462 0.16626506
0 0.36778846 0.28554217 0.02403846 0.01686747
0 0.36899038 0.15421687 0.02644231 0.01445783
2 0.35456731 0.08192771 0.10817308 0.15903614
2 0.35697115 0.36144578 0.10817308 0.16867470
0 0.02884615 0.52650602 0.01923077 0.02650602
2 0.03245192 0.59036145 0.06009615 0.15421687
0 0.31850962 0.50120482 0.02644231 0.01927711
1 0.31850962 0.50722892 0.02644231 0.03132530
2 0.34014423 0.59518072 0.13701923 0.20240964
0 0.71634615 0.70722892 0.09134615 0.07469880
1 0.72115385 0.72771084 0.10096154 0.11566265
0 0.71754808 0.85542169 0.08894231 0.07228916
1 0.72115385 0.84216867 0.09615385 0.09879518
4 0.34975962 0.93253012 0.12740385 0.13493976
4 0.03004808 0.94698795 0.05528846 0.10602410
5 0.03846154 0.34216867 0.01923077 0.00963855
5 0.03846154 0.09518072 0.01442308 0.01204819
2 0.63701923 0.70602410 0.01923077 0.03855422
0 0.63581731 0.69156627 0.00721154 0.00481928
