0 0.47115385 0.28725962 0.09615385 0.07451923
1 0.47235577 0.30649038 0.09855769 0.11298077
0 0.67307692 0.23437500 0.07211538 0.07932692
1 0.67187500 0.24639423 0.06971154 0.10336538
2 0.62980769 0.28245192 0.19230769 0.17548077
0 0.87379808 0.23798077 0.06971154 0.04326923
1 0.87620192 0.25000000 0.07451923 0.06730769
0 0.62860577 0.91947115 0.12259615 0.08413462
1 0.62980769 0.90264423 0.12500000 0.12740385
0 0.62620192 0.74639423 0.12740385 0.08413462
1 0.62620192 0.76442308 0.13221154 0.12019231
0 0.75360577 0.37620192 0.09375000 0.06971154
1 0.75360577 0.39903846 0.09375000 0.11538462
2 0.77403846 0.58413462 0.22596154 0.48557692
0 0.89302885 0.34134615 0.08894231 0.05769231
1 0.89302885 0.36057692 0.08894231 0.09134615
2 0.90024038 0.51682692 0.14182692 0.40384615
0 0.95552885 0.22355769 0.06490385 0.04807692
1 0.95793269 0.24158654 0.06490385 0.07932692
0 0.03004808 0.36298077 0.05048077 0.08173077
1 0.02764423 0.38461538 0.05048077 0.12500000
0 0.21754808 0.22475962 0.05528846 0.04086538
1 0.21754808 0.23677885 0.05528846 0.06490385
2 0.20793269 0.26081731 0.08413462 0.11298077
0 0.27524038 0.19951923 0.04567308 0.04326923
1 0.27644231 0.20793269 0.04807692 0.06009615
2 0.31370192 0.24278846 0.12259615 0.12980769
0 0.21754808 0.11298077 0.05528846 0.03846154
1 0.21875000 0.10456731 0.05769231 0.06490385
0 0.47115385 0.04807692 0.09615385 0.06730769
1 0.47355769 0.04206731 0.09615385 0.07451923
0 0.67067308 0.10216346 0.07692308 0.07451923
2 0.62860577 0.07091346 0.18990385 0.13701923
0 0.87259615 0.09975962 0.06730769 0.04567308
1 0.87379808 0.08894231 0.06971154 0.07211538
0 0.95673077 0.11177885 0.06730769 0.05048077
1 0.95793269 0.09975962 0.06971154 0.08413462
2 0.51923077 0.37620192 0.25961538 0.24759615
0 0.27283654 0.13581731 0.04567308 0.04567308
1 0.27524038 0.12620192 0.04567308 0.06971154
0 0.89062500 0.01081731 0.06971154 0.01682692
5 0.50000000 0.33413462 0.03365385 0.04807692
5 0.66346154 0.27764423 0.03846154 0.04086538
5 0.22836538 0.25360577 0.01442308 0.02644231
5 0.27524038 0.22716346 0.02163462 0.01682692
5 0.66466346 0.05528846 0.04567308 0.03365385
5 0.97355769 0.08293269 0.02403846 0.03605769
5 0.97355769 0.25480769 0.02403846 0.03846154
5 0.88701923 0.27043269 0.02884615 0.03125000
5 0.88701923 0.06610577 0.02884615 0.02644231
5 0.02644231 0.42427885 0.03846154 0.04567308
5 0.22475962 0.08413462 0.03125000 0.02403846
5 0.27524038 0.10336538 0.03125000 0.02884615
