0 0.02403846 0.36746988 0.04326923 0.14216867
0 0.02163462 0.02048193 0.03846154 0.03614458
0 0.67307692 0.06385542 0.31730769 0.12289157
0 0.49278846 0.04216867 0.13461538 0.06987952
0 0.55769231 0.10602410 0.12019231 0.06265060
0 0.50240385 0.27951807 0.13461538 0.07710843
0 0.56009615 0.22530120 0.12500000 0.06024096
0 0.68028846 0.37349398 0.32211538 0.32771084
1 0.48557692 0.36506024 0.16826923 0.25301205
1 0.65264423 0.37228916 0.38221154 0.33012048
2 0.03605769 0.55662651 0.06730769 0.54939759
1 0.67668269 0.06265060 0.31009615 0.12048193
2 0.47596154 0.49759036 0.19230769 0.51807229
2 0.59495192 0.53734940 0.49759615 0.66024096
5 0.53125000 0.37228916 0.12500000 0.18072289
5 0.43629808 0.36746988 0.06009615 0.10843373
