0 0.35456731 0.13012048 0.15144231 0.11566265
1 0.35336538 0.16144578 0.14903846 0.18313253
2 0.31850962 0.53493976 0.22355769 0.92530120
0 0.43509615 0.14457831 0.06250000 0.06746988
1 0.43269231 0.18192771 0.06730769 0.14216867
2 0.43149038 0.53012048 0.14182692 0.83855422
0 0.53966346 0.16024096 0.09375000 0.07469880
1 0.54206731 0.19277108 0.09855769 0.13975904
2 0.56009615 0.50000000 0.19230769 0.75903614
0 0.70192308 0.22530120 0.14903846 0.12289157
1 0.70312500 0.24819277 0.15144231 0.16867470
2 0.57812500 0.58192771 0.39182692 0.83614458
0 0.95192308 0.18915663 0.08653846 0.05542169
1 0.95192308 0.21325301 0.08653846 0.10361446
2 0.91826923 0.47228916 0.15384615 0.62650602
5 0.96754808 0.22891566 0.04086538 0.05783133
5 0.65024038 0.27228916 0.04567308 0.11084337
5 0.53605769 0.22289157 0.06730769 0.06987952
5 0.43149038 0.20843373 0.05048077 0.07469880
