5 0.33173077 0.43253012 0.03846154 0.09397590
5 0.53966346 0.50963855 0.03605769 0.06506024
5 0.63701923 0.55421687 0.05288462 0.04819277
5 0.86298077 0.50000000 0.04807692 0.06987952
3 0.28846154 0.42409639 0.13461538 0.12048193
3 0.51442308 0.49036145 0.08653846 0.10361446
0 0.64543269 0.51204819 0.07932692 0.05060241
0 0.88581731 0.44939759 0.12740385 0.07469880
1 0.88581731 0.47228916 0.12740385 0.12530120
1 0.64783654 0.53373494 0.08413462 0.09879518
4 0.26562500 0.58674699 0.30048077 0.44096386
4 0.50600962 0.62891566 0.22836538 0.37590361
2 0.67307692 0.65421687 0.21634615 0.33975904
2 0.90384615 0.61325301 0.19230769 0.40240964
