0 0.11298077 0.38822115 0.04807692 0.03125000
0 0.20673077 0.38701923 0.05769231 0.02884615
0 0.31490385 0.40024038 0.06730769 0.04086538
0 0.50360577 0.38461538 0.06009615 0.03846154
0 0.60216346 0.38942308 0.05528846 0.04326923
0 0.73076923 0.40144231 0.05288462 0.03365385
0 0.87980769 0.37740385 0.03846154 0.02403846
0 0.45673077 0.39903846 0.01923077 0.01442308
1 0.45793269 0.40504808 0.02163462 0.02644231
2 0.46514423 0.42788462 0.04567308 0.06730769
5 0.51923077 0.42187500 0.02403846 0.04086538
5 0.60096154 0.42307692 0.02884615 0.02884615
5 0.72836538 0.43509615 0.03365385 0.03846154
5 0.32091346 0.44110577 0.04086538 0.05048077
5 0.21394231 0.41586538 0.03365385 0.03846154
3 0.41466346 0.41225962 0.02163462 0.02644231
4 0.41466346 0.47716346 0.05528846 0.15144231
1 0.11418269 0.39663462 0.05048077 0.04807692
1 0.20673077 0.40504808 0.06250000 0.06490385
1 0.31370192 0.42427885 0.06971154 0.08894231
1 0.50480769 0.40745192 0.06250000 0.07932692
1 0.60336538 0.40384615 0.05769231 0.07211538
1 0.73197115 0.42067308 0.05528846 0.07211538
5 0.87860577 0.40024038 0.02163462 0.02644231
1 0.88100962 0.39062500 0.04086538 0.05048077
2 0.88221154 0.50240385 0.10576923 0.27403846
2 0.73798077 0.57331731 0.12980769 0.38221154
2 0.60096154 0.55889423 0.11538462 0.37740385
2 0.50120192 0.58774038 0.11778846 0.43990385
2 0.32812500 0.61177885 0.17067308 0.46875000
2 0.21274038 0.57692308 0.13221154 0.40865385
2 0.11778846 0.52764423 0.11057692 0.31009615
