0 0.61538462 0.71084337 0.02403846 0.01927711
2 0.60456731 0.75783133 0.05048077 0.10843373
0 0.58173077 0.64578313 0.01923077 0.02409639
2 0.57692308 0.69397590 0.04326923 0.12530120
0 0.53846154 0.56626506 0.01442308 0.01927711
2 0.51923077 0.59518072 0.05769231 0.07228916
0 0.39182692 0.52530120 0.01442308 0.01445783
1 0.39182692 0.53012048 0.01923077 0.02409639
2 0.39182692 0.57831325 0.02884615 0.11566265
0 0.71153846 0.48674699 0.01442308 0.00963855
2 0.71394231 0.52289157 0.03846154 0.08192771
0 0.72355769 0.54096386 0.01442308 0.01686747
2 0.72235577 0.58433735 0.03605769 0.09879518
3 0.84855769 0.54337349 0.01442308 0.01686747
4 0.85096154 0.58674699 0.03846154 0.10361446
0 0.83653846 0.43012048 0.00961538 0.00722892
2 0.84014423 0.45783133 0.02644231 0.06265060
0 0.89903846 0.69638554 0.01923077 0.02409639
1 0.90024038 0.69759036 0.02163462 0.02650602
2 0.92187500 0.73493976 0.06009615 0.10120482
0 0.82331731 0.74698795 0.02163462 0.01927711
2 0.84855769 0.77831325 0.06730769 0.07710843
0 0.61298077 0.95180723 0.01923077 0.01927711
1 0.61298077 0.94939759 0.02403846 0.02409639
2 0.60336538 0.90481928 0.04807692 0.11325301
0 0.81971154 0.91566265 0.01442308 0.01927711
2 0.84855769 0.88674699 0.07211538 0.08674699
0 0.89783654 0.97108434 0.01682692 0.01927711
1 0.90024038 0.96867470 0.01682692 0.02409639
2 0.92067308 0.92771084 0.05769231 0.10602410
4 0.25120192 0.46746988 0.01682692 0.03373494
4 0.23076923 0.46746988 0.01923077 0.03373494
