0 0.83173077 0.31084337 0.05769231 0.04819277
5 0.82331731 0.34819277 0.02644231 0.04096386
1 0.83173077 0.33012048 0.05769231 0.08674699
2 0.89423077 0.50000000 0.18269231 0.42650602
0 0.74158654 0.30722892 0.06009615 0.05060241
5 0.73437500 0.34457831 0.03605769 0.04819277
1 0.74399038 0.32771084 0.06490385 0.09156627
2 0.77884615 0.51084337 0.13461538 0.45783133
0 0.55769231 0.38072289 0.05769231 0.05783133
5 0.56250000 0.40481928 0.03846154 0.02409639
1 0.56129808 0.38795181 0.06490385 0.07228916
2 0.61177885 0.51204819 0.16586538 0.32048193
0 0.45072115 0.33614458 0.06009615 0.05542169
5 0.45312500 0.36626506 0.03605769 0.02891566
1 0.45072115 0.34578313 0.06009615 0.07469880
2 0.47596154 0.51204819 0.25000000 0.40722892
0 0.25360577 0.34337349 0.06490385 0.05542169
1 0.25360577 0.34337349 0.06490385 0.05542169
2 0.29206731 0.53614458 0.21394231 0.44096386
0 0.74038462 0.03132530 0.06250000 0.05783133
0 0.83173077 0.02530120 0.06250000 0.04578313
1 0.74158654 0.03132530 0.06490385 0.05783133
