0 0.42788462 0.51566265 0.06730769 0.07710843
0 0.65625000 0.41807229 0.04326923 0.03614458
0 0.54206731 0.28915663 0.02163462 0.01445783
0 0.47115385 0.29638554 0.01442308 0.01445783
0 0.46995192 0.05421687 0.01682692 0.01204819
0 0.54326923 0.06144578 0.01923077 0.01204819
1 0.42427885 0.51807229 0.07451923 0.07710843
1 0.65625000 0.42530120 0.04326923 0.04578313
1 0.54206731 0.29397590 0.02163462 0.02409639
1 0.46875000 0.29879518 0.01923077 0.01927711
1 0.47115385 0.05180723 0.01923077 0.01686747
1 0.54326923 0.05421687 0.01923077 0.02650602
2 0.46634615 0.33132530 0.02403846 0.08915663
2 0.53125000 0.36746988 0.05769231 0.17108434
2 0.53485577 0.03493976 0.05048077 0.06506024
2 0.46274038 0.03012048 0.03125000 0.05542169
2 0.41225962 0.57710843 0.15625000 0.20000000
2 0.64302885 0.47469880 0.10336538 0.14457831
