0 0.06250000 0.38795181 0.04807692 0.02891566
5 0.07091346 0.41445783 0.02644231 0.02891566
1 0.06250000 0.40240964 0.04807692 0.05783133
0 0.12620192 0.40843373 0.05528846 0.04096386
5 0.13221154 0.44337349 0.02884615 0.03373494
1 0.12860577 0.42650602 0.05528846 0.07710843
0 0.21995192 0.39518072 0.04086538 0.02891566
5 0.20913462 0.41445783 0.01442308 0.02409639
1 0.22115385 0.40361446 0.04326923 0.04578313
0 0.29326923 0.39277108 0.04807692 0.03373494
5 0.29687500 0.42048193 0.03605769 0.03132530
1 0.29326923 0.40843373 0.05288462 0.06506024
0 0.37980769 0.40481928 0.02884615 0.02891566
0 0.41466346 0.39036145 0.05048077 0.04337349
5 0.41466346 0.42168675 0.03125000 0.03373494
1 0.41586538 0.40361446 0.04807692 0.06987952
0 0.47115385 0.38313253 0.04807692 0.02891566
5 0.45913462 0.41084337 0.02403846 0.02650602
1 0.47235577 0.39638554 0.05048077 0.05542169
0 0.56971154 0.36144578 0.05288462 0.03855422
0 0.51562500 0.39277108 0.01682692 0.00963855
5 0.51442308 0.40361446 0.00961538 0.01204819
1 0.51682692 0.40000000 0.01923077 0.02409639
5 0.56610577 0.39518072 0.03125000 0.03855422
1 0.57211538 0.37831325 0.05288462 0.07228916
0 0.60937500 0.40120482 0.03605769 0.03132530
0 0.65264423 0.40602410 0.04086538 0.03132530
5 0.65504808 0.43493976 0.02163462 0.02650602
1 0.65504808 0.41927711 0.04086538 0.05783133
0 0.69711538 0.39638554 0.05769231 0.03614458
5 0.68509615 0.43493976 0.02403846 0.03132530
1 0.69831731 0.41566265 0.05528846 0.07469880
0 0.75961538 0.40481928 0.03846154 0.02409639
5 0.76201923 0.42530120 0.01923077 0.02168675
1 0.76081731 0.41566265 0.04086538 0.04578313
0 0.80889423 0.38313253 0.04567308 0.03855422
5 0.81009615 0.41807229 0.02884615 0.03614458
1 0.81129808 0.40120482 0.04567308 0.07469880
0 0.88461538 0.36867470 0.09615385 0.07710843
5 0.88942308 0.43132530 0.06250000 0.06265060
1 0.88701923 0.39759036 0.09615385 0.13493976
3 0.95793269 0.40843373 0.04086538 0.05542169
5 0.95793269 0.41686747 0.02644231 0.03855422
2 0.04927885 0.54939759 0.09375000 0.35662651
2 0.13221154 0.57590361 0.13461538 0.37590361
2 0.21394231 0.51204819 0.06250000 0.26746988
2 0.28966346 0.56746988 0.12740385 0.39277108
2 0.43028846 0.57228916 0.14903846 0.40722892
2 0.56370192 0.55180723 0.12740385 0.42409639
2 0.68509615 0.56867470 0.15865385 0.38554217
2 0.79927885 0.54819277 0.10336538 0.36867470
2 0.88942308 0.54578313 0.20673077 0.43614458
0 0.06370192 0.03373494 0.04086538 0.02891566
5 0.06490385 0.01445783 0.03365385 0.01927711
1 0.06250000 0.02650602 0.04326923 0.04819277
0 0.12740385 0.01566265 0.04807692 0.02650602
0 0.22115385 0.02891566 0.04326923 0.02891566
5 0.21153846 0.01566265 0.02884615 0.02650602
1 0.22355769 0.02289157 0.04326923 0.04096386
0 0.29086538 0.02771084 0.04807692 0.03614458
0 0.41225962 0.02771084 0.05528846 0.04096386
0 0.47115385 0.03493976 0.05288462 0.03132530
0 0.56971154 0.05903614 0.05288462 0.03132530
0 0.60937500 0.01807229 0.04086538 0.02650602
0 0.65384615 0.01807229 0.03846154 0.03132530
0 0.69831731 0.02289157 0.05048077 0.03132530
0 0.75721154 0.01445783 0.03365385 0.01927711
0 0.81129808 0.03493976 0.04567308 0.04096386
0 0.88221154 0.04698795 0.08653846 0.06506024
5 0.56490385 0.02289157 0.02884615 0.03614458
1 0.57211538 0.03855422 0.05288462 0.07228916
