5 0.55408654 0.50360577 0.05048077 0.07932692
5 0.65024038 0.30168269 0.04567308 0.06971154
5 0.82091346 0.35336538 0.05528846 0.07211538
5 0.78725962 0.26802885 0.04567308 0.06009615
5 0.42427885 0.30769231 0.05048077 0.04807692
5 0.29206731 0.27884615 0.05048077 0.07211538
5 0.21634615 0.40625000 0.05288462 0.06250000
3 0.09855769 0.29447115 0.07692308 0.07932692
3 0.19110577 0.36418269 0.12259615 0.15625000
3 0.28125000 0.26201923 0.07692308 0.11057692
3 0.41826923 0.28485577 0.06730769 0.09375000
3 0.53966346 0.47355769 0.09375000 0.14423077
3 0.64903846 0.28966346 0.08173077 0.11298077
3 0.78846154 0.25480769 0.06250000 0.08653846
3 0.83173077 0.34254808 0.08173077 0.10817308
4 0.12860577 0.47836538 0.25240385 0.38942308
4 0.31370192 0.41346154 0.16586538 0.41346154
4 0.44711538 0.36658654 0.17307692 0.26201923
4 0.49519231 0.52524038 0.30288462 0.24759615
4 0.64423077 0.41586538 0.21634615 0.36538462
4 0.84495192 0.42788462 0.18990385 0.27884615
4 0.79807692 0.30408654 0.19711538 0.18990385
