0 0.49399038 0.40240964 0.06490385 0.03855422
1 0.49278846 0.42409639 0.06250000 0.08192771
0 0.58413462 0.42168675 0.06730769 0.04337349
1 0.58293269 0.43614458 0.06490385 0.07228916
0 0.63581731 0.46867470 0.06971154 0.06506024
1 0.63461538 0.48072289 0.07211538 0.08433735
0 0.84254808 0.40361446 0.06971154 0.05542169
1 0.84134615 0.42168675 0.07211538 0.08674699
5 0.90745192 0.43012048 0.02644231 0.03614458
0 0.94110577 0.40000000 0.06490385 0.05783133
1 0.93509615 0.41807229 0.08173077 0.08915663
2 0.94471154 0.57831325 0.10096154 0.40963855
2 0.84735577 0.58674699 0.17548077 0.41686747
2 0.61778846 0.62771084 0.16346154 0.37831325
2 0.48317308 0.60240964 0.14423077 0.43855422
2 0.58173077 0.48674699 0.06730769 0.17349398
