0 0.36177885 0.28125000 0.06009615 0.05288462
0 0.40865385 0.28966346 0.03846154 0.03605769
0 0.51442308 0.27764423 0.15865385 0.14182692
0 0.40745192 0.04326923 0.03605769 0.03365385
0 0.36057692 0.05288462 0.05769231 0.04807692
1 0.36057692 0.03966346 0.05769231 0.07451923
1 0.40504808 0.03125000 0.04086538 0.05769231
0 0.51442308 0.06370192 0.15865385 0.12259615
1 0.36057692 0.29086538 0.05769231 0.07211538
1 0.40985577 0.29807692 0.03605769 0.05288462
1 0.51442308 0.32211538 0.15865385 0.23076923
2 0.34254808 0.47716346 0.16586538 0.44471154
2 0.41466346 0.42427885 0.04567308 0.31009615
2 0.50120192 0.52043269 0.43028846 0.63221154
5 0.49278846 0.38341346 0.06250000 0.07451923
5 0.40144231 0.31009615 0.01923077 0.02403846
5 0.40264423 0.02163462 0.02163462 0.02403846
