3 0.03245192 0.38554217 0.06009615 0.14939759
4 0.17187500 0.58915663 0.33894231 0.56144578
3 0.15024038 0.39879518 0.10336538 0.11807229
4 0.17668269 0.60361446 0.25240385 0.52289157
3 0.35336538 0.38192771 0.06250000 0.10843373
4 0.33894231 0.59638554 0.18750000 0.53253012
3 0.55288462 0.37108434 0.06730769 0.10602410
4 0.56009615 0.58795181 0.19230769 0.53975904
3 0.64903846 0.37590361 0.12500000 0.15421687
4 0.70192308 0.57710843 0.28365385 0.55662651
3 0.85216346 0.36265060 0.08413462 0.11325301
4 0.89062500 0.58192771 0.17548077 0.54698795
3 0.16466346 0.34457831 0.07451923 0.05301205
4 0.16346154 0.57710843 0.20192308 0.51325301
5 0.03846154 0.41445783 0.04326923 0.09638554
5 0.18269231 0.41204819 0.03365385 0.07228916
5 0.35336538 0.40361446 0.05288462 0.05542169
5 0.54807692 0.39397590 0.03846154 0.06506024
5 0.83052885 0.37349398 0.03605769 0.06265060
