0 0.04687500 0.31850962 0.06490385 0.05048077
0 0.21394231 0.34975962 0.06730769 0.06009615
0 0.43149038 0.34735577 0.05048077 0.04086538
0 0.54326923 0.33533654 0.07211538 0.04567308
3 0.93028846 0.37980769 0.06250000 0.08653846
3 0.74879808 0.38221154 0.05048077 0.06250000
3 0.66346154 0.36899038 0.06250000 0.07451923
3 0.59975962 0.36778846 0.05048077 0.06730769
3 0.35456731 0.39062500 0.05048077 0.07451923
3 0.30048077 0.37620192 0.03365385 0.05048077
1 0.04687500 0.33413462 0.06971154 0.08653846
1 0.21394231 0.37379808 0.06730769 0.09855769
1 0.43269231 0.36658654 0.04807692 0.07932692
1 0.53966346 0.35817308 0.06490385 0.08173077
2 0.05528846 0.51923077 0.10576923 0.45673077
2 0.13701923 0.58533654 0.26923077 0.52163462
4 0.31490385 0.56009615 0.14903846 0.41346154
2 0.40625000 0.52524038 0.10576923 0.39182692
2 0.48437500 0.56250000 0.23317308 0.49519231
4 0.66586538 0.58052885 0.16346154 0.49278846
4 0.91826923 0.57812500 0.15384615 0.46875000
4 0.77283654 0.57331731 0.10817308 0.44951923
3 0.49759615 0.36778846 0.02403846 0.02403846
3 0.78725962 0.37740385 0.02644231 0.03846154
0 0.81009615 0.36899038 0.01923077 0.01682692
1 0.81129808 0.37860577 0.02163462 0.03605769
3 0.97716346 0.38581731 0.03605769 0.06490385
5 0.05649038 0.35216346 0.03125000 0.03605769
5 0.20312500 0.39423077 0.04567308 0.04326923
5 0.30168269 0.37860577 0.02163462 0.02644231
5 0.35096154 0.39783654 0.03365385 0.04567308
5 0.42908654 0.37379808 0.02644231 0.03125000
5 0.54567308 0.37259615 0.03365385 0.03846154
5 0.65384615 0.37379808 0.03365385 0.05048077
5 0.73918269 0.38221154 0.02644231 0.04326923
5 0.91346154 0.38942308 0.02884615 0.05769231
