0 0.13221154 0.67908654 0.03846154 0.02163462
0 0.36057692 0.68269231 0.02884615 0.02884615
0 0.42548077 0.69711538 0.01442308 0.01442308
0 0.43629808 0.70192308 0.01682692 0.01442308
0 0.25841346 0.69591346 0.02163462 0.01682692
0 0.30889423 0.69951923 0.02163462 0.00961538
1 0.13581731 0.68389423 0.04086538 0.03605769
1 0.25721154 0.69591346 0.02403846 0.03125000
1 0.30769231 0.70192308 0.02403846 0.02403846
1 0.36418269 0.68870192 0.03605769 0.04086538
1 0.42427885 0.70072115 0.01682692 0.02163462
1 0.43750000 0.70072115 0.01923077 0.01682692
2 0.13581731 0.77163462 0.05528846 0.21153846
0 0.19230769 0.71394231 0.01442308 0.01442308
1 0.19350962 0.71875000 0.02163462 0.02884615
2 0.20793269 0.75841346 0.05048077 0.10336538
2 0.25961538 0.73437500 0.03365385 0.10336538
2 0.31009615 0.73798077 0.03365385 0.10096154
2 0.38701923 0.77163462 0.09134615 0.20673077
2 0.41826923 0.73918269 0.02403846 0.09375000
2 0.44230769 0.73317308 0.02403846 0.08173077
