5 0.70432692 0.39423077 0.03365385 0.04326923
0 0.70793269 0.35096154 0.06490385 0.05769231
0 0.49158654 0.40504808 0.05528846 0.04086538
0 0.29206731 0.40144231 0.03605769 0.03365385
5 0.18269231 0.43990385 0.01442308 0.00961538
0 0.18149038 0.42427885 0.02163462 0.01682692
1 0.18149038 0.43149038 0.02163462 0.03125000
1 0.29206731 0.41225962 0.03605769 0.05048077
1 0.49278846 0.42187500 0.05769231 0.07451923
5 0.49879808 0.43870192 0.02163462 0.03125000
1 0.70793269 0.37019231 0.06490385 0.09615385
2 0.18870192 0.49639423 0.08894231 0.16586538
2 0.28365385 0.51201923 0.09615385 0.25000000
2 0.48557692 0.54927885 0.14423077 0.32932692
2 0.68509615 0.58173077 0.17788462 0.51442308
5 0.29447115 0.42668269 0.02163462 0.01682692
