3 0.03725962 0.40264423 0.06490385 0.07451923
3 0.16225962 0.41346154 0.06490385 0.08653846
3 0.46514423 0.33533654 0.09375000 0.12740385
3 0.60817308 0.35096154 0.12500000 0.12980769
3 0.75721154 0.36778846 0.06730769 0.07211538
3 0.86658654 0.40144231 0.06009615 0.07211538
4 0.45312500 0.57331731 0.21875000 0.59855769
4 0.18269231 0.62259615 0.15865385 0.50000000
4 0.06370192 0.62139423 0.12259615 0.51682692
4 0.61778846 0.57932692 0.27884615 0.58653846
4 0.81370192 0.59495192 0.18028846 0.52644231
4 0.86057692 0.59254808 0.15865385 0.44951923
5 0.48076923 0.35096154 0.04326923 0.07211538
5 0.64783654 0.37259615 0.04086538 0.06730769
5 0.74399038 0.37980769 0.03125000 0.05288462
5 0.17427885 0.42307692 0.02644231 0.04326923
5 0.04807692 0.41346154 0.03365385 0.04807692
5 0.88461538 0.41225962 0.02403846 0.04567308
