3 0.06610577 0.39518072 0.06009615 0.07228916
3 0.18870192 0.40481928 0.05048077 0.05783133
3 0.17427885 0.36265060 0.04567308 0.06024096
3 0.28245192 0.37590361 0.04567308 0.06265060
3 0.42788462 0.38433735 0.04326923 0.05542169
3 0.53966346 0.38915663 0.04567308 0.06024096
3 0.67187500 0.38795181 0.04567308 0.05783133
3 0.75961538 0.38072289 0.04807692 0.07228916
3 0.88341346 0.37469880 0.06490385 0.08915663
5 0.06971154 0.40602410 0.03365385 0.04096386
5 0.18028846 0.36506024 0.03365385 0.03132530
5 0.19471154 0.40843373 0.02884615 0.03132530
5 0.28485577 0.38554217 0.03125000 0.03855422
5 0.43269231 0.38674699 0.01923077 0.04096386
5 0.54326923 0.40481928 0.03365385 0.03855422
5 0.66706731 0.39397590 0.03125000 0.05060241
5 0.75360577 0.38554217 0.03605769 0.05301205
5 0.87980769 0.38192771 0.04807692 0.06024096
4 0.07091346 0.58313253 0.13701923 0.44337349
4 0.20072115 0.57951807 0.14182692 0.39759036
4 0.28365385 0.52771084 0.10576923 0.36626506
4 0.42908654 0.52891566 0.11298077 0.34457831
4 0.54807692 0.53132530 0.11057692 0.34457831
4 0.66706731 0.54578313 0.10336538 0.37831325
4 0.75000000 0.56746988 0.13461538 0.45060241
4 0.88100962 0.57710843 0.17548077 0.49397590
