0 0.53125000 0.34134615 0.12500000 0.12500000
0 0.53725962 0.03605769 0.12259615 0.06730769
0 0.33052885 0.41105769 0.04086538 0.03846154
0 0.16826923 0.39302885 0.01923077 0.03125000
0 0.18269231 0.37019231 0.01923077 0.01923077
1 0.32812500 0.41706731 0.04086538 0.05528846
1 0.53605769 0.36057692 0.13461538 0.15865385
1 0.17067308 0.39423077 0.02403846 0.02884615
5 0.53846154 0.39783654 0.08173077 0.07932692
2 0.63100962 0.50721154 0.52163462 0.44711538
2 0.29927885 0.43149038 0.11778846 0.06971154
2 0.19951923 0.40384615 0.09615385 0.05769231
