0 0.35216346 0.31807229 0.14182692 0.08192771
5 0.35817308 0.39759036 0.06250000 0.06746988
1 0.35336538 0.35783133 0.13942308 0.15662651
0 0.51682692 0.35180723 0.05288462 0.03373494
5 0.51562500 0.37831325 0.02644231 0.02891566
1 0.51923077 0.36506024 0.05288462 0.06024096
0 0.62980769 0.22530120 0.09134615 0.06987952
5 0.62259615 0.27951807 0.04326923 0.06265060
1 0.63221154 0.25060241 0.09134615 0.12048193
0 0.63100962 0.10722892 0.08894231 0.06506024
5 0.62500000 0.06144578 0.05288462 0.07469880
1 0.63341346 0.08192771 0.08894231 0.11566265
2 0.41947115 0.55542169 0.43028846 0.55662651
2 0.50360577 0.48795181 0.13221154 0.30602410
2 0.67067308 0.45903614 0.17307692 0.53734940
