0 0.85937500 0.23253012 0.10817308 0.06987952
1 0.85817308 0.26506024 0.11057692 0.13493976
2 0.80168269 0.47831325 0.30048077 0.56144578
0 0.49879808 0.53975904 0.06490385 0.11566265
1 0.47355769 0.53975904 0.12019231 0.11566265
2 0.32572115 0.61927711 0.41105769 0.33253012
0 0.86177885 0.10963855 0.10336538 0.06506024
1 0.86538462 0.07349398 0.10576923 0.13734940
0 0.19591346 0.08433735 0.06490385 0.03855422
1 0.19711538 0.06746988 0.06250000 0.07710843
0 0.26562500 0.09036145 0.05528846 0.04096386
1 0.27163462 0.07108434 0.06250000 0.08433735
2 0.18629808 0.05180723 0.14182692 0.09879518
2 0.29567308 0.05903614 0.11057692 0.11325301
0 0.26682692 0.25301205 0.05769231 0.04337349
1 0.27043269 0.27108434 0.06490385 0.07951807
2 0.30048077 0.34216867 0.12980769 0.22650602
0 0.19831731 0.25662651 0.06009615 0.04096386
1 0.19831731 0.27590361 0.06009615 0.07951807
2 0.18149038 0.45180723 0.15144231 0.43132530
0 0.11057692 0.42409639 0.03365385 0.07710843
1 0.10216346 0.42409639 0.05048077 0.08192771
2 0.06490385 0.52168675 0.12500000 0.33493976
2 0.83653846 0.07228916 0.15865385 0.13975904
5 0.87860577 0.29518072 0.04567308 0.06506024
5 0.44350962 0.57469880 0.05528846 0.03614458
5 0.87980769 0.04819277 0.05288462 0.05783133
