0 0.82812500 0.36658654 0.15625000 0.11778846
5 0.77524038 0.42668269 0.06009615 0.09855769
0 0.49038462 0.29447115 0.13461538 0.08413462
0 0.15865385 0.27884615 0.14903846 0.09615385
0 0.15865385 0.06971154 0.14903846 0.09134615
0 0.48798077 0.04687500 0.12980769 0.08413462
5 0.52043269 0.36538462 0.05528846 0.07692308
1 0.82812500 0.39663462 0.16105769 0.18269231
1 0.49158654 0.33413462 0.13701923 0.16826923
5 0.18509615 0.36057692 0.05769231 0.08653846
1 0.16105769 0.32331731 0.15384615 0.18509615
1 0.16105769 0.05889423 0.14903846 0.11298077
2 0.14423077 0.53004808 0.28365385 0.60817308
2 0.48557692 0.53846154 0.26923077 0.55769231
2 0.81370192 0.56850962 0.30048077 0.52163462
