0 0.33173077 0.48674699 0.07692308 0.05301205
0 0.51442308 0.49156627 0.07692308 0.04337349
0 0.71153846 0.47831325 0.09615385 0.06506024
1 0.33293269 0.51204819 0.07932692 0.09879518
1 0.51562500 0.51445783 0.07451923 0.09397590
1 0.71394231 0.50481928 0.10096154 0.11807229
2 0.31730769 0.64819277 0.20673077 0.37590361
2 0.51682692 0.65542169 0.20192308 0.37590361
2 0.73076923 0.64337349 0.25000000 0.40000000
5 0.33052885 0.53253012 0.05528846 0.04819277
5 0.51322115 0.53253012 0.04567308 0.06265060
5 0.71274038 0.53012048 0.06490385 0.06746988
