0 0.70312500 0.09495192 0.04567308 0.05048077
1 0.70432692 0.10456731 0.05288462 0.06971154
2 0.72956731 0.19110577 0.13221154 0.23798077
0 0.98918269 0.09014423 0.02163462 0.03605769
1 0.99038462 0.10456731 0.01923077 0.06490385
2 0.95312500 0.18990385 0.09375000 0.23076923
0 0.50961538 0.42788462 0.03846154 0.05769231
1 0.51682692 0.43028846 0.05288462 0.06250000
2 0.57211538 0.46153846 0.16346154 0.12500000
0 0.58894231 0.65985577 0.03365385 0.02644231
1 0.58894231 0.67788462 0.03846154 0.05288462
2 0.59975962 0.82331731 0.11298077 0.35336538
5 0.70793269 0.12259615 0.02644231 0.01923077
