3 0.50360577 0.30769231 0.08894231 0.11057692
3 0.65985577 0.31129808 0.05528846 0.06971154
3 0.70432692 0.31129808 0.03365385 0.06009615
3 0.79086538 0.29687500 0.07692308 0.10336538
3 0.85216346 0.33052885 0.12740385 0.12740385
3 0.10216346 0.30168269 0.11778846 0.18028846
4 0.13100962 0.60336538 0.18990385 0.79326923
4 0.52043269 0.61177885 0.21394231 0.72355769
4 0.65745192 0.49759615 0.11778846 0.44711538
4 0.76682692 0.56850962 0.14423077 0.64182692
4 0.86057692 0.61899038 0.18269231 0.68990385
5 0.13701923 0.33894231 0.02884615 0.09134615
5 0.50961538 0.32572115 0.05288462 0.06971154
5 0.66105769 0.32331731 0.03846154 0.04567308
5 0.77764423 0.32211538 0.04086538 0.06730769
5 0.81610577 0.34975962 0.04086538 0.08894231
