0 0.81971154 0.41807229 0.08173077 0.05542169
5 0.81971154 0.45060241 0.03846154 0.05301205
1 0.81971154 0.43614458 0.08173077 0.08674699
0 0.63100962 0.45180723 0.06971154 0.05060241
5 0.62980769 0.48915663 0.03365385 0.05301205
1 0.63100962 0.47228916 0.06971154 0.09638554
0 0.48677885 0.43132530 0.06971154 0.04819277
5 0.48798077 0.47349398 0.03365385 0.04578313
1 0.48677885 0.45301205 0.06971154 0.09156627
0 0.37379808 0.44939759 0.06009615 0.04578313
5 0.37139423 0.48433735 0.04086538 0.04819277
1 0.37259615 0.46867470 0.06250000 0.08433735
0 0.29086538 0.46144578 0.05769231 0.04578313
5 0.28846154 0.49036145 0.03365385 0.04096386
1 0.29206731 0.47710843 0.06009615 0.07710843
0 0.22235577 0.45060241 0.05528846 0.04337349
5 0.21875000 0.47469880 0.03846154 0.03855422
1 0.22235577 0.46506024 0.05528846 0.07228916
2 0.94831731 0.61445783 0.10336538 0.34698795
2 0.80889423 0.61204819 0.17067308 0.43855422
2 0.63701923 0.62891566 0.13942308 0.40000000
2 0.49879808 0.62048193 0.14182692 0.42168675
2 0.37019231 0.63253012 0.13461538 0.40722892
2 0.28485577 0.64096386 0.11298077 0.39518072
2 0.18990385 0.63253012 0.14903846 0.40240964
