3 0.84254808 0.29927885 0.09855769 0.09855769
5 0.68629808 0.28966346 0.01682692 0.04567308
3 0.70312500 0.28365385 0.06009615 0.06250000
3 0.55168269 0.30649038 0.05528846 0.06971154
5 0.48677885 0.32692308 0.01682692 0.03365385
3 0.49759615 0.32331731 0.03846154 0.05528846
5 0.39783654 0.31490385 0.02644231 0.03846154
3 0.40264423 0.31129808 0.03605769 0.05528846
3 0.27884615 0.29086538 0.06250000 0.07692308
5 0.24158654 0.31009615 0.02644231 0.04326923
3 0.18149038 0.27644231 0.10817308 0.13942308
4 0.85697115 0.55649038 0.21875000 0.60817308
4 0.68028846 0.45552885 0.12500000 0.40625000
4 0.53846154 0.50360577 0.17788462 0.45913462
4 0.40264423 0.43389423 0.09855769 0.30048077
4 0.28846154 0.49639423 0.10576923 0.48317308
4 0.17187500 0.53365385 0.26682692 0.64423077
