5 0.30408654 0.58293269 0.03125000 0.03605769
5 0.46394231 0.58653846 0.03846154 0.04807692
5 0.73557692 0.59975962 0.04807692 0.05528846
3 0.73317308 0.58173077 0.07211538 0.09615385
0 0.30168269 0.54326923 0.06009615 0.04807692
0 0.46754808 0.53846154 0.06971154 0.05288462
0 0.14182692 0.58774038 0.02403846 0.02163462
1 0.14062500 0.59495192 0.03125000 0.03125000
1 0.30048077 0.56009615 0.06250000 0.08173077
1 0.46754808 0.55889423 0.06971154 0.09855769
2 0.13341346 0.60937500 0.05048077 0.05528846
2 0.30889423 0.71514423 0.16586538 0.39663462
2 0.46394231 0.71153846 0.17788462 0.39903846
4 0.74158654 0.71754808 0.19951923 0.36778846
