0 0.16346154 0.38221154 0.16826923 0.12980769
0 0.53004808 0.44230769 0.16586538 0.13942308
1 0.53004808 0.48317308 0.16586538 0.22115385
0 0.48918269 0.29567308 0.10336538 0.08173077
1 0.48677885 0.32451923 0.10336538 0.13942308
0 0.71754808 0.36538462 0.15144231 0.10096154
1 0.71754808 0.40745192 0.15144231 0.18028846
0 0.48437500 0.06730769 0.11298077 0.07692308
1 0.48437500 0.05408654 0.11298077 0.10336538
1 0.16346154 0.41466346 0.16826923 0.19951923
5 0.14783654 0.46754808 0.07932692 0.07932692
5 0.47355769 0.35937500 0.06250000 0.06971154
5 0.69110577 0.45072115 0.06009615 0.07932692
2 0.17427885 0.56490385 0.32451923 0.50480769
2 0.56850962 0.59855769 0.39663462 0.45192308
2 0.43389423 0.46875000 0.20913462 0.42788462
2 0.72475962 0.49879808 0.23798077 0.36778846
5 0.47596154 0.02043269 0.07211538 0.03605769
