0 0.34134615 0.41084337 0.05288462 0.04578313
5 0.32451923 0.42530120 0.01442308 0.03132530
1 0.34254808 0.41566265 0.05528846 0.05542169
2 0.31971154 0.55301205 0.13942308 0.33012048
0 0.78365385 0.54819277 0.02403846 0.03132530
1 0.78485577 0.54939759 0.02644231 0.03373494
0 0.89182692 0.59156627 0.02884615 0.03132530
1 0.89182692 0.59036145 0.02884615 0.03373494
0 0.93990385 0.59759036 0.02403846 0.02409639
1 0.94110577 0.60000000 0.02644231 0.03373494
0 0.79086538 0.64698795 0.02884615 0.02650602
1 0.79326923 0.65180723 0.02884615 0.03614458
0 0.82812500 0.71566265 0.03605769 0.03373494
1 0.82812500 0.71807229 0.04086538 0.03855422
0 0.83653846 0.75301205 0.03846154 0.03614458
1 0.84014423 0.75783133 0.04086538 0.04578313
2 0.78605769 0.57951807 0.04807692 0.09879518
2 0.88942308 0.63975904 0.06730769 0.13253012
2 0.93750000 0.64337349 0.05769231 0.12048193
2 0.78004808 0.68915663 0.06009615 0.11084337
2 0.81250000 0.74698795 0.07692308 0.09638554
0 0.83774038 0.91084337 0.04086538 0.03373494
1 0.83894231 0.91204819 0.04326923 0.04096386
1 0.82692308 0.95060241 0.03846154 0.03132530
0 0.82812500 0.95301205 0.04086538 0.03132530
