4 0.13461538 0.68389423 0.09134615 0.24278846
2 0.45312500 0.65865385 0.05048077 0.21634615
2 0.37019231 0.47355769 0.09134615 0.15384615
4 0.48798077 0.29447115 0.03846154 0.13221154
0 0.44591346 0.56370192 0.03125000 0.02163462
1 0.44711538 0.57331731 0.03365385 0.04086538
0 0.36418269 0.40865385 0.02644231 0.01923077
1 0.36538462 0.41706731 0.02884615 0.03605769
3 0.11658654 0.58413462 0.03125000 0.03846154
3 0.48437500 0.24399038 0.02163462 0.02644231
5 0.36538462 0.42668269 0.02403846 0.01682692
