0 0.73076923 0.31566265 0.07211538 0.04337349
1 0.73076923 0.33012048 0.07692308 0.07228916
0 0.35456731 0.33132530 0.05048077 0.04578313
2 0.36658654 0.45301205 0.08413462 0.29397590
0 0.26923077 0.36265060 0.03846154 0.03614458
1 0.26923077 0.36265060 0.03846154 0.03614458
0 0.23677885 0.36385542 0.02163462 0.01445783
2 0.24639423 0.44337349 0.08894231 0.19759036
2 0.20072115 0.45301205 0.09855769 0.19277108
2 0.74038462 0.51325301 0.27403846 0.43855422
0 0.72836538 0.12168675 0.07692308 0.04578313
1 0.72956731 0.10481928 0.07932692 0.08433735
2 0.75841346 0.08192771 0.13701923 0.13975904
0 0.35576923 0.10361446 0.04807692 0.04819277
2 0.24519231 0.04939759 0.09134615 0.09397590
0 0.26923077 0.35662651 0.03365385 0.02891566
0 0.27043269 0.07349398 0.03125000 0.03614458
1 0.27283654 0.07590361 0.03125000 0.03614458
1 0.35456731 0.33734940 0.05048077 0.05783133
0 0.24038462 0.07590361 0.02403846 0.01686747
2 0.20552885 0.05060241 0.09855769 0.07228916
1 0.35336538 0.09638554 0.04807692 0.05783133
