3 0.43750000 0.31084337 0.06730769 0.08192771
5 0.44110577 0.31445783 0.05048077 0.06024096
4 0.42548077 0.52771084 0.19230769 0.51084337
3 0.60817308 0.28795181 0.08173077 0.09397590
5 0.58533654 0.29397590 0.03605769 0.07710843
4 0.49879808 0.53253012 0.30528846 0.59277108
3 0.68750000 0.24216867 0.09134615 0.09879518
5 0.66105769 0.24939759 0.03846154 0.08915663
4 0.62019231 0.51686747 0.30769231 0.64337349
3 0.80649038 0.37349398 0.06009615 0.06265060
5 0.81730769 0.37710843 0.03365385 0.05060241
3 0.87259615 0.33493976 0.08173077 0.08674699
5 0.86658654 0.34096386 0.06009615 0.06506024
4 0.86177885 0.57710843 0.22836538 0.56626506
3 0.97716346 0.41566265 0.04567308 0.05060241
5 0.97355769 0.41927711 0.02403846 0.03855422
4 0.96634615 0.58072289 0.06730769 0.37590361
3 0.68750000 0.03855422 0.10096154 0.07228916
5 0.65865385 0.03493976 0.03365385 0.06506024
