5 0.16706731 0.46274038 0.04567308 0.06490385
0 0.13942308 0.41947115 0.11538462 0.07932692
1 0.13581731 0.44350962 0.12259615 0.12740385
0 0.18149038 0.58293269 0.13221154 0.13221154
1 0.18028846 0.58533654 0.13942308 0.14182692
0 0.46514423 0.53125000 0.13701923 0.12500000
1 0.46754808 0.53725962 0.13701923 0.14182692
0 0.33894231 0.72475962 0.15865385 0.18990385
0 0.33653846 0.92187500 0.16346154 0.15625000
0 0.85336538 0.48076923 0.16826923 0.11057692
5 0.81009615 0.54326923 0.05288462 0.07692308
5 0.67908654 0.46394231 0.02163462 0.03846154
5 0.66706731 0.40625000 0.01682692 0.03365385
5 0.62379808 0.37259615 0.01682692 0.03365385
5 0.83173077 0.39543269 0.02884615 0.04086538
5 0.50600962 0.41826923 0.02644231 0.02403846
0 0.65264423 0.50721154 0.10336538 0.07211538
0 0.53725962 0.46394231 0.11298077 0.08653846
0 0.52403846 0.38341346 0.07692308 0.06009615
0 0.63701923 0.34735577 0.05288462 0.03605769
0 0.68269231 0.37379808 0.06730769 0.05528846
0 0.85336538 0.36418269 0.07211538 0.05048077
0 0.80048077 0.43389423 0.09134615 0.06490385
1 0.85096154 0.50480769 0.17307692 0.16346154
1 0.80048077 0.43990385 0.09615385 0.08173077
1 0.85336538 0.37620192 0.08173077 0.07932692
0 0.71634615 0.44110577 0.06250000 0.06490385
1 0.70913462 0.44711538 0.08173077 0.08173077
1 0.68269231 0.38461538 0.06730769 0.08173077
1 0.63701923 0.35937500 0.05769231 0.06490385
1 0.51923077 0.39423077 0.08653846 0.08173077
1 0.53846154 0.46995192 0.11538462 0.08894231
1 0.65384615 0.52884615 0.10576923 0.09615385
2 0.63221154 0.42187500 0.07211538 0.18509615
2 0.67067308 0.64663462 0.17307692 0.35096154
2 0.81129808 0.62500000 0.29567308 0.39903846
2 0.49158654 0.64663462 0.19471154 0.36057692
2 0.17307692 0.66947115 0.18269231 0.30528846
2 0.19591346 0.51442308 0.23317308 0.26923077
