0 0.38581731 0.52891566 0.06009615 0.04096386
1 0.38581731 0.53855422 0.06009615 0.06024096
0 0.59975962 0.52530120 0.05528846 0.04819277
2 0.38100962 0.65060241 0.13221154 0.28915663
2 0.59735577 0.64939759 0.16105769 0.29156627
3 0.01802885 0.57590361 0.01201923 0.00963855
3 0.00480769 0.57831325 0.00480769 0.00963855
4 0.02043269 0.60120482 0.02644231 0.06024096
4 0.00721154 0.61204819 0.00961538 0.07228916
5 0.39543269 0.55542169 0.01682692 0.02650602
5 0.59615385 0.55662651 0.01923077 0.01927711
1 0.59975962 0.53493976 0.05528846 0.06265060
