5 0.09375000 0.42530120 0.01923077 0.02650602
0 0.07331731 0.39518072 0.05528846 0.02409639
1 0.07451923 0.42048193 0.05769231 0.06987952
2 0.06971154 0.56987952 0.13461538 0.36867470
5 0.26562500 0.41807229 0.01682692 0.02650602
0 0.25120192 0.38795181 0.05048077 0.03373494
1 0.25000000 0.40240964 0.04807692 0.06265060
2 0.23197115 0.56506024 0.14663462 0.38313253
5 0.41706731 0.42891566 0.02163462 0.03373494
3 0.40504808 0.42409639 0.04567308 0.05783133
4 0.39423077 0.58192771 0.12980769 0.36867470
5 0.47355769 0.43012048 0.01923077 0.02650602
3 0.46634615 0.42891566 0.03365385 0.04819277
4 0.45312500 0.56385542 0.05528846 0.31325301
5 0.49158654 0.43614458 0.01682692 0.02891566
4 0.51442308 0.58192771 0.11057692 0.35903614
3 0.50240385 0.43253012 0.03846154 0.06024096
5 0.69951923 0.43493976 0.01923077 0.03132530
3 0.69110577 0.42891566 0.05528846 0.05783133
4 0.68509615 0.58554217 0.13942308 0.35662651
5 0.84134615 0.43975904 0.01923077 0.03132530
3 0.85817308 0.44096386 0.05288462 0.06746988
4 0.86899038 0.59036145 0.15625000 0.36144578
5 0.74639423 0.43373494 0.01682692 0.01927711
0 0.75000000 0.41566265 0.03846154 0.01686747
1 0.75000000 0.43012048 0.03846154 0.04578313
5 0.78966346 0.44096386 0.01201923 0.02409639
3 0.77884615 0.43855422 0.03365385 0.03855422
2 0.75600962 0.54096386 0.06009615 0.26746988
4 0.78485577 0.54337349 0.04567308 0.24819277
