0 0.10697115 0.43509615 0.16105769 0.10096154
1 0.10576923 0.47475962 0.15865385 0.18509615
0 0.90745192 0.37019231 0.14663462 0.09134615
1 0.90625000 0.40985577 0.14903846 0.17067308
0 0.72596154 0.37740385 0.12980769 0.09615385
1 0.72475962 0.40745192 0.12740385 0.15625000
0 0.52764423 0.27524038 0.10817308 0.07932692
1 0.52884615 0.30769231 0.11057692 0.14423077
0 0.22355769 0.49038462 0.12980769 0.11538462
1 0.22475962 0.51442308 0.13221154 0.15384615
5 0.53245192 0.34254808 0.06971154 0.06009615
5 0.69831731 0.44350962 0.05528846 0.06971154
5 0.87379808 0.44951923 0.05528846 0.07692308
5 0.25120192 0.56610577 0.04567308 0.04567308
2 0.13341346 0.62980769 0.26201923 0.49519231
2 0.25480769 0.61899038 0.23076923 0.37259615
2 0.53004808 0.42307692 0.26201923 0.37500000
2 0.69711538 0.60576923 0.21634615 0.55288462
2 0.91466346 0.60216346 0.16586538 0.56009615
