5 0.64663462 0.27349398 0.02403846 0.03132530
5 0.80048077 0.37228916 0.03365385 0.05060241
0 0.46754808 0.23975904 0.04086538 0.05542169
0 0.52764423 0.27590361 0.02644231 0.03614458
0 0.65625000 0.22891566 0.07211538 0.05783133
0 0.65865385 0.10120482 0.06730769 0.05783133
0 0.46514423 0.09638554 0.04086538 0.05301205
5 0.64903846 0.05783133 0.02403846 0.04337349
0 0.52764423 0.05542169 0.02163462 0.03855422
0 0.83774038 0.30722892 0.10817308 0.07469880
0 0.08173077 0.36144578 0.06730769 0.04337349
0 0.17187500 0.37951807 0.04086538 0.02650602
1 0.08173077 0.37831325 0.06730769 0.07710843
1 0.17187500 0.39638554 0.04086538 0.05542169
1 0.65625000 0.24578313 0.07211538 0.09156627
1 0.83894231 0.34337349 0.10576923 0.14216867
1 0.46514423 0.24096386 0.04567308 0.05783133
1 0.53605769 0.27590361 0.04326923 0.03614458
1 0.46033654 0.09397590 0.05528846 0.05783133
1 0.53725962 0.05421687 0.04086538 0.04096386
1 0.65985577 0.08072289 0.06971154 0.09879518
2 0.09014423 0.52048193 0.13221154 0.36144578
2 0.17427885 0.49277108 0.10817308 0.25301205
2 0.44110577 0.34457831 0.13701923 0.26987952
2 0.56250000 0.33975904 0.10096154 0.16385542
2 0.68149038 0.41807229 0.20432692 0.43614458
2 0.84134615 0.55301205 0.31250000 0.57108434
0 0.90745192 0.33012048 0.03605769 0.01927711
1 0.90985577 0.34216867 0.03605769 0.04337349
2 0.92187500 0.37590361 0.07451923 0.11084337
