0 0.39182692 0.43373494 0.05769231 0.04337349
3 0.34735577 0.45421687 0.02163462 0.02650602
1 0.39663462 0.44096386 0.06730769 0.05783133
0 0.53485577 0.46626506 0.04086538 0.01686747
1 0.53725962 0.47469880 0.04086538 0.03373494
0 0.67668269 0.47349398 0.03605769 0.02168675
1 0.67548077 0.48313253 0.03365385 0.04096386
0 0.72355769 0.47590361 0.01923077 0.02650602
1 0.72355769 0.47951807 0.02403846 0.03373494
4 0.34134615 0.54096386 0.05769231 0.20481928
2 0.40745192 0.61204819 0.09855769 0.40481928
2 0.53485577 0.57228916 0.08413462 0.22891566
2 0.67067308 0.57951807 0.08173077 0.23373494
2 0.71274038 0.55301205 0.05048077 0.18554217
5 0.41826923 0.44096386 0.01442308 0.02409639
5 0.67187500 0.49156627 0.01682692 0.01445783
