0 0.98317308 0.42427885 0.03365385 0.02644231
5 0.98677885 0.44591346 0.02163462 0.01682692
1 0.98317308 0.43389423 0.03365385 0.04567308
2 0.96754808 0.57091346 0.06490385 0.31971154
0 0.74639423 0.40384615 0.06971154 0.03365385
5 0.72355769 0.42668269 0.01923077 0.04086538
1 0.74639423 0.41947115 0.07451923 0.06490385
2 0.72836538 0.58533654 0.16346154 0.39663462
3 0.69831731 0.42067308 0.03605769 0.04326923
3 0.63341346 0.42187500 0.05048077 0.06009615
5 0.64062500 0.43149038 0.03125000 0.04086538
4 0.64423077 0.58653846 0.10576923 0.38461538
0 0.55048077 0.40625000 0.04807692 0.02884615
5 0.55288462 0.43149038 0.03365385 0.02644231
2 0.56730769 0.57451923 0.09134615 0.36538462
3 0.48677885 0.42067308 0.04086538 0.04807692
5 0.48918269 0.42548077 0.03125000 0.03365385
4 0.47115385 0.58894231 0.10576923 0.38461538
0 0.39543269 0.44471154 0.04567308 0.03365385
1 0.39543269 0.45312500 0.04567308 0.05048077
2 0.39302885 0.57932692 0.06971154 0.30288462
3 0.31971154 0.45673077 0.04807692 0.05288462
5 0.33533654 0.46514423 0.02163462 0.03605769
4 0.31850962 0.60576923 0.09855769 0.35576923
3 0.21995192 0.41346154 0.05048077 0.06250000
5 0.23317308 0.42427885 0.02403846 0.04086538
4 0.19230769 0.58413462 0.12980769 0.39423077
3 0.04326923 0.42668269 0.05288462 0.06009615
5 0.03725962 0.43149038 0.03605769 0.04086538
4 0.05408654 0.58413462 0.10336538 0.37980769
0 0.74399038 0.03485577 0.06971154 0.03605769
1 0.74519231 0.02764423 0.07211538 0.05048077
3 0.70072115 0.02524038 0.03125000 0.04567308
3 0.63461538 0.02644231 0.05288462 0.04807692
5 0.63701923 0.01562500 0.03365385 0.02644231
0 0.55168269 0.03365385 0.04567308 0.03365385
5 0.55528846 0.01322115 0.02884615 0.02163462
1 0.55288462 0.02764423 0.04807692 0.05048077
3 0.48918269 0.02403846 0.04567308 0.04326923
5 0.49158654 0.01802885 0.03125000 0.03125000
3 0.21875000 0.03125000 0.05288462 0.05769231
5 0.22956731 0.01923077 0.03125000 0.03365385
3 0.04447115 0.02524038 0.05048077 0.04567308
5 0.03725962 0.01562500 0.03125000 0.02644231
5 0.68990385 0.42067308 0.01442308 0.03846154
5 0.40384615 0.46514423 0.01442308 0.02644231
