0 0.13341346 0.41927711 0.08413462 0.04819277
1 0.13221154 0.43855422 0.08173077 0.08674699
5 0.14903846 0.45903614 0.03846154 0.03614458
0 0.21274038 0.41325301 0.04567308 0.02650602
0 0.43629808 0.46144578 0.04086538 0.03132530
0 0.48798077 0.44939759 0.05288462 0.03614458
0 0.55889423 0.46746988 0.06009615 0.04337349
0 0.63221154 0.42771084 0.06250000 0.04578313
0 0.76442308 0.44337349 0.12500000 0.06746988
1 0.21274038 0.43132530 0.04567308 0.05783133
5 0.21274038 0.44096386 0.03125000 0.02891566
5 0.42908654 0.48072289 0.02644231 0.02650602
1 0.43750000 0.47710843 0.04326923 0.05783133
5 0.47836538 0.47710843 0.02403846 0.02891566
1 0.48918269 0.46506024 0.05048077 0.06265060
1 0.56009615 0.48192771 0.06250000 0.06746988
1 0.63221154 0.44337349 0.06250000 0.07228916
1 0.76682692 0.46987952 0.12500000 0.11566265
5 0.74038462 0.50000000 0.04326923 0.05542169
5 0.61899038 0.46144578 0.02163462 0.03132530
5 0.53846154 0.49277108 0.01923077 0.03614458
2 0.14783654 0.61566265 0.18028846 0.44096386
2 0.22836538 0.56506024 0.14423077 0.33012048
2 0.44350962 0.58192771 0.06971154 0.27228916
2 0.49759615 0.60602410 0.08173077 0.34457831
2 0.56490385 0.63012048 0.08173077 0.37349398
2 0.65745192 0.63132530 0.13221154 0.44819277
2 0.80048077 0.63253012 0.21634615 0.44096386
