5 0.33533654 0.50120192 0.01201923 0.01682692
0 0.34134615 0.48197115 0.02884615 0.02163462
1 0.34254808 0.49278846 0.03125000 0.04326923
2 0.34375000 0.58413462 0.08173077 0.22596154
5 0.38701923 0.49399038 0.01442308 0.01682692
0 0.39423077 0.47596154 0.02403846 0.01923077
1 0.39423077 0.48677885 0.02884615 0.04086538
2 0.39663462 0.57211538 0.05288462 0.21153846
0 0.42067308 0.50480769 0.01923077 0.01442308
1 0.42187500 0.51322115 0.02163462 0.03125000
2 0.44471154 0.58774038 0.06730769 0.18028846
0 0.50360577 0.48076923 0.01682692 0.02403846
5 0.50721154 0.49519231 0.01442308 0.00961538
1 0.50480769 0.48557692 0.01923077 0.03365385
5 0.52043269 0.49278846 0.01201923 0.01923077
0 0.52524038 0.46995192 0.02644231 0.02163462
1 0.52524038 0.48317308 0.02644231 0.04807692
2 0.52043269 0.57572115 0.07932692 0.23798077
5 0.56971154 0.48798077 0.01442308 0.02403846
3 0.57572115 0.48317308 0.02644231 0.04326923
4 0.56730769 0.57451923 0.05769231 0.22596154
5 0.59735577 0.47596154 0.01201923 0.02403846
3 0.60216346 0.46995192 0.02163462 0.04086538
4 0.59975962 0.57812500 0.04567308 0.25721154
5 0.61658654 0.48197115 0.01201923 0.02644231
3 0.62740385 0.47355769 0.03365385 0.04326923
4 0.63701923 0.58052885 0.05769231 0.26201923
5 0.67908654 0.52524038 0.01682692 0.02163462
0 0.68509615 0.49639423 0.04326923 0.03125000
1 0.68629808 0.51081731 0.04567308 0.06009615
2 0.68509615 0.64423077 0.11538462 0.32211538
5 0.72355769 0.48197115 0.01442308 0.01682692
0 0.73317308 0.46033654 0.02884615 0.02163462
1 0.73437500 0.47475962 0.03125000 0.04567308
2 0.72956731 0.58413462 0.04086538 0.26923077
5 0.75360577 0.50000000 0.01682692 0.01923077
0 0.76442308 0.47596154 0.03365385 0.02403846
1 0.76442308 0.49158654 0.03846154 0.05048077
2 0.78365385 0.60697115 0.07211538 0.28125000
5 0.94591346 0.50600962 0.02163462 0.01682692
0 0.94591346 0.48076923 0.04086538 0.03365385
1 0.94831731 0.49519231 0.04086538 0.05769231
2 0.93990385 0.61057692 0.09134615 0.28846154
