0 0.89663462 0.33493976 0.13461538 0.09156627
1 0.89182692 0.36867470 0.13461538 0.16385542
3 0.56009615 0.40000000 0.07211538 0.11566265
3 0.81850962 0.53132530 0.03605769 0.04578313
3 0.63581731 0.39277108 0.10336538 0.13975904
3 0.52163462 0.43493976 0.04807692 0.06506024
3 0.44711538 0.38192771 0.12019231 0.17108434
3 0.09615385 0.31686747 0.10576923 0.14216867
5 0.10336538 0.34216867 0.07692308 0.08674699
5 0.47596154 0.41445783 0.05769231 0.08674699
5 0.55769231 0.41445783 0.05288462 0.07710843
5 0.62740385 0.41927711 0.06730769 0.06746988
5 0.81490385 0.53614458 0.02403846 0.03132530
5 0.87740385 0.40481928 0.07211538 0.07710843
2 0.91105769 0.56265060 0.17307692 0.56144578
4 0.81971154 0.63855422 0.07211538 0.26987952
4 0.66586538 0.58915663 0.31730769 0.52771084
4 0.55528846 0.51566265 0.10096154 0.35180723
4 0.36778846 0.53493976 0.33173077 0.48192771
4 0.11418269 0.52289157 0.22355769 0.53975904
