0 0.86778846 0.34615385 0.09615385 0.05769231
0 0.56730769 0.34615385 0.06730769 0.03846154
0 0.39663462 0.31610577 0.07211538 0.04086538
0 0.31370192 0.33533654 0.04567308 0.04086538
0 0.14062500 0.27524038 0.09855769 0.06971154
0 0.20552885 0.28245192 0.06490385 0.04567308
0 0.13701923 0.09375000 0.10576923 0.06730769
0 0.20432692 0.08653846 0.05288462 0.04326923
0 0.31009615 0.03125000 0.05288462 0.03846154
0 0.39783654 0.04927885 0.07932692 0.04567308
0 0.57451923 0.02163462 0.06730769 0.03846154
0 0.87860577 0.02403846 0.08413462 0.04326923
3 0.70673077 0.36899038 0.04326923 0.05048077
3 0.27403846 0.36177885 0.03365385 0.03125000
3 0.27403846 0.00841346 0.02403846 0.01201923
1 0.86538462 0.37379808 0.09615385 0.10336538
1 0.56730769 0.36538462 0.07211538 0.08173077
1 0.39783654 0.34014423 0.07451923 0.08894231
1 0.31490385 0.34615385 0.04807692 0.06730769
1 0.20312500 0.30649038 0.06971154 0.10336538
1 0.13701923 0.30168269 0.10096154 0.12740385
1 0.13942308 0.06730769 0.10576923 0.12980769
1 0.20552885 0.05528846 0.06490385 0.10576923
1 0.31370192 0.02764423 0.05528846 0.05048077
1 0.40625000 0.03966346 0.07211538 0.07451923
5 0.84134615 0.38942308 0.01442308 0.03846154
5 0.70192308 0.37860577 0.02884615 0.03125000
5 0.56490385 0.37379808 0.02884615 0.03125000
5 0.41826923 0.35576923 0.02403846 0.04326923
5 0.30528846 0.36298077 0.02884615 0.02884615
5 0.28245192 0.36899038 0.01201923 0.02163462
5 0.18629808 0.32091346 0.02644231 0.04086538
5 0.16346154 0.33052885 0.01442308 0.05528846
5 0.15985577 0.03245192 0.02163462 0.05528846
5 0.19230769 0.04206731 0.02884615 0.04086538
5 0.41706731 0.01802885 0.02644231 0.03125000
5 0.27764423 0.00480769 0.01201923 0.00480769
5 0.70552885 0.00600962 0.02163462 0.00721154
2 0.84975962 0.56370192 0.21394231 0.49278846
2 0.56370192 0.56009615 0.15144231 0.47115385
2 0.37980769 0.53846154 0.13942308 0.48557692
2 0.29206731 0.49759615 0.09855769 0.35096154
2 0.21394231 0.52884615 0.15384615 0.54326923
2 0.10937500 0.52644231 0.16105769 0.56730769
4 0.69230769 0.51442308 0.14423077 0.34134615
