3 0.22596154 0.47235577 0.06730769 0.08894231
3 0.37139423 0.44471154 0.06009615 0.08653846
3 0.49399038 0.43028846 0.06490385 0.09615385
0 0.53846154 0.44951923 0.04326923 0.03846154
3 0.66346154 0.47956731 0.04326923 0.06971154
3 0.71634615 0.46875000 0.03365385 0.05769231
3 0.75000000 0.45432692 0.06250000 0.08653846
3 0.49399038 0.03125000 0.06971154 0.05769231
4 0.20913462 0.60336538 0.21153846 0.35576923
4 0.37500000 0.59134615 0.13942308 0.38461538
4 0.50000000 0.58533654 0.18750000 0.40144231
4 0.65745192 0.61538462 0.09375000 0.34134615
4 0.77884615 0.59975962 0.20192308 0.37259615
5 0.23557692 0.48317308 0.04326923 0.06250000
5 0.37379808 0.46153846 0.04086538 0.05288462
5 0.49399038 0.44230769 0.04567308 0.06250000
5 0.66105769 0.49038462 0.02884615 0.03846154
5 0.75240385 0.47235577 0.04326923 0.04567308
5 0.71634615 0.47596154 0.02403846 0.02884615
