5 0.28966346 0.41084337 0.02163462 0.04578313
0 0.25360577 0.36385542 0.09855769 0.06746988
1 0.25480769 0.38795181 0.10096154 0.11084337
5 0.41346154 0.40000000 0.02403846 0.04337349
0 0.39302885 0.34819277 0.08413462 0.06024096
1 0.39302885 0.37349398 0.08413462 0.10602410
5 0.51201923 0.40722892 0.03846154 0.03855422
0 0.52043269 0.36385542 0.05528846 0.04819277
1 0.52283654 0.38915663 0.05528846 0.09397590
5 0.62019231 0.40602410 0.02884615 0.05060241
0 0.64423077 0.37349398 0.07211538 0.05301205
1 0.64543269 0.39397590 0.07932692 0.08915663
5 0.70192308 0.40000000 0.02884615 0.04337349
0 0.71754808 0.34939759 0.07932692 0.05783133
1 0.71995192 0.37349398 0.07932692 0.10120482
5 0.84254808 0.42409639 0.02163462 0.04337349
0 0.87379808 0.37951807 0.09855769 0.06506024
1 0.87620192 0.40120482 0.10336538 0.10361446
2 0.25240385 0.58674699 0.13942308 0.50843373
2 0.37980769 0.58072289 0.15865385 0.52048193
2 0.50841346 0.58795181 0.14182692 0.49156627
2 0.62860577 0.57831325 0.11778846 0.46265060
2 0.70552885 0.58072289 0.20432692 0.51566265
2 0.88461538 0.59277108 0.16346154 0.48674699
