0 0.19951923 0.47836538 0.05769231 0.03846154
5 0.21153846 0.50600962 0.01442308 0.02163462
1 0.19951923 0.48918269 0.05769231 0.06009615
0 0.32932692 0.48076923 0.05288462 0.03846154
5 0.34254808 0.50480769 0.01682692 0.02403846
1 0.32932692 0.49038462 0.05288462 0.05769231
0 0.48076923 0.49639423 0.04326923 0.03125000
5 0.47235577 0.51802885 0.01682692 0.01682692
1 0.47956731 0.50600962 0.04567308 0.05048077
0 0.62740385 0.50961538 0.05288462 0.03365385
1 0.62620192 0.51682692 0.05528846 0.05288462
2 0.62740385 0.64062500 0.07211538 0.29567308
2 0.46514423 0.63461538 0.10817308 0.30769231
2 0.32572115 0.61538462 0.11298077 0.30769231
2 0.18750000 0.61538462 0.12019231 0.31250000
