2 0.23557692 0.53253012 0.46634615 0.60722892
2 0.37620192 0.56385542 0.42067308 0.55421687
2 0.85576923 0.53855422 0.28846154 0.59518072
0 0.83894231 0.30000000 0.19230769 0.11807229
1 0.83774038 0.35301205 0.19471154 0.22409639
0 0.33653846 0.35180723 0.20673077 0.12530120
1 0.33774038 0.39638554 0.20913462 0.20963855
0 0.15144231 0.29397590 0.19711538 0.12048193
1 0.15264423 0.33373494 0.19471154 0.21445783
0 0.14903846 0.05301205 0.19711538 0.10120482
0 0.84134615 0.04578313 0.18750000 0.08674699
5 0.20432692 0.39156627 0.04326923 0.08433735
