0 0.68509615 0.25421687 0.10576923 0.06506024
1 0.68629808 0.28072289 0.11778846 0.12289157
0 0.51923077 0.27831325 0.09134615 0.06506024
1 0.51562500 0.30481928 0.08894231 0.11807229
0 0.68269231 0.07469880 0.11057692 0.06746988
1 0.67908654 0.05783133 0.10817308 0.11084337
0 0.51802885 0.05060241 0.09855769 0.06746988
1 0.51682692 0.04578313 0.10096154 0.08674699
5 0.68269231 0.29518072 0.06250000 0.07951807
5 0.51923077 0.33253012 0.05288462 0.05783133
5 0.68389423 0.03855422 0.06009615 0.06746988
5 0.52043269 0.01686747 0.05528846 0.02891566
2 0.71634615 0.53012048 0.34134615 0.62168675
2 0.47355769 0.53975904 0.23557692 0.59277108
