0 0.44831731 0.42289157 0.13221154 0.08915663
1 0.44951923 0.45662651 0.13942308 0.15662651
0 0.29807692 0.29759036 0.13942308 0.07469880
1 0.29807692 0.33373494 0.13942308 0.14698795
2 0.59254808 0.55421687 0.43990385 0.35662651
2 0.32091346 0.49879518 0.31490385 0.47228916
0 0.29927885 0.22048193 0.14182692 0.07469880
1 0.30048077 0.18674699 0.14903846 0.13734940
0 0.44471154 0.09036145 0.12980769 0.09397590
1 0.45072115 0.06746988 0.12740385 0.13012048
2 0.59735577 0.06987952 0.43509615 0.13493976
2 0.27283654 0.13132530 0.20913462 0.25783133
5 0.48076923 0.46867470 0.05769231 0.07469880
5 0.32091346 0.35421687 0.06009615 0.08674699
5 0.32572115 0.15542169 0.05048077 0.07469880
5 0.47596154 0.04819277 0.06250000 0.08192771
