0 0.07211538 0.32932692 0.06730769 0.04326923
0 0.23197115 0.28004808 0.06971154 0.07932692
0 0.37259615 0.30889423 0.04326923 0.03125000
0 0.57932692 0.27764423 0.05769231 0.03605769
0 0.85576923 0.27524038 0.10576923 0.06009615
0 0.85937500 0.09134615 0.10336538 0.06250000
0 0.58653846 0.08052885 0.05288462 0.03125000
0 0.37620192 0.05048077 0.04086538 0.03365385
0 0.23557692 0.08173077 0.07692308 0.07211538
0 0.07692308 0.03125000 0.06250000 0.03365385
1 0.07331731 0.34615385 0.06971154 0.07211538
1 0.22716346 0.29687500 0.06971154 0.11298077
1 0.37379808 0.32451923 0.04567308 0.05769231
1 0.58052885 0.29447115 0.05528846 0.06490385
1 0.85456731 0.30288462 0.10817308 0.11057692
1 0.86177885 0.06490385 0.10336538 0.12019231
1 0.58413462 0.06370192 0.06250000 0.06490385
1 0.37740385 0.03966346 0.04326923 0.06490385
1 0.23317308 0.06490385 0.08173077 0.11057692
1 0.07692308 0.02644231 0.07211538 0.04807692
5 0.08533654 0.36057692 0.03125000 0.02884615
5 0.23076923 0.33052885 0.04326923 0.03605769
5 0.37620192 0.33533654 0.03125000 0.02644231
5 0.58293269 0.30649038 0.03125000 0.02644231
5 0.83293269 0.32692308 0.02644231 0.04326923
5 0.83173077 0.03245192 0.03365385 0.04567308
5 0.58293269 0.05168269 0.03125000 0.03125000
5 0.37500000 0.02403846 0.03365385 0.02884615
5 0.22956731 0.03004808 0.05048077 0.03605769
5 0.07932692 0.00600962 0.04326923 0.00721154
2 0.06129808 0.49038462 0.10817308 0.36538462
2 0.21995192 0.52884615 0.20913462 0.57692308
2 0.38221154 0.37379808 0.11538462 0.17067308
2 0.59254808 0.35817308 0.13221154 0.20673077
2 0.85576923 0.40024038 0.20673077 0.31009615
