0 0.44350962 0.38341346 0.05528846 0.05528846
0 0.52043269 0.30048077 0.05528846 0.05288462
0 0.38701923 0.50841346 0.06730769 0.05528846
0 0.48798077 0.58293269 0.06250000 0.05048077
0 0.61418269 0.68389423 0.08894231 0.09375000
0 0.62500000 0.61899038 0.05769231 0.05048077
0 0.65625000 0.58293269 0.05769231 0.04567308
1 0.48918269 0.58894231 0.06490385 0.06250000
1 0.61538462 0.69951923 0.09134615 0.12500000
1 0.62620192 0.62019231 0.06009615 0.05288462
1 0.65745192 0.59134615 0.06009615 0.05769231
1 0.44350962 0.38822115 0.05528846 0.06490385
1 0.52043269 0.30649038 0.05528846 0.06490385
0 0.59855769 0.33413462 0.02403846 0.03365385
1 0.59134615 0.33052885 0.03846154 0.03605769
3 0.38100962 0.39543269 0.06971154 0.06490385
4 0.33413462 0.51802885 0.21153846 0.31009615
2 0.43028846 0.44110577 0.12980769 0.18028846
2 0.48437500 0.75360577 0.17067308 0.39663462
2 0.62980769 0.80649038 0.13461538 0.33894231
2 0.65264423 0.67427885 0.11298077 0.15625000
2 0.48677885 0.35576923 0.14182692 0.16346154
