1 0.58413462 0.37831325 0.17307692 0.18795181
1 0.71033654 0.47590361 0.16586538 0.18554217
1 0.93269231 0.51204819 0.12500000 0.11807229
0 0.93389423 0.50000000 0.11778846 0.08433735
0 0.71394231 0.45180723 0.15865385 0.13253012
0 0.59254808 0.34939759 0.16105769 0.13493976
5 0.54206731 0.39638554 0.08413462 0.11807229
5 0.65625000 0.50481928 0.04807692 0.10843373
2 0.40745192 0.51445783 0.53125000 0.67710843
2 0.71995192 0.62289157 0.26682692 0.47469880
2 0.91225962 0.65783133 0.17548077 0.40963855
