0 0.41105769 0.36899038 0.07211538 0.06009615
0 0.07932692 0.27644231 0.02403846 0.01442308
0 0.07932692 0.07091346 0.02403846 0.01682692
1 0.07932692 0.28125000 0.02884615 0.02403846
1 0.41225962 0.38221154 0.06971154 0.08653846
1 0.08052885 0.06971154 0.02644231 0.02403846
0 0.40985577 0.00721154 0.04567308 0.00961538
2 0.09615385 0.34134615 0.10096154 0.14423077
2 0.45192308 0.45072115 0.16346154 0.22355769
2 0.09375000 0.04206731 0.10576923 0.07932692
5 0.41947115 0.40384615 0.03605769 0.03365385
