0 0.69350962 0.59277108 0.01682692 0.02891566
0 0.89062500 0.64578313 0.02163462 0.02409639
0 0.96274038 0.41807229 0.02163462 0.02168675
0 0.65024038 0.44698795 0.01682692 0.01204819
0 0.43149038 0.44819277 0.01201923 0.01445783
0 0.08653846 0.56144578 0.01442308 0.00963855
0 0.11057692 0.62891566 0.01442308 0.00963855
0 0.13581731 0.63493976 0.01682692 0.01204819
3 0.74038462 0.51927711 0.00961538 0.02168675
3 0.90264423 0.52530120 0.02163462 0.02891566
2 0.67067308 0.62048193 0.07211538 0.09397590
2 0.64543269 0.48192771 0.02644231 0.09156627
2 0.96394231 0.44698795 0.06730769 0.07951807
1 0.96153846 0.42650602 0.01923077 0.03373494
2 0.13461538 0.65180723 0.03846154 0.04578313
2 0.11177885 0.64578313 0.02644231 0.04819277
2 0.09254808 0.57831325 0.03125000 0.05301205
4 0.72235577 0.54216867 0.06971154 0.07228916
4 0.89543269 0.56506024 0.03605769 0.11325301
