0 0.31490385 0.52771084 0.08173077 0.05783133
1 0.31490385 0.54578313 0.08653846 0.09397590
2 0.25841346 0.66867470 0.20913462 0.33975904
0 0.50841346 0.39638554 0.05528846 0.03614458
1 0.50961538 0.41445783 0.05769231 0.07228916
2 0.51562500 0.56867470 0.26201923 0.38554217
0 0.67668269 0.39879518 0.06490385 0.04096386
1 0.67668269 0.40963855 0.06490385 0.06746988
2 0.70312500 0.57349398 0.15625000 0.39518072
5 0.30168269 0.55421687 0.06009615 0.05783133
5 0.52043269 0.43012048 0.02163462 0.03614458
5 0.68870192 0.42409639 0.02163462 0.02891566
