3 0.45552885 0.36658654 0.05048077 0.06971154
3 0.54687500 0.35937500 0.06490385 0.08413462
3 0.70432692 0.33774038 0.08653846 0.11298077
3 0.75721154 0.39423077 0.12500000 0.14903846
5 0.45072115 0.37500000 0.03605769 0.04807692
5 0.53245192 0.36538462 0.03125000 0.05769231
5 0.67668269 0.34855769 0.03125000 0.06730769
4 0.44951923 0.55769231 0.14423077 0.46153846
4 0.57451923 0.57331731 0.12019231 0.51201923
4 0.79206731 0.57451923 0.31971154 0.51442308
4 0.70072115 0.38581731 0.09855769 0.22355769
