0 0.18990385 0.29447115 0.11057692 0.07932692
5 0.21274038 0.35336538 0.04567308 0.04807692
1 0.18990385 0.32091346 0.11057692 0.13221154
0 0.30528846 0.35697115 0.08653846 0.06490385
5 0.31490385 0.40024038 0.04326923 0.04086538
1 0.30528846 0.37379808 0.08653846 0.09375000
0 0.41706731 0.36778846 0.07451923 0.05288462
5 0.42668269 0.39783654 0.03605769 0.04086538
1 0.41826923 0.38100962 0.07211538 0.07451923
0 0.56850962 0.33052885 0.08413462 0.06009615
5 0.57692308 0.37379808 0.04807692 0.05048077
1 0.56850962 0.34975962 0.08413462 0.09855769
0 0.66105769 0.33293269 0.06250000 0.05048077
5 0.66225962 0.36658654 0.03605769 0.03605769
3 0.70312500 0.37500000 0.03125000 0.03846154
0 0.79326923 0.31971154 0.08653846 0.07211538
5 0.78605769 0.37019231 0.04326923 0.05769231
1 0.79326923 0.34375000 0.08653846 0.12019231
0 0.84735577 0.34495192 0.08894231 0.10336538
1 0.92427885 0.36418269 0.15144231 0.18509615
0 0.92427885 0.31850962 0.15144231 0.09375000
1 0.84975962 0.36658654 0.08413462 0.15144231
2 0.15264423 0.56850962 0.29567308 0.62259615
2 0.32451923 0.59975962 0.15865385 0.54567308
2 0.43990385 0.57932692 0.16346154 0.47596154
2 0.53966346 0.60096154 0.26682692 0.60576923
2 0.67788462 0.55168269 0.11538462 0.48798077
2 0.78605769 0.58173077 0.12980769 0.59615385
2 0.83894231 0.59014423 0.10576923 0.59855769
2 0.92067308 0.58774038 0.15384615 0.63221154
