0 0.72836538 0.51566265 0.03846154 0.02409639
5 0.72716346 0.53493976 0.02163462 0.01445783
0 0.63822115 0.49879518 0.03125000 0.02409639
0 0.66947115 0.52048193 0.02163462 0.01445783
0 0.60096154 0.50361446 0.02884615 0.01927711
0 0.55048077 0.50000000 0.02403846 0.01686747
1 0.55048077 0.50722892 0.02403846 0.03132530
0 0.51081731 0.52289157 0.06971154 0.06265060
1 0.51322115 0.53132530 0.06971154 0.07951807
0 0.47836538 0.48433735 0.03365385 0.01927711
0 0.42908654 0.48674699 0.03125000 0.02409639
5 0.46995192 0.50240964 0.01682692 0.01686747
5 0.42187500 0.49759036 0.01201923 0.01686747
1 0.48076923 0.49277108 0.03365385 0.03614458
1 0.43149038 0.49156627 0.03125000 0.03373494
0 0.33052885 0.45662651 0.02644231 0.01686747
1 0.33293269 0.46265060 0.02644231 0.02891566
0 0.32692308 0.56626506 0.09615385 0.06746988
1 0.32692308 0.57469880 0.09615385 0.08433735
0 0.17427885 0.49638554 0.07451923 0.04819277
5 0.19471154 0.52530120 0.01923077 0.02891566
1 0.17427885 0.50843373 0.07451923 0.06746988
0 0.14783654 0.57228916 0.10336538 0.06506024
5 0.18149038 0.60481928 0.02163462 0.03373494
1 0.14663462 0.58072289 0.10576923 0.08192771
0 0.07331731 0.55180723 0.11298077 0.06746988
1 0.07331731 0.56265060 0.11298077 0.08433735
2 0.72235577 0.60000000 0.07451923 0.19277108
2 0.65024038 0.57349398 0.06971154 0.17349398
2 0.55649038 0.66626506 0.25240385 0.34939759
2 0.36177885 0.68915663 0.21394231 0.30843373
2 0.14182692 0.61807229 0.12019231 0.15180723
0 0.05408654 0.47951807 0.07932692 0.03855422
4 0.92307692 0.60843373 0.10096154 0.18072289
3 0.93149038 0.54096386 0.03125000 0.04096386
5 0.92908654 0.54457831 0.02163462 0.02891566
