0 0.31730769 0.34975962 0.08653846 0.05528846
0 0.36778846 0.39182692 0.04807692 0.04807692
0 0.41346154 0.38701923 0.05288462 0.03846154
0 0.49639423 0.35817308 0.06490385 0.04326923
0 0.59014423 0.37379808 0.05528846 0.04567308
0 0.68149038 0.34615385 0.04567308 0.02884615
1 0.31610577 0.37379808 0.08413462 0.10336538
1 0.36658654 0.41346154 0.03605769 0.08653846
1 0.41346154 0.40144231 0.04326923 0.06250000
1 0.49399038 0.38100962 0.06490385 0.08894231
1 0.59014423 0.38942308 0.05528846 0.08173077
1 0.68028846 0.36658654 0.04807692 0.06971154
5 0.33533654 0.39423077 0.02644231 0.05288462
5 0.37500000 0.43389423 0.01923077 0.04567308
5 0.42187500 0.41346154 0.02644231 0.03846154
5 0.50841346 0.40024038 0.02644231 0.04567308
5 0.59855769 0.40985577 0.01923077 0.03605769
5 0.68509615 0.37860577 0.03365385 0.03605769
2 0.30769231 0.59855769 0.12980769 0.55288462
2 0.37740385 0.60456731 0.06250000 0.46875000
2 0.42307692 0.56490385 0.06730769 0.39423077
2 0.48677885 0.57572115 0.13221154 0.47836538
2 0.57932692 0.54086538 0.10096154 0.37500000
2 0.72355769 0.53125000 0.17788462 0.40384615
