0 0.31370192 0.55528846 0.03605769 0.03846154
2 0.32451923 0.59014423 0.09615385 0.10817308
0 0.46033654 0.51802885 0.04086538 0.05048077
0 0.51322115 0.53485577 0.04086538 0.05048077
0 0.64302885 0.54927885 0.04567308 0.05528846
0 0.69471154 0.50120192 0.03365385 0.03605769
0 0.74399038 0.50360577 0.03125000 0.04086538
0 0.82572115 0.50240385 0.05048077 0.05769231
2 0.48437500 0.58894231 0.08413462 0.18750000
2 0.54807692 0.59975962 0.10576923 0.19471154
2 0.63701923 0.59975962 0.08173077 0.20432692
2 0.71394231 0.55889423 0.07692308 0.14663462
2 0.80769231 0.59254808 0.09615385 0.23798077
4 0.60216346 0.44591346 0.02163462 0.03125000
1 0.52283654 0.53365385 0.05048077 0.05769231
