0 0.12139423 0.28915663 0.08413462 0.07228916
5 0.11778846 0.34578313 0.03365385 0.05542169
1 0.12259615 0.31566265 0.08173077 0.12530120
3 0.50841346 0.29397590 0.11298077 0.14457831
5 0.51923077 0.32048193 0.06730769 0.09156627
3 0.65144231 0.32048193 0.10096154 0.12530120
5 0.64423077 0.34096386 0.04807692 0.07951807
5 0.90024038 0.38674699 0.05528846 0.06024096
1 0.91947115 0.35421687 0.11778846 0.13975904
0 0.91826923 0.32530120 0.12019231 0.08674699
3 0.51322115 0.05903614 0.11298077 0.11325301
5 0.51802885 0.03012048 0.07932692 0.05542169
2 0.14302885 0.54337349 0.19471154 0.58072289
4 0.45192308 0.53132530 0.23557692 0.62891566
4 0.66346154 0.55421687 0.23557692 0.59277108
2 0.88701923 0.56385542 0.22596154 0.56385542
3 0.65144231 0.03855422 0.09134615 0.07228916
0 0.12139423 0.04337349 0.08413462 0.07228916
