3 0.03125000 0.36144578 0.02884615 0.03373494
3 0.11899038 0.35783133 0.01682692 0.02168675
3 0.13942308 0.37469880 0.03365385 0.03614458
3 0.18990385 0.36626506 0.01923077 0.02409639
3 0.22115385 0.40722892 0.01442308 0.01927711
3 0.28125000 0.38795181 0.02403846 0.03373494
3 0.32091346 0.37831325 0.03605769 0.04337349
3 0.39903846 0.37349398 0.06730769 0.08192771
3 0.53485577 0.37228916 0.05528846 0.06506024
3 0.58413462 0.40000000 0.01442308 0.01445783
3 0.60576923 0.39397590 0.01442308 0.01686747
3 0.67187500 0.39036145 0.04086538 0.05783133
4 0.03605769 0.45060241 0.06730769 0.21686747
4 0.13822115 0.48915663 0.08413462 0.26987952
4 0.19110577 0.44096386 0.05528846 0.17349398
4 0.22235577 0.44578313 0.02644231 0.10120482
4 0.27163462 0.46987952 0.04807692 0.19277108
4 0.31610577 0.49277108 0.08894231 0.27228916
4 0.36658654 0.58433735 0.15144231 0.50843373
4 0.55649038 0.56265060 0.19471154 0.45060241
4 0.67548077 0.54698795 0.14423077 0.37590361
4 0.58413462 0.43975904 0.02403846 0.09397590
4 0.60576923 0.43614458 0.02884615 0.10120482
5 0.54086538 0.37710843 0.03365385 0.04578313
5 0.67908654 0.39518072 0.02644231 0.03855422
5 0.40985577 0.39156627 0.03125000 0.04578313
5 0.32211538 0.38313253 0.01923077 0.02409639
5 0.14182692 0.37710843 0.02403846 0.02650602
5 0.03004808 0.36265060 0.01682692 0.02168675
5 0.19230769 0.36746988 0.01442308 0.01686747
