5 0.35096154 0.60361446 0.02403846 0.02650602
0 0.33533654 0.58433735 0.04567308 0.03614458
1 0.33894231 0.59518072 0.05288462 0.06265060
2 0.42908654 0.67108434 0.23317308 0.20963855
0 0.41105769 0.41686747 0.04326923 0.03855422
1 0.40865385 0.42891566 0.04807692 0.06265060
2 0.45192308 0.54819277 0.20192308 0.30120482
5 0.50120192 0.49036145 0.02163462 0.03132530
0 0.49639423 0.46024096 0.05048077 0.03855422
1 0.49759615 0.47469880 0.04807692 0.06746988
2 0.52403846 0.57590361 0.16826923 0.26987952
5 0.58293269 0.44337349 0.02163462 0.01927711
0 0.58052885 0.41686747 0.04086538 0.03373494
1 0.58293269 0.42891566 0.04567308 0.05783133
2 0.60336538 0.56024096 0.10096154 0.32048193
