0 0.74519231 0.05421687 0.09134615 0.08915663
1 0.75480769 0.05180723 0.11538462 0.09879518
0 0.74278846 0.27590361 0.09134615 0.08915663
5 0.73437500 0.33253012 0.04086538 0.04819277
1 0.75240385 0.29277108 0.10576923 0.12771084
2 0.81370192 0.43614458 0.32932692 0.41445783
5 0.45312500 0.44457831 0.01201923 0.01686747
0 0.46033654 0.42891566 0.04086538 0.01927711
1 0.46033654 0.43614458 0.04086538 0.03373494
2 0.45913462 0.52168675 0.12980769 0.20481928
0 0.25000000 0.44819277 0.03846154 0.02891566
1 0.25000000 0.45542169 0.03846154 0.04337349
2 0.27163462 0.52289157 0.13461538 0.17831325
