0 0.67668269 0.62860577 0.08894231 0.07451923
0 0.97355769 0.62980769 0.05288462 0.08173077
0 0.32451923 0.46634615 0.08173077 0.03365385
0 0.02403846 0.46995192 0.04326923 0.04086538
1 0.32331731 0.48317308 0.08413462 0.06250000
1 0.67668269 0.63221154 0.08894231 0.09134615
1 0.97235577 0.63341346 0.05528846 0.08413462
1 0.02403846 0.47836538 0.04326923 0.05769231
5 0.63942308 0.64302885 0.02403846 0.03605769
2 0.59855769 0.79567308 0.25000000 0.40865385
2 0.32572115 0.71514423 0.21875000 0.53125000
2 0.05889423 0.71995192 0.11298077 0.53605769
