0 0.18028846 0.48795181 0.04326923 0.04578313
0 0.33533654 0.44698795 0.02644231 0.02168675
0 0.42187500 0.45180723 0.03125000 0.02650602
1 0.42307692 0.46024096 0.03846154 0.04819277
1 0.33293269 0.45662651 0.03125000 0.04578313
1 0.18149038 0.49397590 0.05048077 0.06265060
2 0.20552885 0.53734940 0.10336538 0.14457831
2 0.33413462 0.53253012 0.12500000 0.19277108
2 0.44591346 0.53253012 0.09855769 0.19759036
5 0.33293269 0.46987952 0.02163462 0.01927711
5 0.18149038 0.51566265 0.02163462 0.01927711
5 0.42668269 0.47710843 0.02163462 0.01445783
