0 0.15504808 0.59254808 0.03125000 0.02644231
1 0.15504808 0.60096154 0.03605769 0.04326923
2 0.14903846 0.70192308 0.08653846 0.24519231
0 0.20913462 0.59855769 0.02403846 0.01923077
0 0.21394231 0.61298077 0.03365385 0.01923077
1 0.21514423 0.62379808 0.03605769 0.03605769
2 0.19591346 0.71514423 0.07932692 0.21875000
0 0.25120192 0.61418269 0.05048077 0.04567308
1 0.25360577 0.62259615 0.05048077 0.06250000
2 0.24399038 0.71033654 0.09855769 0.23317308
0 0.34495192 0.61899038 0.02644231 0.02644231
1 0.34735577 0.62500000 0.02644231 0.03365385
2 0.34975962 0.70072115 0.05528846 0.18509615
0 0.38461538 0.60576923 0.02884615 0.02403846
1 0.38701923 0.61418269 0.02884615 0.03605769
2 0.38701923 0.70312500 0.03846154 0.21394231
0 0.44591346 0.59615385 0.03125000 0.02403846
3 0.44110577 0.63221154 0.04567308 0.06250000
4 0.43990385 0.70913462 0.11538462 0.21153846
0 0.48798077 0.68870192 0.03365385 0.05048077
0 0.50120192 0.60937500 0.01682692 0.01682692
0 0.52163462 0.61298077 0.02884615 0.02884615
1 0.50120192 0.61778846 0.01682692 0.02884615
2 0.49278846 0.63341346 0.03365385 0.06490385
2 0.52043269 0.71514423 0.07451923 0.22836538
0 0.57091346 0.61899038 0.02163462 0.02644231
1 0.57091346 0.62620192 0.02644231 0.03605769
2 0.56730769 0.71875000 0.03846154 0.22115385
0 0.60216346 0.62139423 0.04086538 0.03125000
1 0.60456731 0.63701923 0.04086538 0.05769231
2 0.59615385 0.71995192 0.10576923 0.22355769
0 0.64543269 0.62860577 0.02163462 0.01682692
1 0.64423077 0.63581731 0.02403846 0.03125000
2 0.64543269 0.71394231 0.06009615 0.18750000
0 0.66466346 0.65024038 0.01682692 0.01201923
0 0.70673077 0.63221154 0.02884615 0.01923077
1 0.70673077 0.64062500 0.02884615 0.03125000
2 0.70552885 0.71875000 0.05048077 0.18750000
0 0.75000000 0.67067308 0.01442308 0.01442308
1 0.75120192 0.67548077 0.01682692 0.02403846
2 0.74278846 0.72475962 0.02403846 0.12259615
0 0.90144231 0.68629808 0.00961538 0.00721154
1 0.90144231 0.68870192 0.00961538 0.01201923
0 0.87860577 0.68269231 0.01201923 0.00961538
1 0.87860577 0.68629808 0.01201923 0.01682692
2 0.87740385 0.70913462 0.02403846 0.06250000
2 0.90144231 0.71274038 0.01442308 0.06009615
0 0.85096154 0.68509615 0.00961538 0.00961538
1 0.85216346 0.68870192 0.01201923 0.01682692
2 0.85456731 0.70432692 0.01682692 0.04807692
2 0.85697115 0.66826923 0.01682692 0.02403846
2 0.87740385 0.66947115 0.00961538 0.01682692
2 0.91225962 0.68028846 0.01201923 0.02884615
