0 0.14302885 0.40240964 0.08413462 0.05301205
1 0.14302885 0.42891566 0.08894231 0.11084337
2 0.12379808 0.60602410 0.22355769 0.46024096
0 0.24038462 0.37108434 0.07211538 0.04819277
1 0.24038462 0.39397590 0.07692308 0.09397590
2 0.27283654 0.59156627 0.13701923 0.48433735
0 0.32451923 0.42289157 0.05769231 0.05060241
2 0.35096154 0.60361446 0.10576923 0.40722892
3 0.39903846 0.40963855 0.04807692 0.05301205
4 0.43028846 0.56506024 0.11538462 0.36385542
3 0.63100962 0.38192771 0.05528846 0.06506024
4 0.62019231 0.56987952 0.17788462 0.44096386
3 0.59254808 0.40361446 0.04567308 0.06024096
4 0.59014423 0.56385542 0.08894231 0.37590361
3 0.76562500 0.38433735 0.04567308 0.05060241
4 0.78245192 0.52771084 0.09855769 0.33734940
3 0.70913462 0.42168675 0.05288462 0.06265060
4 0.73677885 0.56265060 0.10336538 0.34939759
3 0.22115385 0.43975904 0.02403846 0.03132530
3 0.19471154 0.44578313 0.02403846 0.03373494
0 0.09014423 0.43614458 0.03125000 0.02891566
0 0.43389423 0.55903614 0.04086538 0.04337349
0 0.41826923 0.51566265 0.03846154 0.04337349
0 0.50360577 0.49879518 0.06009615 0.04819277
0 0.52644231 0.46987952 0.03846154 0.03855422
5 0.15745192 0.45180723 0.03605769 0.05542169
5 0.41466346 0.41686747 0.01682692 0.03855422
5 0.58653846 0.41445783 0.02403846 0.03855422
5 0.61418269 0.39638554 0.02163462 0.03132530
5 0.75480769 0.38915663 0.02403846 0.03614458
