0 0.47475962 0.73437500 0.05528846 0.04567308
1 0.47355769 0.74158654 0.05769231 0.06490385
1 0.57331731 0.77524038 0.04567308 0.05048077
0 0.56971154 0.77283654 0.04326923 0.04567308
0 0.71634615 0.48798077 0.04807692 0.03846154
1 0.71754808 0.49519231 0.05048077 0.05288462
5 0.56490385 0.60697115 0.01923077 0.02163462
0 0.47475962 0.26682692 0.04567308 0.03846154
5 0.47235577 0.29206731 0.01682692 0.01682692
1 0.47355769 0.27403846 0.04807692 0.05769231
0 0.61538462 0.17067308 0.03846154 0.03846154
1 0.61418269 0.17427885 0.04086538 0.04567308
1 0.61418269 0.08173077 0.03605769 0.03365385
0 0.61538462 0.08653846 0.03365385 0.02403846
2 0.59134615 0.05168269 0.08653846 0.09855769
2 0.59375000 0.27764423 0.08653846 0.25721154
2 0.46754808 0.38942308 0.07451923 0.28846154
2 0.71754808 0.63100962 0.16586538 0.32932692
0 0.57211538 0.97596154 0.04326923 0.04326923
1 0.57331731 0.97115385 0.05048077 0.05288462
2 0.44110577 0.79447115 0.12259615 0.17067308
2 0.59014423 0.81370192 0.10336538 0.12740385
2 0.59014423 0.93870192 0.10336538 0.12259615
