2 0.35456731 0.52283654 0.36778846 0.59375000
2 0.61057692 0.64783654 0.15865385 0.35336538
2 0.71394231 0.63461538 0.14423077 0.37019231
0 0.44591346 0.07091346 0.15144231 0.10817308
1 0.44831731 0.06370192 0.15144231 0.12259615
0 0.44591346 0.29086538 0.15625000 0.12500000
1 0.44471154 0.31610577 0.15865385 0.17067308
0 0.62620192 0.52764423 0.13221154 0.11298077
1 0.62740385 0.56490385 0.12980769 0.17788462
0 0.70432692 0.49278846 0.11057692 0.08173077
0 0.69951923 0.44471154 0.09134615 0.04807692
0 0.55649038 0.48798077 0.07932692 0.05288462
1 0.55649038 0.51562500 0.07932692 0.11298077
5 0.43990385 0.33173077 0.07692308 0.09134615
5 0.62019231 0.59615385 0.07211538 0.08173077
5 0.44350962 0.03365385 0.08894231 0.06250000
