5 0.53846154 0.47475962 0.03365385 0.04086538
5 0.73317308 0.63461538 0.03846154 0.05288462
5 0.95673077 0.63581731 0.03365385 0.05528846
0 0.55769231 0.44951923 0.07692308 0.06250000
0 0.56129808 0.57692308 0.09375000 0.08653846
0 0.76081731 0.60817308 0.10336538 0.08173077
0 0.92187500 0.60817308 0.10336538 0.07692308
1 0.55769231 0.46153846 0.07692308 0.08653846
1 0.56129808 0.59134615 0.10336538 0.11538462
1 0.76201923 0.62379808 0.10576923 0.11298077
1 0.92187500 0.62860577 0.10336538 0.11298077
2 0.77403846 0.78605769 0.14423077 0.42788462
2 0.91706731 0.78485577 0.13701923 0.43028846
2 0.52524038 0.74158654 0.25240385 0.51682692
2 0.53725962 0.53004808 0.20432692 0.25721154
