0 0.31850962 0.39302885 0.26201923 0.18509615
0 0.67307692 0.27163462 0.26923077 0.12019231
0 0.67307692 0.16105769 0.26923077 0.09134615
0 0.31129808 0.07812500 0.23317308 0.14182692
1 0.31971154 0.45432692 0.26923077 0.30288462
1 0.67427885 0.32812500 0.26201923 0.24278846
1 0.67548077 0.10216346 0.28365385 0.19951923
5 0.36177885 0.53966346 0.09855769 0.13221154
5 0.72836538 0.36177885 0.10096154 0.12740385
5 0.73798077 0.08533654 0.08653846 0.13221154
2 0.33052885 0.53605769 0.42067308 0.48076923
