0 0.47235577 0.53132530 0.08894231 0.07951807
1 0.47115385 0.53855422 0.09134615 0.09879518
1 0.41586538 0.50000000 0.06250000 0.05542169
0 0.41346154 0.49879518 0.06250000 0.05301205
1 0.32091346 0.25421687 0.07932692 0.06987952
0 0.31971154 0.25301205 0.07692308 0.06746988
0 0.21514423 0.32289157 0.10817308 0.08674699
1 0.21634615 0.34457831 0.11057692 0.13012048
1 0.04086538 0.27951807 0.07692308 0.07710843
0 0.04086538 0.26506024 0.07692308 0.04819277
0 0.31850962 0.09518072 0.07451923 0.04578313
1 0.31850962 0.08554217 0.07451923 0.06506024
0 0.21875000 0.03012048 0.10096154 0.05542169
0 0.04567308 0.07590361 0.08653846 0.03614458
1 0.04567308 0.07108434 0.08653846 0.04578313
2 0.49278846 0.66024096 0.24519231 0.34216867
2 0.40384615 0.57831325 0.09134615 0.21686747
2 0.18870192 0.55542169 0.22355769 0.55180723
2 0.35937500 0.50361446 0.21875000 0.57831325
2 0.04206731 0.53132530 0.07932692 0.58554217
