0 0.31686747 0.26867470 0.09397590 0.06024096
0 0.62289157 0.20963855 0.07951807 0.06746988
0 0.56626506 0.21566265 0.05783133 0.07469880
0 0.03253012 0.26987952 0.06024096 0.04337349
1 0.31204819 0.28554217 0.09879518 0.10843373
1 0.62409639 0.23253012 0.08192771 0.11325301
1 0.56144578 0.24216867 0.04337349 0.11807229
1 0.02650602 0.30000000 0.04819277 0.09879518
2 0.30481928 0.52409639 0.26746988 0.55180723
2 0.69156627 0.50000000 0.23614458 0.64337349
6 0.56987952 0.39156627 0.12289157 0.42650602
2 0.07951807 0.52530120 0.15421687 0.56385542
4 0.93012048 0.52891566 0.13975904 0.55662651
5 0.34698795 0.32048193 0.03373494 0.05783133
5 0.56626506 0.27108434 0.04337349 0.04578313
