0 0.59036145 0.24879808 0.12048193 0.09855769
1 0.59036145 0.29326923 0.12048193 0.18269231
2 0.52771084 0.56370192 0.38072289 0.86778846
0 0.06987952 0.13942308 0.02409639 0.02403846
0 0.02289157 0.13822115 0.02168675 0.02644231
0 0.27590361 0.13701923 0.03132530 0.02403846
0 0.32530120 0.13822115 0.02409639 0.02644231
0 0.39879518 0.12500000 0.02168675 0.01923077
0 0.42771084 0.13100962 0.02650602 0.02163462
0 0.38192771 0.14062500 0.02168675 0.02163462
4 0.66987952 0.19471154 0.03373494 0.07692308
2 0.26746988 0.19951923 0.05783133 0.14903846
2 0.08072289 0.20312500 0.05542169 0.14663462
2 0.02650602 0.20072115 0.04819277 0.15144231
2 0.32891566 0.20192308 0.05060241 0.14423077
2 0.39397590 0.20072115 0.04578313 0.13701923
5 0.58192771 0.32572115 0.08915663 0.10336538
