1 0.85937500 0.31370192 0.03125000 0.03125000
0 0.85937500 0.30769231 0.03125000 0.01923077
1 0.78605769 0.28125000 0.02884615 0.02884615
0 0.78605769 0.27764423 0.02884615 0.02163462
5 0.71995192 0.32211538 0.00721154 0.01442308
0 0.71634615 0.31009615 0.02884615 0.01923077
1 0.71634615 0.31370192 0.02884615 0.02644231
1 0.66225962 0.31730769 0.02644231 0.02884615
0 0.66225962 0.31370192 0.02644231 0.02163462
0 0.89423077 0.40024038 0.01442308 0.02644231
1 0.89302885 0.40264423 0.02163462 0.03125000
1 0.76682692 0.47475962 0.02884615 0.02644231
0 0.76682692 0.47475962 0.02884615 0.02644231
5 0.75721154 0.47956731 0.00961538 0.01201923
0 0.81730769 0.57451923 0.01923077 0.02403846
1 0.81730769 0.57932692 0.01923077 0.03365385
1 0.88221154 0.62379808 0.03365385 0.03605769
5 0.88100962 0.63581731 0.00721154 0.01201923
0 0.88221154 0.62139423 0.03365385 0.02644231
1 0.65985577 0.74158654 0.03125000 0.02644231
0 0.65985577 0.74038462 0.02644231 0.02403846
2 0.66225962 0.78125000 0.07932692 0.10576923
2 0.87620192 0.66586538 0.04567308 0.12019231
2 0.81129808 0.65745192 0.06009615 0.18990385
2 0.73918269 0.55889423 0.10817308 0.19471154
2 0.86778846 0.47836538 0.07211538 0.18269231
2 0.84014423 0.40264423 0.10817308 0.20913462
2 0.76322115 0.32572115 0.07932692 0.11778846
2 0.66586538 0.39182692 0.08653846 0.17788462
2 0.69951923 0.38100962 0.06250000 0.16105769
1 0.86057692 0.02283654 0.03365385 0.03125000
0 0.85937500 0.03004808 0.03605769 0.02163462
1 0.78605769 0.05288462 0.02884615 0.03365385
0 0.78725962 0.05769231 0.02644231 0.02403846
0 0.71514423 0.02884615 0.03125000 0.02403846
5 0.71634615 0.01442308 0.01923077 0.01442308
1 0.71514423 0.02283654 0.03125000 0.03605769
0 0.66105769 0.01923077 0.02884615 0.03365385
1 0.66105769 0.01923077 0.02884615 0.03365385
