5 0.13581731 0.31566265 0.05048077 0.06265060
5 0.28004808 0.33855422 0.02163462 0.03132530
5 0.33653846 0.35060241 0.01442308 0.01686747
5 0.41225962 0.33253012 0.04086538 0.07710843
5 0.61177885 0.31686747 0.05048077 0.06506024
5 0.72235577 0.32409639 0.03125000 0.05542169
5 0.83413462 0.35662651 0.02884615 0.05301205
5 0.89903846 0.36987952 0.01923077 0.02650602
3 0.13581731 0.31204819 0.07451923 0.09879518
3 0.27764423 0.33734940 0.03125000 0.04819277
3 0.39663462 0.32771084 0.08653846 0.11084337
3 0.33413462 0.35542169 0.02884615 0.03614458
3 0.60456731 0.31566265 0.06971154 0.09638554
3 0.72115385 0.32168675 0.04807692 0.07469880
3 0.86057692 0.34819277 0.08173077 0.10843373
3 0.90384615 0.37228916 0.02884615 0.04096386
4 0.13341346 0.55421687 0.23798077 0.58313253
4 0.37500000 0.57349398 0.23557692 0.60240964
4 0.60576923 0.55421687 0.20673077 0.57831325
4 0.72355769 0.50722892 0.12019231 0.43614458
4 0.85937500 0.58554217 0.21394231 0.58313253
