4 0.08173077 0.41225962 0.10096154 0.19471154
4 0.11658654 0.38221154 0.05528846 0.13942308
3 0.10456731 0.32692308 0.01682692 0.01923077
3 0.06009615 0.32932692 0.02403846 0.03365385
0 0.28125000 0.06370192 0.09615385 0.09375000
0 0.46754808 0.07091346 0.06009615 0.05528846
1 0.46875000 0.06009615 0.05769231 0.08173077
0 0.59495192 0.07211538 0.06971154 0.06730769
1 0.59735577 0.06250000 0.06971154 0.08653846
3 0.97115385 0.22956731 0.05288462 0.09855769
5 0.97355769 0.25120192 0.04326923 0.06009615
3 0.97355769 0.11177885 0.05288462 0.10336538
5 0.97596154 0.09134615 0.03365385 0.05288462
0 0.59615385 0.26081731 0.06730769 0.06971154
5 0.58894231 0.30528846 0.02403846 0.01923077
1 0.59615385 0.27283654 0.07211538 0.09375000
0 0.46875000 0.26562500 0.06250000 0.05048077
5 0.46995192 0.30288462 0.02163462 0.02403846
1 0.47115385 0.27884615 0.06250000 0.07692308
0 0.51081731 0.33413462 0.06971154 0.09134615
0 0.45432692 0.36899038 0.08173077 0.07932692
5 0.45793269 0.41466346 0.04086538 0.04567308
1 0.45552885 0.38581731 0.08413462 0.11298077
0 0.28365385 0.27283654 0.09134615 0.09375000
5 0.28245192 0.32091346 0.03605769 0.03605769
1 0.28485577 0.28605769 0.09375000 0.11538462
4 0.90024038 0.47115385 0.19951923 0.57692308
2 0.62980769 0.43269231 0.13461538 0.41346154
2 0.53846154 0.56730769 0.25000000 0.47596154
2 0.24519231 0.49639423 0.18269231 0.53605769
5 0.47115385 0.03365385 0.04326923 0.02884615
5 0.59134615 0.03365385 0.03846154 0.02884615
