1 0.66586538 0.52764423 0.01923077 0.01682692
1 0.66586538 0.53605769 0.01923077 0.03365385
0 0.64423077 0.60576923 0.09615385 0.17788462
1 0.44831731 0.67187500 0.02163462 0.01201923
1 0.44831731 0.68028846 0.02163462 0.02403846
1 0.57812500 0.68269231 0.02163462 0.01442308
1 0.57932692 0.69230769 0.02403846 0.02884615
0 0.44471154 0.71274038 0.04807692 0.09375000
0 0.56370192 0.70913462 0.06490385 0.06250000
1 0.44591346 0.94831731 0.02644231 0.01201923
1 0.44831731 0.94471154 0.02644231 0.02403846
0 0.44350962 0.91466346 0.04567308 0.08894231
1 0.58052885 0.93870192 0.02163462 0.01201923
1 0.58173077 0.93509615 0.02403846 0.02884615
0 0.56009615 0.91706731 0.06730769 0.06490385
1 0.93269231 0.68028846 0.03846154 0.01923077
1 0.93389423 0.69471154 0.04086538 0.04326923
1 0.93028846 0.74399038 0.09134615 0.14182692
1 0.98317308 0.68990385 0.03365385 0.03365385
1 0.98437500 0.70432692 0.03125000 0.05769231
0 0.97836538 0.74759615 0.04326923 0.14423077
1 0.93870192 0.94350962 0.03605769 0.02644231
1 0.94110577 0.93509615 0.03605769 0.04807692
0 0.92908654 0.88942308 0.08894231 0.14423077
1 0.98197115 0.93629808 0.03125000 0.03125000
1 0.98437500 0.92067308 0.03125000 0.06730769
0 0.97836538 0.89062500 0.04326923 0.13701923
3 0.66586538 0.54086538 0.01442308 0.01442308
3 0.57932692 0.69831731 0.01442308 0.01201923
3 0.45192308 0.68750000 0.00961538 0.00961538
3 0.92548077 0.70072115 0.01442308 0.02163462
3 0.92788462 0.92307692 0.01442308 0.01923077
3 0.57932692 0.92668269 0.01442308 0.01201923
