1 0.48798077 0.30288462 0.08653846 0.09615385
1 0.57331731 0.31490385 0.08413462 0.08173077
1 0.79687500 0.18990385 0.09375000 0.06730769
1 0.79687500 0.05288462 0.08894231 0.07211538
1 0.55889423 0.39302885 0.08413462 0.06971154
1 0.79326923 0.21033654 0.08653846 0.11298077
1 0.57572115 0.32331731 0.07932692 0.09855769
1 0.47956731 0.30649038 0.07932692 0.10336538
1 0.55769231 0.40144231 0.09134615 0.08173077
3 0.53485577 0.48317308 0.06490385 0.05769231
3 0.78605769 0.24759615 0.03846154 0.04326923
0 0.80048077 0.42548077 0.22115385 0.53846154
0 0.67548077 0.52043269 0.28846154 0.50240385
0 0.57331731 0.43149038 0.12259615 0.14663462
0 0.40865385 0.44951923 0.24519231 0.39423077
3 0.50480769 0.51802885 0.14903846 0.23317308
1 0.79687500 0.04567308 0.08894231 0.08653846
