1 0.65024038 0.43509615 0.06490385 0.04807692
1 0.65144231 0.44831731 0.06730769 0.06971154
1 0.31370192 0.37980769 0.06009615 0.06250000
1 0.31250000 0.38942308 0.06730769 0.08173077
1 0.01682692 0.36177885 0.02884615 0.04086538
1 0.01802885 0.37620192 0.03125000 0.06971154
1 0.31490385 0.02524038 0.06250000 0.04567308
1 0.01562500 0.03725962 0.02644231 0.04567308
0 0.04206731 0.53725962 0.07932692 0.39663462
0 0.29567308 0.57091346 0.17788462 0.44471154
0 0.66586538 0.60697115 0.14423077 0.39182692
