1 0.10817308 0.33493976 0.06730769 0.04819277
1 0.52043269 0.40963855 0.06009615 0.05783133
1 0.66826923 0.38433735 0.05288462 0.04578313
1 0.10817308 0.01325301 0.05769231 0.02168675
1 0.10697115 0.35421687 0.06490385 0.09156627
1 0.52043269 0.42409639 0.06009615 0.08674699
1 0.66706731 0.39518072 0.05528846 0.06746988
3 0.11658654 0.37228916 0.04086538 0.05542169
3 0.50961538 0.44216867 0.04326923 0.05060241
3 0.67187500 0.40963855 0.03125000 0.03373494
0 0.11778846 0.56626506 0.13942308 0.51566265
0 0.48317308 0.56506024 0.14423077 0.36867470
0 0.68750000 0.54096386 0.14423077 0.35903614
