1 0.25240385 0.41225962 0.04807692 0.03605769
1 0.38341346 0.43750000 0.04567308 0.03365385
1 0.47596154 0.41225962 0.05288462 0.03125000
3 0.61177885 0.46634615 0.03605769 0.04326923
3 0.43269231 0.44230769 0.04326923 0.05769231
3 0.67908654 0.44471154 0.06009615 0.06250000
3 0.72956731 0.44831731 0.02163462 0.05048077
3 0.76201923 0.44230769 0.05288462 0.06730769
3 0.92307692 0.45793269 0.04807692 0.06009615
1 0.25120192 0.43269231 0.04567308 0.07211538
1 0.38100962 0.45432692 0.04567308 0.06730769
1 0.47596154 0.43149038 0.05288462 0.06971154
0 0.24278846 0.60576923 0.14423077 0.42788462
3 0.28485577 0.44711538 0.03605769 0.04326923
0 0.37259615 0.60817308 0.09615385 0.37019231
3 0.43629808 0.61778846 0.09855769 0.40384615
0 0.49158654 0.59735577 0.08413462 0.40144231
3 0.61177885 0.57932692 0.07932692 0.26923077
3 0.67427885 0.61778846 0.10336538 0.40865385
3 0.76923077 0.62500000 0.11057692 0.42788462
3 0.83173077 0.62500000 0.06250000 0.32211538
3 0.82572115 0.48557692 0.03605769 0.04807692
3 0.92427885 0.61298077 0.09855769 0.36538462
3 0.24519231 0.44471154 0.02403846 0.03846154
3 0.28365385 0.45192308 0.01923077 0.02403846
3 0.37500000 0.46033654 0.03365385 0.04086538
3 0.41947115 0.44591346 0.02163462 0.04567308
3 0.46394231 0.44230769 0.02403846 0.02884615
3 0.61778846 0.46995192 0.01923077 0.03125000
3 0.66466346 0.45312500 0.02644231 0.04086538
3 0.74639423 0.44831731 0.02163462 0.04567308
3 0.91346154 0.46153846 0.02403846 0.03846154
3 0.73197115 0.45432692 0.01682692 0.03365385
