1 0.40264423 0.41586538 0.12259615 0.08173077
1 0.54927885 0.42427885 0.04086538 0.04086538
1 0.58774038 0.40985577 0.06971154 0.05048077
1 0.71274038 0.45192308 0.04567308 0.02884615
1 0.74639423 0.37860577 0.10336538 0.06971154
1 0.87259615 0.37259615 0.12980769 0.08173077
1 0.94951923 0.42788462 0.10096154 0.10576923
1 0.40264423 0.44350962 0.12259615 0.13701923
1 0.54927885 0.43750000 0.04086538 0.07211538
1 0.58774038 0.43269231 0.06971154 0.09615385
1 0.74639423 0.40144231 0.10336538 0.11538462
1 0.87259615 0.40625000 0.12980769 0.14903846
1 0.94951923 0.46754808 0.10096154 0.18990385
0 0.35937500 0.60096154 0.38701923 0.45673077
0 0.59014423 0.60817308 0.16586538 0.44711538
0 0.64783654 0.48317308 0.03125000 0.04326923
0 0.76682692 0.58774038 0.17307692 0.48798077
0 0.89062500 0.58173077 0.16586538 0.50000000
0 0.93149038 0.60216346 0.13701923 0.45913462
3 0.54807692 0.45793269 0.02403846 0.03125000
3 0.57572115 0.45793269 0.03125000 0.04567308
3 0.72235577 0.42668269 0.03605769 0.06009615
3 0.83653846 0.44471154 0.03365385 0.06730769
1 0.64783654 0.46875000 0.01201923 0.00961538
1 0.64783654 0.47235577 0.01201923 0.01201923
