1 0.26802885 0.32168675 0.18990385 0.10361446
1 0.70673077 0.31807229 0.17307692 0.12048193
1 0.89182692 0.28433735 0.21634615 0.12048193
1 0.26682692 0.03373494 0.15865385 0.06265060
1 0.71634615 0.03493976 0.14423077 0.06506024
1 0.90504808 0.05903614 0.18990385 0.10361446
1 0.27043269 0.37831325 0.19471154 0.21686747
1 0.70913462 0.36626506 0.17788462 0.21204819
1 0.89182692 0.35542169 0.21634615 0.26265060
3 0.32091346 0.42168675 0.07451923 0.12048193
3 0.67427885 0.40240964 0.07451923 0.10120482
3 0.82812500 0.40240964 0.05048077 0.15903614
0 0.37139423 0.55180723 0.52163462 0.56385542
0 0.71875000 0.43614458 0.25480769 0.35662651
0 0.82331731 0.52168675 0.35336538 0.59518072
