1 0.05048077 0.42187500 0.03365385 0.02163462
1 0.28725962 0.42187500 0.04086538 0.03605769
1 0.39182692 0.59375000 0.02403846 0.01923077
1 0.46514423 0.24639423 0.06490385 0.06009615
1 0.57211538 0.31370192 0.04807692 0.05048077
1 0.72235577 0.21153846 0.06490385 0.06730769
1 0.93750000 0.21274038 0.06730769 0.07451923
1 0.05168269 0.42788462 0.03605769 0.03365385
1 0.28605769 0.43028846 0.03846154 0.04326923
1 0.39543269 0.59855769 0.02163462 0.03846154
1 0.58173077 0.32572115 0.05769231 0.06971154
1 0.72956731 0.22235577 0.07451923 0.09375000
1 0.93028846 0.22716346 0.07692308 0.10817308
3 0.39182692 0.60817308 0.00961538 0.01923077
3 0.58173077 0.33774038 0.02403846 0.02644231
3 0.71995192 0.24519231 0.04086538 0.04326923
3 0.94110577 0.24639423 0.04086538 0.04567308
0 0.05168269 0.55168269 0.09855769 0.27644231
0 0.28846154 0.53605769 0.08653846 0.26442308
0 0.41105769 0.62019231 0.07211538 0.08653846
0 0.51442308 0.43870192 0.18750000 0.44951923
0 0.63822115 0.46634615 0.18509615 0.35576923
0 0.75841346 0.40144231 0.14663462 0.46634615
0 0.90264423 0.40024038 0.13701923 0.46875000
