1 0.22475962 0.36265060 0.11298077 0.07469880
3 0.24759615 0.42289157 0.04807692 0.05060241
1 0.22596154 0.38915663 0.11538462 0.12289157
1 0.42307692 0.35783133 0.10096154 0.08433735
3 0.44591346 0.41686747 0.02644231 0.04819277
1 0.42307692 0.37951807 0.10096154 0.12771084
1 0.54326923 0.41204819 0.08173077 0.07228916
3 0.56370192 0.46265060 0.03125000 0.04819277
1 0.54567308 0.43373494 0.08173077 0.11566265
1 0.64783654 0.43012048 0.06009615 0.06024096
1 0.64903846 0.44096386 0.06250000 0.08674699
1 0.75600962 0.32771084 0.09855769 0.07228916
3 0.75000000 0.38674699 0.04326923 0.06024096
1 0.75721154 0.35542169 0.10096154 0.12771084
0 0.81370192 0.57108434 0.21394231 0.55903614
0 0.68629808 0.62530120 0.13701923 0.45542169
0 0.58413462 0.60722892 0.16346154 0.46746988
0 0.40625000 0.57951807 0.13942308 0.53253012
0 0.19951923 0.58795181 0.20192308 0.52530120
3 0.65144231 0.46987952 0.04326923 0.02409639
