1 0.43990385 0.56385542 0.02884615 0.01445783
1 0.43990385 0.56746988 0.02884615 0.02650602
1 0.40625000 0.56385542 0.02403846 0.01927711
1 0.40625000 0.56746988 0.02403846 0.02650602
1 0.31610577 0.56144578 0.02644231 0.01927711
3 0.31730769 0.57469880 0.00961538 0.01204819
1 0.31490385 0.56746988 0.02884615 0.02650602
1 0.28125000 0.56746988 0.01923077 0.02168675
1 0.27764423 0.56987952 0.02644231 0.02650602
1 0.07331731 0.56506024 0.02644231 0.01686747
1 0.07211538 0.56987952 0.02884615 0.02650602
0 0.06250000 0.63132530 0.04807692 0.15421687
0 0.26201923 0.63253012 0.05769231 0.15662651
0 0.31129808 0.63253012 0.04567308 0.16144578
0 0.40625000 0.62891566 0.04807692 0.15421687
0 0.44711538 0.63734940 0.05288462 0.16144578
