1 0.96754808 0.27403846 0.02163462 0.01442308
1 0.96754808 0.28125000 0.02163462 0.02884615
0 0.96274038 0.31490385 0.05048077 0.09615385
1 0.95312500 0.37259615 0.02644231 0.01923077
3 0.94831731 0.38822115 0.01682692 0.01682692
1 0.95192308 0.38100962 0.02884615 0.03605769
0 0.94110577 0.40384615 0.06971154 0.08173077
1 0.90745192 0.33533654 0.02644231 0.01201923
1 0.90745192 0.34134615 0.02644231 0.02403846
0 0.89302885 0.37259615 0.06490385 0.08653846
1 0.86538462 0.35697115 0.02403846 0.02163462
0 0.87019231 0.37139423 0.04807692 0.06009615
3 0.77884615 0.38100962 0.02884615 0.03605769
3 0.77403846 0.38822115 0.01923077 0.02163462
3 0.77764423 0.39543269 0.07932692 0.06490385
3 0.70552885 0.33413462 0.02644231 0.03365385
3 0.70072115 0.34254808 0.01201923 0.02163462
3 0.70432692 0.36658654 0.07211538 0.09855769
3 0.72716346 0.27163462 0.01201923 0.01442308
3 0.72596154 0.31009615 0.02403846 0.09134615
3 0.64302885 0.34615385 0.02163462 0.02884615
3 0.63581731 0.37139423 0.05048077 0.07932692
0 0.59495192 0.30168269 0.03605769 0.08413462
1 0.49759615 0.20192308 0.06730769 0.04326923
3 0.47836538 0.24038462 0.01923077 0.04326923
1 0.49879808 0.22235577 0.06971154 0.07932692
0 0.49158654 0.41947115 0.22355769 0.47836538
1 0.77403846 0.45072115 0.06250000 0.03605769
1 0.77403846 0.45913462 0.06250000 0.05288462
0 0.76322115 0.58413462 0.21875000 0.30288462
0 0.41466346 0.45312500 0.18990385 0.28605769
3 0.47475962 0.35817308 0.03605769 0.01923077
1 0.34254808 0.25360577 0.05048077 0.04567308
1 0.33653846 0.25480769 0.06250000 0.04807692
0 0.30889423 0.38581731 0.11778846 0.31009615
0 0.37740385 0.28004808 0.03365385 0.05528846
3 0.25961538 0.29447115 0.02403846 0.05528846
1 0.22115385 0.36899038 0.04326923 0.05048077
1 0.21875000 0.36538462 0.04807692 0.05769231
0 0.20192308 0.41346154 0.09134615 0.18269231
3 0.11298077 0.35216346 0.05288462 0.05528846
3 0.10576923 0.48557692 0.12980769 0.35096154
1 0.04687500 0.35096154 0.04567308 0.03365385
1 0.04567308 0.35937500 0.04807692 0.05048077
0 0.03605769 0.46153846 0.06730769 0.25480769
1 0.49759615 0.04687500 0.06730769 0.04086538
1 0.49759615 0.03485577 0.06730769 0.06490385
3 0.48197115 0.01682692 0.03125000 0.02884615
