1 0.78725962 0.22771084 0.06971154 0.04096386
1 0.78846154 0.25180723 0.07692308 0.08915663
0 0.80649038 0.43493976 0.26682692 0.46506024
1 0.55528846 0.20240964 0.05288462 0.04337349
1 0.54447115 0.21325301 0.07932692 0.05542169
0 0.55408654 0.41325301 0.23798077 0.45060241
1 0.32451923 0.25421687 0.06730769 0.06506024
1 0.32451923 0.26024096 0.06730769 0.08192771
0 0.34495192 0.36746988 0.18990385 0.29638554
1 0.67067308 0.41325301 0.03365385 0.02168675
1 0.67187500 0.42048193 0.03605769 0.03614458
0 0.67307692 0.46024096 0.06250000 0.11084337
3 0.40745192 0.41325301 0.03125000 0.13253012
1 0.17908654 0.39036145 0.03125000 0.01927711
1 0.17908654 0.39759036 0.03125000 0.03373494
0 0.18870192 0.47108434 0.06971154 0.17590361
1 0.05048077 0.49518072 0.02884615 0.02650602
1 0.04807692 0.50843373 0.02884615 0.05783133
0 0.06370192 0.56385542 0.06009615 0.16867470
1 0.04927885 0.43132530 0.03125000 0.01927711
1 0.05048077 0.44216867 0.03365385 0.04578313
0 0.05889423 0.48313253 0.04567308 0.12289157
1 0.78846154 0.07590361 0.07211538 0.05542169
1 0.78966346 0.06024096 0.06971154 0.09156627
1 0.55528846 0.10000000 0.05769231 0.04096386
1 0.54326923 0.09277108 0.09134615 0.05060241
1 0.32451923 0.05662651 0.06250000 0.06024096
1 0.32572115 0.04337349 0.06971154 0.08192771
0 0.54927885 0.06144578 0.22355769 0.11807229
3 0.04687500 0.52048193 0.02163462 0.02409639
3 0.05048077 0.45060241 0.01923077 0.01927711
3 0.17908654 0.40602410 0.01682692 0.01686747
