3 0.77043269 0.56265060 0.01201923 0.01204819
1 0.77043269 0.55060241 0.02163462 0.01686747
1 0.77043269 0.55783133 0.02163462 0.03132530
3 0.79086538 0.55783133 0.00961538 0.01204819
1 0.79927885 0.54578313 0.02163462 0.01686747
1 0.79687500 0.55421687 0.02644231 0.03373494
3 0.81370192 0.56867470 0.00721154 0.01445783
1 0.82091346 0.55301205 0.02163462 0.01686747
1 0.82211538 0.56144578 0.02403846 0.03373494
1 0.84615385 0.54819277 0.02403846 0.02168675
1 0.84615385 0.55783133 0.02403846 0.04096386
3 0.75120192 0.57590361 0.01682692 0.01927711
3 0.73918269 0.63253012 0.05528846 0.13253012
0 0.76802885 0.61927711 0.04567308 0.15421687
0 0.79807692 0.62168675 0.02884615 0.16867470
0 0.82331731 0.62530120 0.03125000 0.16144578
0 0.84375000 0.62168675 0.03846154 0.16867470
