1 0.59375000 0.28004808 0.18269231 0.11778846
3 0.58774038 0.40504808 0.10336538 0.11778846
1 0.59375000 0.34254808 0.18269231 0.24278846
1 0.39663462 0.30168269 0.13942308 0.08894231
3 0.38822115 0.39543269 0.06490385 0.06971154
1 0.39663462 0.34254808 0.13942308 0.17548077
1 0.21514423 0.32211538 0.12740385 0.07692308
3 0.21875000 0.38822115 0.05288462 0.06490385
1 0.21514423 0.35216346 0.12740385 0.13701923
1 0.10096154 0.32572115 0.11057692 0.06490385
3 0.09735577 0.39423077 0.04086538 0.04326923
1 0.10096154 0.35456731 0.11057692 0.12259615
3 0.03966346 0.22956731 0.04567308 0.06009615
3 0.04567308 0.21754808 0.08653846 0.08894231
3 0.04086538 0.10697115 0.05769231 0.06490385
3 0.04927885 0.11658654 0.09375000 0.08894231
1 0.21634615 0.02764423 0.12500000 0.05048077
1 0.39663462 0.04086538 0.13461538 0.07692308
1 0.59375000 0.05769231 0.17788462 0.11057692
0 0.63461538 0.52644231 0.54326923 0.61057692
0 0.37980769 0.54447115 0.29807692 0.58413462
0 0.17307692 0.55769231 0.34134615 0.55288462
0 0.11418269 0.43269231 0.14182692 0.27884615
0 0.08173077 0.26442308 0.15865385 0.18269231
