3 0.19711538 0.38795181 0.06730769 0.09638554
3 0.47355769 0.44216867 0.05288462 0.07469880
3 0.59735577 0.43373494 0.06490385 0.07228916
3 0.87259615 0.44457831 0.09134615 0.12289157
1 0.18149038 0.30120482 0.13701923 0.09156627
1 0.48677885 0.36506024 0.12740385 0.07469880
1 0.61177885 0.36144578 0.12740385 0.07710843
1 0.77524038 0.21566265 0.19471154 0.12771084
1 0.88822115 0.30843373 0.21875000 0.14939759
1 0.77764423 0.07349398 0.18990385 0.13734940
1 0.18028846 0.34819277 0.13942308 0.18554217
1 0.48918269 0.40722892 0.12740385 0.14939759
1 0.61538462 0.40361446 0.12980769 0.15662651
1 0.77644231 0.26987952 0.19230769 0.22168675
1 0.88942308 0.37469880 0.22115385 0.28192771
0 0.17067308 0.53855422 0.33653846 0.57108434
0 0.45913462 0.56746988 0.25961538 0.48915663
0 0.61899038 0.56867470 0.23798077 0.48674699
0 0.81730769 0.48915663 0.36538462 0.51084337
