1 0.14302885 0.36867470 0.04086538 0.03373494
1 0.19471154 0.39036145 0.04807692 0.03373494
1 0.24639423 0.36265060 0.06490385 0.04096386
1 0.40384615 0.38554217 0.05288462 0.03855422
1 0.48557692 0.34457831 0.06730769 0.04819277
1 0.69831731 0.36385542 0.05528846 0.03855422
1 0.79807692 0.36385542 0.02884615 0.02891566
1 0.87019231 0.37108434 0.02884615 0.02409639
1 0.91586538 0.34457831 0.06250000 0.04337349
1 0.65625000 0.36506024 0.01442308 0.01204819
1 0.56250000 0.38072289 0.01923077 0.02409639
1 0.43990385 0.36867470 0.01923077 0.01445783
1 0.44110577 0.37831325 0.02163462 0.03373494
1 0.24879808 0.38795181 0.06490385 0.09156627
1 0.19711538 0.40722892 0.05288462 0.06746988
1 0.14423077 0.38554217 0.04326923 0.06265060
1 0.48557692 0.36265060 0.06730769 0.07951807
3 0.52764423 0.37108434 0.03605769 0.06265060
1 0.56370192 0.38674699 0.02163462 0.03614458
1 0.65865385 0.36987952 0.01923077 0.02168675
1 0.69951923 0.38192771 0.05769231 0.06987952
1 0.80048077 0.37710843 0.03365385 0.05060241
1 0.87259615 0.38313253 0.02884615 0.04819277
1 0.91706731 0.36506024 0.06490385 0.07951807
1 0.96514423 0.36144578 0.04567308 0.03855422
1 0.96754808 0.37469880 0.04567308 0.06506024
3 0.13942308 0.39638554 0.02403846 0.02650602
3 0.20072115 0.41807229 0.03125000 0.03614458
3 0.24278846 0.40000000 0.03365385 0.03373494
3 0.40264423 0.42048193 0.03125000 0.03132530
1 0.40504808 0.40000000 0.05528846 0.07228916
3 0.49399038 0.37951807 0.03125000 0.04096386
3 0.52524038 0.38554217 0.02163462 0.02891566
3 0.69591346 0.39638554 0.03125000 0.03614458
3 0.79807692 0.38795181 0.01923077 0.02409639
3 0.87259615 0.39156627 0.01923077 0.02168675
3 0.92187500 0.38915663 0.02644231 0.03132530
3 0.96875000 0.38915663 0.02403846 0.02168675
0 0.14903846 0.51204819 0.07692308 0.32048193
0 0.18870192 0.56867470 0.07932692 0.38554217
0 0.28846154 0.58554217 0.15865385 0.48674699
0 0.39903846 0.56506024 0.12019231 0.40240964
0 0.49639423 0.55783133 0.18028846 0.46987952
0 0.69711538 0.54698795 0.12980769 0.40000000
0 0.78846154 0.47228916 0.08173077 0.23614458
0 0.92307692 0.56385542 0.15384615 0.47228916
0 0.86057692 0.46024096 0.05288462 0.20240964
