1 0.09014423 0.34216867 0.13701923 0.06746988
3 0.13100962 0.40240964 0.04086538 0.05783133
1 0.09134615 0.37108434 0.14423077 0.13012048
3 0.26562500 0.40361446 0.07932692 0.09397590
3 0.27283654 0.42289157 0.02644231 0.04578313
3 0.40745192 0.39638554 0.03125000 0.04578313
1 0.41225962 0.37469880 0.06971154 0.09879518
1 0.41346154 0.34939759 0.06730769 0.04819277
1 0.56370192 0.35421687 0.07932692 0.05783133
3 0.54567308 0.39277108 0.03365385 0.05301205
1 0.56370192 0.37469880 0.08413462 0.09397590
1 0.74038462 0.38674699 0.06730769 0.05060241
3 0.74278846 0.42530120 0.03846154 0.05060241
1 0.73918269 0.40843373 0.07451923 0.09397590
1 0.88822115 0.36265060 0.07932692 0.06024096
3 0.89423077 0.40481928 0.03846154 0.04337349
1 0.88942308 0.38192771 0.08173077 0.09397590
0 0.89062500 0.59759036 0.17548077 0.52530120
0 0.73317308 0.60602410 0.19230769 0.48915663
0 0.53966346 0.57710843 0.20913462 0.50361446
0 0.41706731 0.56626506 0.16105769 0.47710843
3 0.25000000 0.61084337 0.18269231 0.50361446
0 0.09615385 0.58433735 0.18750000 0.56144578
