1 0.21274038 0.37228916 0.15625000 0.06987952
1 0.67067308 0.38072289 0.13461538 0.07710843
1 0.87019231 0.35542169 0.03846154 0.02168675
1 0.21394231 0.40843373 0.15865385 0.14216867
1 0.67187500 0.41566265 0.13701923 0.15662651
1 0.87019231 0.36024096 0.04326923 0.03614458
3 0.21153846 0.42891566 0.07692308 0.08192771
3 0.65384615 0.44578313 0.07692308 0.08192771
0 0.18750000 0.57831325 0.34615385 0.48192771
0 0.57331731 0.59397590 0.37740385 0.51325301
0 0.88221154 0.43132530 0.06730769 0.17831325
