1 0.09975962 0.41445783 0.05048077 0.03373494
1 0.00721154 0.43132530 0.00961538 0.01445783
1 0.15745192 0.42168675 0.06971154 0.03855422
1 0.25961538 0.40240964 0.06250000 0.02891566
1 0.18028846 0.41686747 0.03365385 0.03373494
1 0.33293269 0.40963855 0.06009615 0.03373494
1 0.37620192 0.41686747 0.03605769 0.02891566
1 0.45673077 0.43132530 0.06730769 0.03855422
1 0.51562500 0.42530120 0.05048077 0.02168675
1 0.58774038 0.43614458 0.06971154 0.03855422
1 0.64903846 0.42409639 0.05769231 0.02891566
1 0.71274038 0.42771084 0.06009615 0.03132530
1 0.76562500 0.44939759 0.05048077 0.03132530
1 0.80649038 0.44578313 0.04086538 0.03373494
1 0.87019231 0.44216867 0.04807692 0.02650602
1 0.94230769 0.45662651 0.04326923 0.03132530
1 0.97235577 0.46265060 0.01201923 0.01927711
1 0.01442308 0.45903614 0.02403846 0.06506024
1 0.10096154 0.43614458 0.05288462 0.07710843
1 0.15865385 0.44096386 0.06250000 0.08192771
1 0.25961538 0.41927711 0.06730769 0.07228916
1 0.33653846 0.42771084 0.06250000 0.06506024
1 0.38221154 0.43734940 0.03846154 0.06506024
1 0.45552885 0.45662651 0.06490385 0.07469880
1 0.51923077 0.44216867 0.04807692 0.05542169
1 0.58774038 0.45662651 0.06971154 0.07951807
1 0.64903846 0.44457831 0.04807692 0.06506024
1 0.71153846 0.44819277 0.05769231 0.07710843
1 0.76322115 0.45903614 0.04086538 0.06987952
1 0.81250000 0.46385542 0.04807692 0.06506024
1 0.87019231 0.45783133 0.04326923 0.05301205
1 0.94591346 0.47349398 0.04567308 0.06024096
3 0.01201923 0.46385542 0.01923077 0.04096386
3 0.16706731 0.45662651 0.04086538 0.03614458
3 0.28004808 0.43614458 0.02644231 0.04337349
3 0.38461538 0.44939759 0.02403846 0.03132530
3 0.35697115 0.43253012 0.01682692 0.03614458
3 0.11658654 0.44698795 0.01682692 0.05542169
3 0.46514423 0.47228916 0.03605769 0.03373494
3 0.53365385 0.45301205 0.02403846 0.04337349
3 0.61177885 0.46746988 0.01682692 0.03373494
3 0.66225962 0.45060241 0.02644231 0.03373494
3 0.72475962 0.46385542 0.02163462 0.04578313
3 0.81850962 0.47469880 0.02163462 0.03373494
3 0.87740385 0.46626506 0.02884615 0.03132530
3 0.95192308 0.48433735 0.02403846 0.03373494
0 0.07451923 0.60963855 0.10576923 0.43373494
0 0.16706731 0.61686747 0.16586538 0.41445783
0 0.26923077 0.60963855 0.11538462 0.42409639
0 0.43269231 0.61927711 0.16826923 0.40000000
0 0.58293269 0.61927711 0.08413462 0.40000000
0 0.68990385 0.62289157 0.12980769 0.41686747
0 0.78605769 0.61325301 0.08173077 0.37349398
0 0.87500000 0.59638554 0.07692308 0.33493976
0 0.93269231 0.62048193 0.11057692 0.34939759
