1 0.76802885 0.01802885 0.06490385 0.03125000
1 0.51682692 0.37980769 0.06730769 0.06250000
3 0.51201923 0.42187500 0.03846154 0.04086538
1 0.51562500 0.39543269 0.06971154 0.09855769
3 0.62139423 0.40024038 0.03605769 0.03125000
1 0.62620192 0.35576923 0.06009615 0.06250000
1 0.62620192 0.37379808 0.06009615 0.09855769
3 0.70913462 0.41586538 0.02403846 0.02884615
1 0.71153846 0.37500000 0.05288462 0.04807692
1 0.71153846 0.39182692 0.05288462 0.08173077
3 0.75360577 0.37860577 0.03125000 0.04086538
1 0.76562500 0.32932692 0.06490385 0.05288462
1 0.76682692 0.36177885 0.06250000 0.11778846
3 0.80408654 0.40865385 0.03605769 0.04326923
1 0.81850962 0.35817308 0.09855769 0.06250000
1 0.81850962 0.37860577 0.09855769 0.10336538
0 0.47956731 0.58533654 0.15625000 0.47355769
0 0.62500000 0.57331731 0.15384615 0.49759615
0 0.77163462 0.56250000 0.13942308 0.51923077
0 0.85817308 0.57572115 0.17788462 0.49759615
