1 0.81009615 0.51442308 0.07211538 0.04807692
1 0.61298077 0.53485577 0.05288462 0.03605769
1 0.45913462 0.52764423 0.05288462 0.04567308
1 0.37860577 0.50721154 0.04567308 0.03365385
1 0.80889423 0.52644231 0.07451923 0.07692308
1 0.61298077 0.55048077 0.05288462 0.07211538
1 0.45913462 0.52764423 0.05288462 0.05048077
1 0.37860577 0.51442308 0.05048077 0.05288462
3 0.27043269 0.57932692 0.07932692 0.20192308
0 0.80048077 0.63942308 0.17307692 0.29807692
0 0.60096154 0.65625000 0.13461538 0.27884615
0 0.44230769 0.64423077 0.12500000 0.27403846
0 0.37259615 0.63942308 0.07211538 0.30288462
3 0.79687500 0.54206731 0.04086538 0.04086538
