3 0.62620192 0.39903846 0.03125000 0.07211538
3 0.76081731 0.42307692 0.03605769 0.04326923
3 0.90144231 0.45673077 0.04326923 0.06250000
3 0.65985577 0.48798077 0.01682692 0.02403846
3 0.61057692 0.45432692 0.01442308 0.01923077
3 0.06850962 0.43028846 0.01682692 0.01923077
3 0.12860577 0.44711538 0.02163462 0.02884615
1 0.18990385 0.37500000 0.09134615 0.05769231
1 0.35096154 0.40985577 0.03846154 0.02644231
3 0.36177885 0.43269231 0.01201923 0.01923077
1 0.66826923 0.45192308 0.05288462 0.02884615
1 0.75240385 0.37980769 0.06730769 0.04326923
1 0.93149038 0.39302885 0.13701923 0.07932692
1 0.67067308 0.47115385 0.05288462 0.06250000
1 0.75480769 0.40384615 0.06730769 0.08653846
1 0.89783654 0.42307692 0.06490385 0.13461538
1 0.35336538 0.42427885 0.03846154 0.05048077
1 0.19230769 0.38461538 0.09134615 0.07211538
3 0.01562500 0.41346154 0.02644231 0.06730769
3 0.06370192 0.42427885 0.02644231 0.03125000
3 0.13221154 0.43509615 0.04326923 0.05769231
3 0.43629808 0.41706731 0.04567308 0.05048077
3 0.61418269 0.45072115 0.02644231 0.03125000
3 0.59014423 0.37379808 0.10817308 0.13221154
0 0.20793269 0.57812500 0.21394231 0.46394231
0 0.34615385 0.55168269 0.07211538 0.30528846
0 0.74879808 0.58774038 0.16586538 0.45913462
0 0.89062500 0.58774038 0.21875000 0.46394231
0 0.65985577 0.60336538 0.08894231 0.33173077
3 0.41947115 0.56850962 0.13221154 0.35817308
3 0.02764423 0.57091346 0.05048077 0.38221154
3 0.09975962 0.55889423 0.09855769 0.30528846
3 0.56370192 0.56129808 0.16105769 0.50721154
