1 0.83052885 0.42788462 0.08894231 0.06250000
1 0.83293269 0.44230769 0.08894231 0.09134615
0 0.81009615 0.60937500 0.17788462 0.43028846
1 0.56250000 0.39182692 0.07211538 0.04326923
1 0.56370192 0.40865385 0.07451923 0.07692308
0 0.56850962 0.60336538 0.18509615 0.46153846
1 0.31971154 0.40264423 0.06250000 0.05528846
3 0.34375000 0.43389423 0.01923077 0.04567308
1 0.32091346 0.41826923 0.06971154 0.08173077
0 0.33293269 0.60456731 0.09375000 0.46394231
1 0.25841346 0.36057692 0.08413462 0.05769231
1 0.25841346 0.38461538 0.08413462 0.10576923
0 0.24278846 0.58293269 0.14423077 0.50240385
3 0.54326923 0.42788462 0.02884615 0.03846154
3 0.80168269 0.46153846 0.02644231 0.04807692
