3 0.06971154 0.44578313 0.03846154 0.07228916
3 0.15264423 0.47590361 0.03605769 0.04578313
3 0.34615385 0.40481928 0.02884615 0.06265060
3 0.37860577 0.47228916 0.03125000 0.03373494
3 0.45793269 0.42891566 0.04086538 0.05301205
3 0.52043269 0.46024096 0.01201923 0.01445783
3 0.55408654 0.45783133 0.01201923 0.01445783
3 0.60096154 0.43373494 0.04326923 0.05301205
3 0.63701923 0.44457831 0.02403846 0.03614458
3 0.77764423 0.45783133 0.04567308 0.04819277
3 0.86057692 0.42048193 0.04326923 0.07469880
1 0.05408654 0.37349398 0.10336538 0.08674699
1 0.13341346 0.42530120 0.08413462 0.05542169
1 0.31610577 0.34819277 0.11778846 0.06987952
1 0.43750000 0.38192771 0.09615385 0.06024096
1 0.37139423 0.43734940 0.05528846 0.04578313
1 0.58533654 0.38795181 0.07451923 0.05301205
1 0.63341346 0.39879518 0.03605769 0.05060241
1 0.78245192 0.40843373 0.07932692 0.05542169
1 0.90264423 0.37590361 0.11778846 0.08674699
1 0.05528846 0.40843373 0.10576923 0.15662651
1 0.13461538 0.45301205 0.08653846 0.10602410
1 0.31850962 0.38313253 0.11778846 0.13493976
1 0.37259615 0.45662651 0.05769231 0.07951807
1 0.43990385 0.40843373 0.09615385 0.10843373
1 0.58653846 0.41566265 0.07692308 0.09879518
1 0.63461538 0.42048193 0.03846154 0.09397590
1 0.78365385 0.43373494 0.08173077 0.10120482
1 0.89903846 0.40120482 0.12500000 0.13253012
1 0.51923077 0.44457831 0.01923077 0.01204819
1 0.55168269 0.44337349 0.01682692 0.01445783
1 0.52043269 0.45301205 0.02163462 0.02891566
1 0.55168269 0.45180723 0.01682692 0.02650602
0 0.07451923 0.60361446 0.14423077 0.55180723
0 0.12740385 0.64096386 0.13461538 0.48192771
0 0.27644231 0.59518072 0.21153846 0.55421687
0 0.44110577 0.61445783 0.15144231 0.52048193
0 0.59014423 0.61807229 0.17067308 0.49879518
0 0.67187500 0.59879518 0.09855769 0.43614458
0 0.78485577 0.63012048 0.15625000 0.48915663
0 0.88100962 0.60722892 0.23798077 0.54457831
