3 0.32812500 0.28674699 0.03605769 0.05301205
3 0.50000000 0.29879518 0.04326923 0.05301205
3 0.69831731 0.27951807 0.03605769 0.04819277
3 0.69831731 0.04939759 0.04567308 0.04578313
3 0.51081731 0.03012048 0.06971154 0.04096386
3 0.32812500 0.04578313 0.05048077 0.05301205
1 0.32211538 0.23493976 0.08173077 0.06024096
1 0.51201923 0.25542169 0.06730769 0.06265060
1 0.70552885 0.23132530 0.09375000 0.06265060
1 0.70793269 0.10120482 0.09375000 0.05783133
1 0.51322115 0.07710843 0.07451923 0.06265060
1 0.31971154 0.09277108 0.08653846 0.06024096
1 0.31971154 0.06867470 0.08653846 0.11325301
1 0.32211538 0.26024096 0.08173077 0.10602410
1 0.51201923 0.27951807 0.06730769 0.10602410
1 0.51322115 0.06144578 0.07932692 0.09879518
1 0.70432692 0.25421687 0.09615385 0.10843373
1 0.70673077 0.07831325 0.09615385 0.10843373
0 0.29807692 0.51445783 0.17307692 0.61445783
0 0.49038462 0.52409639 0.23076923 0.60000000
0 0.71754808 0.50843373 0.21875000 0.61204819
