1 0.16105769 0.47475962 0.04807692 0.02644231
1 0.20793269 0.46033654 0.04567308 0.02163462
1 0.24399038 0.41466346 0.03605769 0.02163462
1 0.35697115 0.36298077 0.03605769 0.03365385
1 0.45793269 0.34615385 0.03605769 0.02884615
1 0.52644231 0.22596154 0.03365385 0.02403846
1 0.61418269 0.33533654 0.04086538 0.02644231
1 0.71875000 0.35456731 0.04326923 0.03125000
1 0.28004808 0.48197115 0.03605769 0.02163462
1 0.38461538 0.48076923 0.03846154 0.02403846
1 0.47235577 0.47836538 0.04086538 0.02884615
1 0.51682692 0.46274038 0.04326923 0.02644231
1 0.57812500 0.47836538 0.03605769 0.02884615
1 0.64543269 0.46033654 0.04567308 0.03605769
1 0.74038462 0.49158654 0.04807692 0.02644231
1 0.80769231 0.49278846 0.04807692 0.02884615
1 0.15865385 0.49038462 0.04326923 0.05288462
1 0.21274038 0.47836538 0.04567308 0.04807692
1 0.28004808 0.50240385 0.03605769 0.06250000
1 0.24519231 0.42788462 0.03365385 0.04807692
1 0.35576923 0.37860577 0.03846154 0.06009615
1 0.38221154 0.50120192 0.04326923 0.06009615
1 0.46754808 0.49399038 0.03605769 0.06009615
1 0.46033654 0.35937500 0.03605769 0.05528846
1 0.52403846 0.23677885 0.02884615 0.04567308
1 0.51562500 0.48317308 0.04086538 0.06250000
1 0.58052885 0.49158654 0.03605769 0.06009615
1 0.64543269 0.47716346 0.04567308 0.06009615
1 0.61418269 0.35456731 0.04086538 0.06009615
1 0.71754808 0.37259615 0.04086538 0.06250000
1 0.74038462 0.51081731 0.04807692 0.05528846
1 0.80769231 0.50721154 0.04326923 0.05769231
0 0.15264423 0.63341346 0.12259615 0.34375000
0 0.21995192 0.58653846 0.07932692 0.26923077
0 0.27644231 0.64783654 0.11538462 0.35336538
0 0.37620192 0.64783654 0.09375000 0.35336538
0 0.45312500 0.64663462 0.08413462 0.36057692
0 0.52283654 0.63822115 0.10336538 0.37259615
0 0.58533654 0.65024038 0.07932692 0.37259615
0 0.67187500 0.64543269 0.12259615 0.40625000
0 0.75841346 0.66346154 0.09375000 0.37500000
0 0.83774038 0.66826923 0.14663462 0.37980769
0 0.24759615 0.45072115 0.05769231 0.09375000
0 0.34855769 0.43389423 0.08653846 0.17548077
0 0.44951923 0.42187500 0.10576923 0.17067308
0 0.52764423 0.34134615 0.12259615 0.25000000
0 0.61418269 0.39543269 0.09855769 0.14182692
0 0.72115385 0.41586538 0.10576923 0.15384615
3 0.16105769 0.50120192 0.02403846 0.03125000
3 0.21274038 0.48557692 0.03605769 0.03365385
3 0.24639423 0.43750000 0.02163462 0.02403846
3 0.27884615 0.51442308 0.02884615 0.02403846
3 0.35576923 0.39903846 0.02884615 0.02884615
3 0.38221154 0.51201923 0.02403846 0.03365385
3 0.47355769 0.50721154 0.02403846 0.02884615
3 0.46153846 0.37500000 0.02403846 0.02884615
3 0.51802885 0.49038462 0.02163462 0.03365385
3 0.52403846 0.25000000 0.02884615 0.02403846
3 0.61538462 0.36778846 0.02884615 0.03365385
3 0.57812500 0.50120192 0.02644231 0.02644231
3 0.64663462 0.49038462 0.02403846 0.04326923
3 0.71754808 0.38341346 0.02644231 0.03605769
3 0.74639423 0.52283654 0.03605769 0.03605769
3 0.81009615 0.51923077 0.03365385 0.02884615
