1 0.76923077 0.28725962 0.07211538 0.05048077
3 0.77884615 0.32692308 0.03365385 0.04807692
1 0.76923077 0.30769231 0.07211538 0.09134615
1 0.71634615 0.31850962 0.04807692 0.03605769
3 0.72115385 0.34975962 0.01442308 0.02163462
1 0.71634615 0.33052885 0.04807692 0.06490385
1 0.62500000 0.30649038 0.08173077 0.06009615
3 0.64903846 0.33894231 0.02403846 0.04326923
1 0.62500000 0.32091346 0.08173077 0.08894231
1 0.52884615 0.34134615 0.03846154 0.03365385
3 0.53485577 0.36177885 0.01201923 0.02163462
1 0.52884615 0.34735577 0.03846154 0.05048077
3 0.45432692 0.37019231 0.01923077 0.03365385
3 0.44591346 0.36418269 0.03605769 0.05528846
3 0.26081731 0.37620192 0.02163462 0.02163462
1 0.25600962 0.35576923 0.04086538 0.03365385
1 0.25600962 0.36418269 0.04086538 0.05528846
3 0.20793269 0.34855769 0.03125000 0.04326923
1 0.19831731 0.31850962 0.06971154 0.05048077
1 0.19831731 0.33293269 0.06971154 0.07932692
0 0.21394231 0.52283654 0.19230769 0.46875000
0 0.29326923 0.49158654 0.12019231 0.31009615
3 0.45072115 0.49519231 0.15144231 0.31730769
0 0.53004808 0.45192308 0.07451923 0.25961538
0 0.63461538 0.55048077 0.19230769 0.54807692
0 0.69230769 0.47716346 0.09615385 0.35336538
0 0.78365385 0.51322115 0.22596154 0.50721154
