0 0.14182692 0.60481928 0.13942308 0.47228916
0 0.34014423 0.60963855 0.17067308 0.44337349
0 0.46514423 0.59277108 0.12259615 0.42891566
0 0.62620192 0.58915663 0.18509615 0.43132530
0 0.81490385 0.59156627 0.15865385 0.49397590
1 0.79687500 0.37108434 0.07932692 0.04819277
1 0.74519231 0.38554217 0.04326923 0.04819277
1 0.65024038 0.39638554 0.06971154 0.04578313
1 0.64903846 0.41204819 0.07211538 0.08192771
1 0.46153846 0.40240964 0.05288462 0.04337349
1 0.46153846 0.42289157 0.05288462 0.07469880
1 0.33774038 0.41204819 0.06490385 0.04337349
1 0.33774038 0.43493976 0.06490385 0.08433735
1 0.16225962 0.40000000 0.08894231 0.05301205
1 0.16466346 0.42650602 0.08894231 0.10120482
3 0.19471154 0.44698795 0.02403846 0.05060241
3 0.35697115 0.45301205 0.02644231 0.03855422
3 0.45072115 0.43373494 0.03125000 0.03855422
3 0.64062500 0.43493976 0.02644231 0.03614458
3 0.78485577 0.41807229 0.03605769 0.04578313
3 0.75360577 0.42289157 0.02644231 0.03614458
