1 0.51802885 0.62379808 0.02163462 0.02163462
1 0.51802885 0.62379808 0.02644231 0.02644231
0 0.52043269 0.68990385 0.04086538 0.15384615
1 0.76081731 0.60937500 0.01682692 0.01201923
0 0.77163462 0.66706731 0.03846154 0.12740385
1 0.76081731 0.61538462 0.01682692 0.02403846
1 0.80769231 0.60456731 0.01923077 0.01682692
1 0.80889423 0.60456731 0.01682692 0.01682692
0 0.81250000 0.66225962 0.03365385 0.13221154
1 0.84375000 0.61538462 0.02403846 0.02403846
1 0.84735577 0.62019231 0.02644231 0.03365385
0 0.84975962 0.70432692 0.06971154 0.20192308
