1 0.22475962 0.36024096 0.03605769 0.03614458
1 0.25841346 0.36867470 0.02163462 0.02891566
1 0.04927885 0.40722892 0.02644231 0.01927711
3 0.05048077 0.42289157 0.01923077 0.01204819
1 0.05048077 0.41445783 0.03365385 0.03855422
0 0.05649038 0.45903614 0.05048077 0.12771084
1 0.22235577 0.36867470 0.03605769 0.05301205
0 0.19951923 0.46385542 0.08653846 0.23855422
1 0.25841346 0.37590361 0.02163462 0.04337349
0 0.25000000 0.39759036 0.05288462 0.08674699
1 0.33052885 0.47469880 0.02163462 0.02891566
1 0.33533654 0.47710843 0.02644231 0.02891566
0 0.33533654 0.51445783 0.05528846 0.10361446
1 0.78725962 0.52891566 0.02644231 0.03132530
1 0.78846154 0.53132530 0.02884615 0.03132530
0 0.81129808 0.58674699 0.07451923 0.14216867
1 0.58774038 0.38433735 0.01682692 0.01686747
1 0.59014423 0.38915663 0.02163462 0.02650602
0 0.59134615 0.42048193 0.03365385 0.08915663
1 0.49278846 0.39879518 0.01442308 0.01686747
1 0.49158654 0.39879518 0.01682692 0.02168675
0 0.47836538 0.42771084 0.04807692 0.07951807
1 0.38100962 0.38915663 0.01682692 0.01204819
3 0.38221154 0.39879518 0.01442308 0.01204819
1 0.38221154 0.39518072 0.01923077 0.02891566
0 0.37379808 0.40722892 0.04086538 0.04819277
1 0.29206731 0.37349398 0.01201923 0.01445783
0 0.28966346 0.40481928 0.02163462 0.07710843
1 0.13100962 0.38674699 0.00721154 0.00722892
0 0.12980769 0.41084337 0.02403846 0.05542169
1 0.43149038 0.38072289 0.01201923 0.00963855
0 0.43389423 0.40000000 0.02163462 0.04819277
