1 0.27884615 0.37019231 0.09134615 0.05769231
1 0.28125000 0.40504808 0.09615385 0.12740385
0 0.27283654 0.61658654 0.17067308 0.55048077
1 0.40865385 0.41586538 0.07211538 0.05769231
1 0.40865385 0.43028846 0.07211538 0.09134615
0 0.39783654 0.64062500 0.10817308 0.50721154
1 0.47115385 0.42307692 0.04326923 0.03846154
1 0.46875000 0.44110577 0.04807692 0.07451923
0 0.47355769 0.60937500 0.09134615 0.41105769
1 0.53365385 0.43870192 0.04807692 0.03605769
1 0.53485577 0.45192308 0.04567308 0.06250000
0 0.53605769 0.57572115 0.09134615 0.31009615
3 0.30889423 0.43149038 0.03605769 0.06490385
3 0.42548077 0.44471154 0.02884615 0.04807692
3 0.47115385 0.45913462 0.03365385 0.03365385
3 0.53966346 0.46634615 0.02163462 0.03365385
