1 0.02524038 0.64663462 0.04567308 0.04326923
1 0.14423077 0.66947115 0.13942308 0.12740385
1 0.15745192 0.59014423 0.06009615 0.03605769
1 0.51562500 0.63822115 0.05048077 0.04086538
1 0.11899038 0.98076923 0.09855769 0.03846154
1 0.02524038 0.65745192 0.04567308 0.06490385
1 0.14423077 0.67908654 0.13942308 0.14663462
1 0.51682692 0.64783654 0.05288462 0.06009615
1 0.13581731 0.96274038 0.13221154 0.07451923
0 0.14302885 0.74278846 0.28125000 0.27884615
0 0.03485577 0.70192308 0.06490385 0.15865385
0 0.51081731 0.75000000 0.11778846 0.26442308
