1 0.08052885 0.36177885 0.15625000 0.16105769
1 0.14543269 0.32572115 0.11298077 0.06490385
1 0.83173077 0.03004808 0.10576923 0.05528846
1 0.82451923 0.33293269 0.12500000 0.06971154
1 0.52283654 0.35336538 0.06490385 0.04807692
3 0.26682692 0.37620192 0.12500000 0.12740385
1 0.08052885 0.43269231 0.15625000 0.29807692
1 0.14543269 0.36298077 0.11298077 0.13461538
1 0.52283654 0.38100962 0.06490385 0.10336538
1 0.82451923 0.37500000 0.12019231 0.14903846
3 0.31250000 0.39182692 0.03846154 0.08653846
3 0.52644231 0.39543269 0.04807692 0.05528846
3 0.80528846 0.40384615 0.06250000 0.08653846
3 0.16706731 0.39062500 0.04086538 0.06490385
0 0.83293269 0.56250000 0.28605769 0.53365385
0 0.52403846 0.58533654 0.17788462 0.51201923
3 0.27163462 0.56370192 0.19230769 0.51201923
3 0.11538462 0.50120192 0.03365385 0.12740385
0 0.10096154 0.55168269 0.19711538 0.54086538
0 0.14783654 0.51802885 0.13221154 0.45913462
