1 0.11658654 0.52168675 0.04567308 0.03132530
1 0.11658654 0.53373494 0.05048077 0.06024096
1 0.23798077 0.66024096 0.03846154 0.04819277
1 0.60576923 0.55301205 0.04326923 0.03614458
1 0.75480769 0.36626506 0.05769231 0.03855422
0 0.74519231 0.55421687 0.13461538 0.40963855
0 0.55048077 0.69277108 0.16346154 0.31084337
0 0.21394231 0.73253012 0.12019231 0.19277108
0 0.09134615 0.65662651 0.10096154 0.30602410
1 0.23798077 0.66867470 0.03846154 0.06506024
1 0.75600962 0.38072289 0.05528846 0.06265060
3 0.21514423 0.91686747 0.12740385 0.16626506
