1 0.75240385 0.18915663 0.10096154 0.06987952
1 0.75961538 0.08433735 0.10576923 0.05783133
1 0.75480769 0.06024096 0.10576923 0.10120482
1 0.75480769 0.21204819 0.11538462 0.10602410
0 0.77644231 0.48072289 0.35096154 0.63855422
1 0.51682692 0.42771084 0.02884615 0.01686747
1 0.51682692 0.43373494 0.01923077 0.02891566
0 0.50841346 0.48674699 0.06009615 0.13975904
3 0.68509615 0.47349398 0.00961538 0.01204819
0 0.68509615 0.50843373 0.02403846 0.09638554
3 0.73677885 0.24216867 0.05528846 0.06506024
3 0.74278846 0.04216867 0.06730769 0.06987952
3 0.51802885 0.43975904 0.01201923 0.01686747
