3 0.35817308 0.31370192 0.13461538 0.17067308
3 0.35456731 0.33653846 0.09375000 0.12500000
1 0.43990385 0.78846154 0.20673077 0.08173077
3 0.40504808 0.53125000 0.49759615 0.59615385
1 0.63942308 0.35937500 0.10576923 0.13701923
3 0.59735577 0.40024038 0.04567308 0.03605769
1 0.62620192 0.35817308 0.12740385 0.13942308
0 0.58052885 0.51682692 0.27163462 0.45673077
3 0.73437500 0.31730769 0.08894231 0.11057692
3 0.74038462 0.33413462 0.05769231 0.07692308
3 0.78485577 0.47235577 0.26201923 0.41586538
1 0.83774038 0.65865385 0.13221154 0.09615385
1 0.92908654 0.25841346 0.05528846 0.03605769
3 0.93870192 0.28725962 0.03125000 0.03605769
1 0.93149038 0.27403846 0.06009615 0.06730769
0 0.91586538 0.38461538 0.16826923 0.28365385
3 0.36057692 0.05288462 0.12980769 0.10096154
3 0.73557692 0.03846154 0.09615385 0.07211538
1 0.93028846 0.08173077 0.06250000 0.04326923
3 0.93870192 0.05048077 0.03605769 0.03846154
1 0.93269231 0.06610577 0.06730769 0.07451923
