1 0.25360577 0.31204819 0.07451923 0.06024096
3 0.26201923 0.35180723 0.01923077 0.03373494
1 0.25360577 0.32530120 0.07451923 0.09156627
1 0.42427885 0.26987952 0.07451923 0.08192771
1 0.42307692 0.26987952 0.07692308 0.08192771
1 0.54807692 0.26144578 0.07692308 0.05542169
1 0.54807692 0.27710843 0.07692308 0.08674699
3 0.53725962 0.30602410 0.02163462 0.03373494
0 0.56490385 0.40963855 0.11057692 0.35662651
0 0.40745192 0.43253012 0.24759615 0.40722892
0 0.25000000 0.43975904 0.13461538 0.31566265
