0 0.21634615 0.64939759 0.16346154 0.35903614
0 0.47235577 0.71325301 0.13701923 0.24096386
0 0.60817308 0.70361446 0.13942308 0.26987952
1 0.61057692 0.58192771 0.05288462 0.02650602
1 0.45552885 0.60963855 0.04567308 0.03373494
1 0.25360577 0.56746988 0.06009615 0.05060241
1 0.25360577 0.57951807 0.06490385 0.06506024
1 0.45552885 0.62168675 0.05528846 0.06265060
1 0.61057692 0.59879518 0.05288462 0.06506024
3 0.61057692 0.60361446 0.03365385 0.03132530
3 0.45793269 0.62530120 0.02644231 0.02650602
3 0.24759615 0.57228916 0.03365385 0.03614458
