1 0.36746988 0.32932692 0.18072289 0.18269231
1 0.36746988 0.35096154 0.18072289 0.22115385
3 0.36746988 0.42668269 0.06987952 0.05528846
3 0.68433735 0.36298077 0.04819277 0.06730769
1 0.68915663 0.31850962 0.12530120 0.13221154
1 0.69397590 0.32091346 0.13975904 0.13701923
1 0.95542169 0.29086538 0.08915663 0.07692308
1 0.95421687 0.32211538 0.08674699 0.13461538
3 0.97108434 0.36418269 0.04819277 0.05048077
1 0.57951807 0.24639423 0.01686747 0.01682692
1 0.58313253 0.25000000 0.01927711 0.02403846
1 0.59518072 0.27524038 0.01927711 0.01682692
1 0.59518072 0.27644231 0.01927711 0.01923077
0 0.60602410 0.33894231 0.05542169 0.13942308
0 0.58433735 0.31250000 0.03614458 0.14903846
0 0.30843373 0.57211538 0.30361446 0.66346154
0 0.64096386 0.57812500 0.37590361 0.64663462
