1 0.39182692 0.22355769 0.08173077 0.06250000
1 0.54687500 0.28846154 0.08413462 0.05769231
1 0.71274038 0.32692308 0.08413462 0.05769231
1 0.97836538 0.32812500 0.04326923 0.06009615
1 0.39062500 0.24278846 0.06971154 0.08173077
1 0.54927885 0.31009615 0.09375000 0.10576923
1 0.71153846 0.35096154 0.08173077 0.10576923
1 0.97596154 0.35817308 0.04807692 0.11057692
0 0.38581731 0.43870192 0.14182692 0.48798077
0 0.53485577 0.51322115 0.19471154 0.51201923
3 0.71274038 0.37740385 0.05048077 0.05288462
3 0.98557692 0.37980769 0.02884615 0.05769231
0 0.71514423 0.55168269 0.17548077 0.50721154
0 0.95192308 0.55288462 0.09615385 0.50961538
