0 0.34014423 0.54819277 0.12740385 0.19518072
0 0.43750000 0.49156627 0.11538462 0.17349398
0 0.50000000 0.51686747 0.17307692 0.32048193
0 0.87139423 0.36024096 0.11298077 0.30120482
0 0.87740385 0.08192771 0.11057692 0.15903614
3 0.48437500 0.06506024 0.11298077 0.12530120
3 0.48918269 0.31325301 0.11298077 0.14457831
3 0.48677885 0.26746988 0.05048077 0.05301205
3 0.48798077 0.10361446 0.05288462 0.04337349
1 0.88100962 0.22530120 0.04086538 0.03132530
1 0.88221154 0.14337349 0.04326923 0.03132530
1 0.43509615 0.38192771 0.04326923 0.05060241
1 0.43990385 0.42409639 0.04326923 0.03373494
1 0.34014423 0.47228916 0.06490385 0.04337349
1 0.34134615 0.48795181 0.07211538 0.07469880
1 0.43870192 0.43253012 0.05048077 0.05542169
1 0.44471154 0.38313253 0.06250000 0.05301205
1 0.88221154 0.23734940 0.04326923 0.05542169
1 0.88221154 0.13253012 0.04326923 0.05783133
3 0.88221154 0.11807229 0.02884615 0.02409639
3 0.88100962 0.25060241 0.02163462 0.02409639
3 0.35096154 0.50000000 0.01923077 0.03132530
3 0.44110577 0.44457831 0.02163462 0.02168675
3 0.48197115 0.27590361 0.02644231 0.02650602
3 0.48437500 0.09518072 0.02644231 0.02650602
