1 0.20673077 0.31445783 0.25961538 0.17108434
1 0.35817308 0.33975904 0.12980769 0.09638554
1 0.60216346 0.28795181 0.13221154 0.08915663
1 0.60096154 0.33855422 0.13461538 0.19036145
1 0.20432692 0.37349398 0.25961538 0.28915663
1 0.36057692 0.38674699 0.13461538 0.18554217
3 0.39302885 0.43012048 0.04567308 0.08433735
3 0.59735577 0.37349398 0.07932692 0.10120482
1 0.60096154 0.05662651 0.13942308 0.08433735
1 0.19110577 0.05783133 0.22836538 0.11084337
0 0.64783654 0.53373494 0.32451923 0.57590361
0 0.21274038 0.53012048 0.42067308 0.59759036
0 0.38822115 0.55783133 0.20913462 0.53734940
