1 0.27764423 0.44096386 0.03125000 0.03373494
1 0.36538462 0.47108434 0.03846154 0.03132530
1 0.50480769 0.42771084 0.03846154 0.03614458
1 0.77403846 0.31807229 0.01923077 0.02409639
1 0.81250000 0.31807229 0.02403846 0.01445783
1 0.86057692 0.28674699 0.01442308 0.02409639
1 0.27644231 0.44457831 0.03846154 0.04096386
1 0.36418269 0.47831325 0.04086538 0.04578313
1 0.50360577 0.43132530 0.04086538 0.04337349
1 0.77283654 0.32048193 0.02163462 0.02409639
1 0.81250000 0.32168675 0.03365385 0.02650602
3 0.08293269 0.59156627 0.05048077 0.03614458
3 0.12740385 0.66144578 0.05288462 0.04578313
3 0.12740385 0.62048193 0.05288462 0.04578313
3 0.17548077 0.49638554 0.02884615 0.03373494
3 0.26442308 0.50963855 0.03365385 0.04096386
3 0.33173077 0.53012048 0.03846154 0.03855422
3 0.43750000 0.50843373 0.03365385 0.02891566
3 0.55528846 0.44578313 0.03365385 0.03855422
1 0.59735577 0.34939759 0.02644231 0.02409639
1 0.59855769 0.35421687 0.02884615 0.03373494
3 0.63461538 0.32530120 0.01923077 0.02409639
3 0.69110577 0.31807229 0.02163462 0.02409639
3 0.79567308 0.28313253 0.02403846 0.02168675
3 0.85817308 0.23493976 0.02403846 0.02168675
3 0.82932692 0.23734940 0.01923077 0.02168675
1 0.74038462 0.33734940 0.01923077 0.01445783
3 0.14783654 0.74216867 0.15144231 0.20722892
3 0.13341346 0.64819277 0.16105769 0.09638554
3 0.07091346 0.68072289 0.09855769 0.21445783
3 0.17788462 0.54939759 0.07211538 0.13975904
3 0.24639423 0.55903614 0.07932692 0.13493976
3 0.32451923 0.63614458 0.10096154 0.24096386
0 0.25841346 0.46506024 0.07451923 0.08674699
0 0.34134615 0.50481928 0.08173077 0.09879518
3 0.43629808 0.57710843 0.13701923 0.17108434
0 0.47956731 0.50120482 0.08413462 0.17831325
3 0.52884615 0.52530120 0.15865385 0.19277108
0 0.59014423 0.40481928 0.06490385 0.13012048
3 0.62980769 0.37951807 0.04807692 0.13253012
3 0.69110577 0.38072289 0.07451923 0.14457831
0 0.72596154 0.38674699 0.05288462 0.11807229
3 0.85817308 0.24337349 0.03846154 0.05301205
3 0.81370192 0.25180723 0.03605769 0.05060241
3 0.84014423 0.34216867 0.02163462 0.02409639
3 0.81490385 0.39759036 0.07211538 0.13493976
