1 0.76802885 0.34578313 0.08413462 0.07951807
1 0.77043269 0.35903614 0.08413462 0.10602410
1 0.48197115 0.48072289 0.08413462 0.07951807
1 0.48798077 0.49036145 0.09615385 0.09397590
1 0.18509615 0.24337349 0.03365385 0.02409639
1 0.18509615 0.25060241 0.03365385 0.03855422
1 0.49158654 0.24337349 0.02644231 0.01445783
1 0.49278846 0.25301205 0.02884615 0.03373494
1 0.59134615 0.24578313 0.02884615 0.01927711
1 0.59254808 0.25301205 0.02644231 0.02891566
1 0.18389423 0.09036145 0.03605769 0.02168675
1 0.18269231 0.08192771 0.03846154 0.03855422
1 0.49158654 0.09036145 0.02644231 0.01686747
1 0.49158654 0.08313253 0.02644231 0.03614458
1 0.58894231 0.08915663 0.02884615 0.01927711
1 0.58774038 0.08072289 0.03125000 0.03614458
0 0.48557692 0.61325301 0.25480769 0.34457831
0 0.79927885 0.55060241 0.20432692 0.48915663
3 0.96514423 0.55542169 0.06971154 0.12289157
0 0.48557692 0.06626506 0.04326923 0.07469880
0 0.48798077 0.26746988 0.04326923 0.07710843
0 0.15504808 0.27710843 0.08894231 0.09156627
0 0.15384615 0.05542169 0.09615385 0.08674699
3 0.51923077 0.50843373 0.02884615 0.04819277
3 0.75600962 0.39638554 0.03605769 0.03132530
