0 0.26923077 0.53245192 0.25480769 0.54567308
0 0.55649038 0.49399038 0.23317308 0.69951923
0 0.69110577 0.75120192 0.32451923 0.49759615
0 0.92548077 0.75120192 0.14423077 0.49759615
1 0.76442308 0.56009615 0.12500000 0.11057692
1 0.94350962 0.56009615 0.11298077 0.11057692
1 0.76201923 0.56850962 0.12500000 0.12259615
1 0.94350962 0.56730769 0.11298077 0.12019231
1 0.49158654 0.19110577 0.10336538 0.08894231
1 0.49519231 0.21033654 0.11057692 0.12259615
1 0.21153846 0.29807692 0.10576923 0.07211538
1 0.21153846 0.31250000 0.10576923 0.09615385
1 0.06850962 0.30889423 0.11298077 0.08413462
1 0.06610577 0.30168269 0.10817308 0.07451923
0 0.07211538 0.53725962 0.13461538 0.54086538
3 0.71875000 0.57932692 0.03846154 0.05769231
3 0.47115385 0.25120192 0.03365385 0.04086538
3 0.23798077 0.33533654 0.03365385 0.05048077
3 0.04086538 0.33173077 0.02884615 0.04326923
