1 0.22355769 0.56144578 0.03365385 0.03373494
1 0.27884615 0.55783133 0.03365385 0.02650602
1 0.31971154 0.55783133 0.02884615 0.03132530
1 0.37500000 0.56024096 0.02884615 0.02168675
1 0.41346154 0.55301205 0.02403846 0.02168675
1 0.43990385 0.57108434 0.02884615 0.02891566
1 0.56129808 0.56144578 0.03605769 0.02409639
1 0.56971154 0.52048193 0.03365385 0.02409639
1 0.58653846 0.53373494 0.02403846 0.02168675
1 0.71634615 0.54939759 0.02403846 0.02409639
1 0.75480769 0.53012048 0.01923077 0.01927711
1 0.80769231 0.56506024 0.03365385 0.04096386
1 0.81250000 0.93012048 0.03846154 0.04337349
1 0.75600962 0.96024096 0.01682692 0.02168675
1 0.71754808 0.94939759 0.01682692 0.02409639
1 0.58653846 0.96024096 0.02884615 0.02168675
1 0.56009615 0.93373494 0.04326923 0.02650602
1 0.57091346 0.98072289 0.03605769 0.01927711
1 0.43870192 0.92650602 0.04086538 0.03132530
1 0.41466346 0.94457831 0.03605769 0.02409639
1 0.37740385 0.93855422 0.03846154 0.02650602
1 0.32091346 0.93855422 0.03605769 0.02650602
1 0.28004808 0.94096386 0.03605769 0.02650602
1 0.22235577 0.93493976 0.03605769 0.01927711
1 0.22115385 0.56506024 0.03846154 0.04578313
1 0.27764423 0.56506024 0.04086538 0.04096386
1 0.32091346 0.56385542 0.03125000 0.04337349
1 0.37259615 0.56144578 0.03365385 0.02891566
1 0.41346154 0.56144578 0.02884615 0.03855422
1 0.43990385 0.57469880 0.02884615 0.03614458
1 0.56129808 0.57108434 0.03605769 0.03855422
1 0.56850962 0.52168675 0.02644231 0.03132530
1 0.59014423 0.53734940 0.03125000 0.02891566
1 0.71514423 0.55301205 0.02644231 0.03132530
1 0.75480769 0.53493976 0.02403846 0.02409639
1 0.81370192 0.56746988 0.04567308 0.05060241
1 0.81730769 0.92650602 0.04807692 0.04578313
1 0.75841346 0.95542169 0.02644231 0.03132530
1 0.71394231 0.94939759 0.02884615 0.02891566
1 0.56370192 0.92650602 0.04567308 0.04578313
1 0.59014423 0.95783133 0.03125000 0.03614458
1 0.57211538 0.97349398 0.03846154 0.03855422
1 0.44350962 0.92168675 0.04567308 0.04096386
1 0.41706731 0.93734940 0.03125000 0.03855422
1 0.37740385 0.93614458 0.03846154 0.03614458
1 0.32091346 0.93373494 0.04086538 0.04096386
1 0.28125000 0.93614458 0.03846154 0.04096386
1 0.22355769 0.92891566 0.03846154 0.03614458
0 0.22235577 0.58192771 0.05528846 0.07951807
0 0.27764423 0.58795181 0.05048077 0.09638554
0 0.32932692 0.58072289 0.05288462 0.08192771
0 0.37139423 0.57951807 0.04567308 0.06506024
0 0.38822115 0.58313253 0.07451923 0.09156627
0 0.43750000 0.58915663 0.06730769 0.06506024
0 0.57692308 0.60722892 0.09134615 0.12048193
0 0.56250000 0.55060241 0.04326923 0.09879518
0 0.68750000 0.56987952 0.08653846 0.06024096
0 0.75480769 0.54939759 0.02884615 0.06265060
0 0.84254808 0.60000000 0.10817308 0.12048193
0 0.83774038 0.89277108 0.11298077 0.11807229
0 0.75721154 0.93734940 0.03365385 0.06746988
0 0.69471154 0.93493976 0.08173077 0.06746988
0 0.58173077 0.88674699 0.10096154 0.12048193
0 0.56129808 0.94578313 0.05528846 0.09397590
0 0.44110577 0.90963855 0.06490385 0.06506024
0 0.40144231 0.91686747 0.06730769 0.07951807
0 0.37259615 0.91686747 0.05769231 0.07951807
0 0.33533654 0.91807229 0.06490385 0.09638554
0 0.28485577 0.91445783 0.05048077 0.08433735
0 0.22836538 0.91084337 0.05769231 0.06746988
