1 0.18389423 0.25542169 0.12740385 0.08674699
1 0.39302885 0.24337349 0.08894231 0.05301205
1 0.52524038 0.32891566 0.06971154 0.05060241
1 0.59975962 0.33253012 0.07451923 0.04819277
1 0.68028846 0.30843373 0.10096154 0.08192771
3 0.71634615 0.54337349 0.24038462 0.28674699
3 0.77163462 0.34939759 0.13942308 0.15903614
1 0.39302885 0.08554217 0.10336538 0.06024096
1 0.18028846 0.07951807 0.12019231 0.07228916
3 0.18509615 0.26385542 0.12980769 0.09879518
3 0.52644231 0.35783133 0.07211538 0.10843373
3 0.60456731 0.36385542 0.08413462 0.11084337
3 0.68028846 0.33734940 0.10096154 0.13975904
3 0.39663462 0.35180723 0.16346154 0.20722892
3 0.44110577 0.36867470 0.07451923 0.11084337
3 0.52884615 0.38313253 0.05288462 0.04819277
3 0.60697115 0.38192771 0.06009615 0.06987952
3 0.68269231 0.36987952 0.05769231 0.06506024
3 0.75600962 0.36746988 0.09855769 0.10361446
3 0.37620192 0.50240964 0.57451923 0.49879518
3 0.79807692 0.62891566 0.40384615 0.45783133
3 0.85096154 0.49156627 0.29807692 0.44337349
0 0.54086538 0.58072289 0.10576923 0.55903614
0 0.14182692 0.48554217 0.21634615 0.54216867
1 0.18028846 0.06987952 0.12019231 0.08674699
