0 0.34975962 0.53855422 0.15144231 0.24819277
0 0.79807692 0.41686747 0.07692308 0.23614458
1 0.80769231 0.02891566 0.03846154 0.02891566
0 0.43990385 0.43132530 0.02884615 0.07228916
1 0.44711538 0.40240964 0.01442308 0.01445783
3 0.56250000 0.43975904 0.02403846 0.06506024
1 0.37019231 0.44578313 0.07692308 0.06265060
1 0.37139423 0.45662651 0.07451923 0.08915663
1 0.80889423 0.31325301 0.04086538 0.03373494
1 0.80889423 0.32289157 0.04086538 0.05301205
3 0.79927885 0.33614458 0.02163462 0.02168675
