1 0.97836538 0.23253012 0.04326923 0.07469880
1 0.97836538 0.26265060 0.04326923 0.13493976
1 0.97235577 0.10602410 0.05528846 0.07710843
1 0.97115385 0.07590361 0.05769231 0.14698795
1 0.42067308 0.30481928 0.11057692 0.08433735
1 0.42067308 0.32289157 0.11057692 0.11566265
1 0.34735577 0.25783133 0.06490385 0.06746988
1 0.33774038 0.26867470 0.08413462 0.08433735
1 0.22836538 0.31686747 0.11538462 0.06987952
1 0.22716346 0.34216867 0.11778846 0.12048193
1 0.13100962 0.23614458 0.05528846 0.02891566
1 0.13100962 0.25421687 0.05528846 0.06987952
1 0.13221154 0.10120482 0.06250000 0.02891566
1 0.12980769 0.08192771 0.06730769 0.07228916
1 0.35336538 0.08192771 0.07692308 0.06746988
1 0.34495192 0.06987952 0.09375000 0.09156627
3 0.25841346 0.36385542 0.04086538 0.07228916
3 0.13221154 0.26626506 0.02884615 0.04096386
3 0.13221154 0.06867470 0.03365385 0.04096386
0 0.24639423 0.58313253 0.30048077 0.60240964
0 0.48317308 0.55180723 0.25480769 0.57831325
0 0.92307692 0.51204819 0.15384615 0.63373494
0 0.33173077 0.44698795 0.14903846 0.44578313
0 0.13461538 0.35662651 0.11538462 0.27469880
0 0.29206731 0.06024096 0.19951923 0.11566265
0 0.13221154 0.05903614 0.11057692 0.11325301
3 0.33894231 0.04578313 0.04807692 0.03855422
3 0.33894231 0.29518072 0.04807692 0.03132530
3 0.41826923 0.36144578 0.04807692 0.03373494
3 0.98677885 0.30000000 0.02644231 0.06024096
3 0.98677885 0.03373494 0.02644231 0.06265060
