1 0.89182692 0.49638554 0.10576923 0.06746988
1 0.89423077 0.52409639 0.11057692 0.12771084
1 0.39663462 0.76144578 0.01442308 0.00963855
1 0.36658654 0.74939759 0.01201923 0.00963855
1 0.33894231 0.76867470 0.01442308 0.01445783
1 0.32091346 0.77228916 0.01682692 0.01204819
1 0.06730769 0.77228916 0.00961538 0.00722892
1 0.05168269 0.77349398 0.01201923 0.00963855
1 0.39663462 0.91807229 0.01442308 0.01445783
1 0.36778846 0.93132530 0.01442308 0.01686747
1 0.33774038 0.91325301 0.01682692 0.01927711
1 0.31971154 0.90722892 0.01923077 0.01686747
1 0.06850962 0.90843373 0.01682692 0.01445783
1 0.05288462 0.90722892 0.01923077 0.01686747
0 0.87019231 0.65301205 0.25480769 0.38554217
0 0.40384615 0.79518072 0.03365385 0.07710843
0 0.37019231 0.78554217 0.02403846 0.08192771
0 0.33413462 0.80722892 0.04326923 0.09156627
0 0.32451923 0.80240964 0.02403846 0.07710843
0 0.40384615 0.88554217 0.02884615 0.08433735
0 0.37019231 0.89879518 0.01923077 0.08192771
0 0.33533654 0.88915663 0.03605769 0.06746988
0 0.32091346 0.88554217 0.02644231 0.06024096
0 0.07211538 0.79759036 0.01923077 0.05783133
0 0.04927885 0.80000000 0.02163462 0.06265060
0 0.06610577 0.88674699 0.02163462 0.05783133
0 0.04567308 0.88915663 0.02403846 0.05783133
