1 0.02283654 0.42530120 0.03605769 0.02650602
1 0.02403846 0.43373494 0.03846154 0.04337349
0 0.02403846 0.54337349 0.04326923 0.26265060
1 0.05649038 0.41566265 0.03605769 0.02168675
1 0.05649038 0.43253012 0.03605769 0.05060241
0 0.07331731 0.55180723 0.11298077 0.28915663
1 0.09134615 0.41807229 0.03846154 0.02168675
1 0.09254808 0.43132530 0.04086538 0.04337349
0 0.10576923 0.52650602 0.06730769 0.23855422
1 0.17187500 0.41686747 0.02644231 0.01445783
1 0.17187500 0.42891566 0.02644231 0.03855422
0 0.16225962 0.51807229 0.05528846 0.21204819
1 0.19831731 0.43614458 0.03605769 0.03373494
1 0.19951923 0.44337349 0.03846154 0.04337349
0 0.20192308 0.53734940 0.06730769 0.23614458
1 0.27283654 0.43373494 0.03605769 0.01927711
1 0.27403846 0.44337349 0.03846154 0.03855422
0 0.28605769 0.49759036 0.08173077 0.14698795
1 0.37139423 0.40000000 0.05048077 0.03373494
1 0.37379808 0.41566265 0.05528846 0.06024096
0 0.36538462 0.53493976 0.06730769 0.29879518
1 0.43269231 0.41686747 0.04326923 0.02891566
1 0.43269231 0.43012048 0.04326923 0.05060241
0 0.42908654 0.54457831 0.08413462 0.28433735
1 0.51081731 0.42530120 0.04086538 0.03132530
1 0.51322115 0.43493976 0.04567308 0.05060241
0 0.52283654 0.55301205 0.07932692 0.28192771
1 0.54687500 0.43132530 0.01682692 0.01445783
1 0.54927885 0.43734940 0.02163462 0.02650602
0 0.54687500 0.50000000 0.02163462 0.15662651
1 0.58052885 0.41807229 0.03125000 0.02168675
1 0.58293269 0.42891566 0.03605769 0.04337349
0 0.57932692 0.53253012 0.07211538 0.25060241
1 0.66706731 0.38915663 0.03605769 0.02650602
1 0.66706731 0.40361446 0.04086538 0.05542169
0 0.65024038 0.53132530 0.10817308 0.31084337
1 0.70312500 0.39156627 0.03125000 0.03614458
1 0.70192308 0.40481928 0.03365385 0.05783133
0 0.69951923 0.52168675 0.04326923 0.30120482
1 0.74038462 0.40602410 0.03365385 0.03132530
1 0.74038462 0.41807229 0.03846154 0.05542169
0 0.73437500 0.54578313 0.12740385 0.30602410
1 0.78004808 0.39879518 0.04086538 0.02650602
1 0.77884615 0.41084337 0.04326923 0.05060241
0 0.78966346 0.53373494 0.06009615 0.29638554
1 0.30408654 0.49518072 0.01201923 0.00722892
1 0.30288462 0.50000000 0.01442308 0.01686747
3 0.05288462 0.44216867 0.02403846 0.03132530
3 0.10336538 0.43975904 0.00961538 0.02168675
3 0.21033654 0.44939759 0.01682692 0.02168675
3 0.26682692 0.44819277 0.01923077 0.02409639
3 0.39062500 0.43012048 0.01682692 0.02650602
3 0.44230769 0.44216867 0.01923077 0.02168675
3 0.52403846 0.44457831 0.01923077 0.02168675
3 0.57692308 0.43855422 0.01923077 0.02409639
3 0.65865385 0.41325301 0.01923077 0.02650602
3 0.70072115 0.41927711 0.02163462 0.02409639
3 0.76923077 0.42168675 0.01923077 0.02891566
