1 0.36057692 0.41566265 0.12019231 0.13253012
1 0.60456731 0.47349398 0.06971154 0.06506024
1 0.70192308 0.44698795 0.03365385 0.01686747
1 0.77163462 0.37228916 0.02884615 0.01686747
1 0.34855769 0.42891566 0.14423077 0.15903614
1 0.60697115 0.48554217 0.07932692 0.08915663
1 0.77043269 0.37951807 0.03125000 0.03132530
3 0.33894231 0.47469880 0.07692308 0.06265060
0 0.22355769 0.59156627 0.44230769 0.47951807
3 0.60216346 0.51686747 0.03125000 0.02650602
0 0.67788462 0.59879518 0.27884615 0.31566265
0 0.72596154 0.48313253 0.08173077 0.08915663
3 0.77043269 0.38433735 0.01201923 0.01686747
3 0.70552885 0.46024096 0.01682692 0.01445783
0 0.77163462 0.43975904 0.04326923 0.15180723
