1 0.76081731 0.25542169 0.11298077 0.09156627
1 0.75961538 0.09277108 0.11538462 0.07469880
1 0.47235577 0.60120482 0.05048077 0.04096386
1 0.33774038 0.57469880 0.04567308 0.04578313
1 0.21754808 0.58072289 0.06490385 0.06746988
1 0.21514423 0.58554217 0.07451923 0.08674699
1 0.34254808 0.59156627 0.06009615 0.07469880
1 0.47115385 0.62650602 0.04807692 0.08674699
1 0.75961538 0.28795181 0.11057692 0.15662651
1 0.76081731 0.06506024 0.11778846 0.12530120
0 0.78245192 0.51566265 0.34855769 0.60722892
0 0.49639423 0.70722892 0.16105769 0.24819277
0 0.34855769 0.69156627 0.15384615 0.27951807
0 0.17668269 0.68674699 0.19471154 0.27469880
3 0.75721154 0.32168675 0.07211538 0.06506024
3 0.47475962 0.64337349 0.04086538 0.03855422
3 0.34254808 0.61445783 0.03125000 0.02891566
3 0.20072115 0.60602410 0.02644231 0.03614458
3 0.75961538 0.03012048 0.07211538 0.05542169
