0 0.37019231 0.58894231 0.50480769 0.48076923
0 0.73557692 0.57211538 0.29326923 0.51923077
0 0.82812500 0.39302885 0.21394231 0.36298077
1 0.82572115 0.25480769 0.11298077 0.08173077
1 0.82572115 0.08293269 0.11298077 0.08413462
1 0.82451923 0.06370192 0.11538462 0.12259615
3 0.81850962 0.02644231 0.06971154 0.04807692
1 0.66225962 0.35697115 0.13701923 0.08413462
1 0.82812500 0.28485577 0.11298077 0.14663462
1 0.66105769 0.38341346 0.13942308 0.13701923
1 0.52163462 0.42067308 0.15865385 0.14423077
1 0.51682692 0.45552885 0.16826923 0.21875000
3 0.49399038 0.49158654 0.08894231 0.11298077
3 0.64663462 0.40625000 0.04807692 0.07692308
3 0.81730769 0.32091346 0.05288462 0.06971154
