3 0.82692308 0.43629808 0.17788462 0.20432692
3 0.86778846 0.60096154 0.26442308 0.53365385
1 0.62139423 0.40625000 0.23798077 0.17307692
1 0.61778846 0.44711538 0.24519231 0.25480769
1 0.53004808 0.34134615 0.18028846 0.11538462
1 0.52884615 0.39062500 0.18269231 0.20913462
0 0.47235577 0.59735577 0.54086538 0.55048077
0 0.43990385 0.42307692 0.36538462 0.40865385
3 0.77764423 0.45312500 0.08894231 0.17067308
3 0.54326923 0.47475962 0.10096154 0.16586538
3 0.48798077 0.42668269 0.07692308 0.13221154
