1 0.52524038 0.49277108 0.03125000 0.01686747
1 0.63822115 0.50722892 0.03125000 0.02650602
1 0.65264423 0.47951807 0.03125000 0.01927711
1 0.78605769 0.49156627 0.03846154 0.02409639
1 0.52283654 0.49879518 0.03605769 0.02891566
1 0.64062500 0.51445783 0.03605769 0.04096386
1 0.78605769 0.50120482 0.04326923 0.04337349
0 0.53846154 0.52650602 0.09134615 0.08433735
0 0.64423077 0.54457831 0.09615385 0.10120482
0 0.77043269 0.53734940 0.14182692 0.11084337
0 0.63822115 0.50602410 0.09375000 0.08192771
