3 0.91225962 0.44471154 0.02163462 0.03365385
3 0.50240385 0.41346154 0.03365385 0.04807692
3 0.17307692 0.54206731 0.01442308 0.01201923
1 0.31971154 0.47716346 0.03846154 0.03125000
1 0.17187500 0.53004808 0.02163462 0.01201923
1 0.50841346 0.37019231 0.07932692 0.05288462
1 0.91947115 0.40504808 0.05528846 0.04567308
1 0.51081731 0.39423077 0.07932692 0.09615385
1 0.32211538 0.48798077 0.03846154 0.04807692
1 0.17427885 0.53966346 0.02163462 0.03125000
1 0.92187500 0.42908654 0.05528846 0.08894231
0 0.16947115 0.57572115 0.04086538 0.09375000
0 0.32692308 0.52884615 0.06250000 0.12980769
0 0.56009615 0.57091346 0.21634615 0.44951923
0 0.94230769 0.56850962 0.11538462 0.37259615
