1 0.78966346 0.09254808 0.16586538 0.15144231
3 0.77283654 0.03125000 0.07932692 0.05769231
1 0.79086538 0.08774038 0.16826923 0.17067308
1 0.16346154 0.05048077 0.05769231 0.03846154
3 0.16826923 0.02163462 0.03365385 0.03846154
1 0.16466346 0.03725962 0.06009615 0.06971154
1 0.16105769 0.31730769 0.05769231 0.04326923
3 0.16706731 0.34615385 0.02163462 0.02884615
1 0.16225962 0.32932692 0.06009615 0.06730769
1 0.12740385 0.47836538 0.08653846 0.07692308
3 0.12740385 0.52403846 0.02403846 0.01923077
1 0.12860577 0.48677885 0.08894231 0.09855769
1 0.29206731 0.44350962 0.02644231 0.02163462
3 0.29086538 0.45673077 0.01442308 0.01442308
1 0.29326923 0.44711538 0.02884615 0.03365385
1 0.51562500 0.46634615 0.01682692 0.02403846
0 0.51802885 0.50480769 0.04567308 0.10096154
1 0.51442308 0.46514423 0.01442308 0.01201923
0 0.28966346 0.51682692 0.07451923 0.17788462
3 0.51442308 0.47475962 0.00961538 0.00721154
0 0.10937500 0.56370192 0.21394231 0.25240385
0 0.15745192 0.42908654 0.18028846 0.26682692
1 0.78485577 0.27524038 0.16586538 0.14182692
3 0.76802885 0.37019231 0.04567308 0.07692308
1 0.78605769 0.30769231 0.16826923 0.20192308
0 0.79807692 0.50240385 0.40384615 0.60096154
