1 0.30168269 0.23012048 0.01682692 0.01204819
1 0.30168269 0.23373494 0.01682692 0.01927711
0 0.29807692 0.26746988 0.06730769 0.08674699
1 0.30288462 0.15060241 0.01923077 0.01204819
1 0.30288462 0.14457831 0.01923077 0.02409639
0 0.29807692 0.11325301 0.06730769 0.08674699
1 0.17307692 0.55662651 0.01442308 0.00963855
1 0.17307692 0.56385542 0.01442308 0.02409639
0 0.16225962 0.60481928 0.06009615 0.10602410
1 0.45312500 0.60722892 0.01682692 0.01927711
1 0.45192308 0.61204819 0.01923077 0.02891566
0 0.44230769 0.65060241 0.04807692 0.10602410
1 0.26562500 0.57228916 0.02163462 0.01204819
1 0.26562500 0.57831325 0.02163462 0.02409639
0 0.28245192 0.62891566 0.07451923 0.12530120
