1 0.81490385 0.28072289 0.07692308 0.05542169
3 0.81370192 0.32771084 0.03125000 0.03855422
1 0.81730769 0.30361446 0.07692308 0.09638554
1 0.81370192 0.10843373 0.06971154 0.05301205
3 0.81129808 0.06626506 0.04567308 0.04096386
1 0.81370192 0.09036145 0.06971154 0.08915663
0 0.73076923 0.44578313 0.25961538 0.38554217
1 0.51802885 0.47710843 0.07451923 0.05301205
3 0.52163462 0.51566265 0.04326923 0.04337349
1 0.51682692 0.49277108 0.07692308 0.08433735
1 0.41346154 0.55542169 0.08653846 0.05542169
3 0.39903846 0.58433735 0.03365385 0.03132530
1 0.41346154 0.56626506 0.08653846 0.07710843
0 0.55889423 0.62891566 0.20432692 0.35662651
0 0.36658654 0.66746988 0.17548077 0.27951807
