1 0.96394231 0.44110577 0.07211538 0.04567308
1 0.50961538 0.41466346 0.08173077 0.07451923
1 0.42067308 0.42788462 0.07692308 0.07211538
1 0.34975962 0.43269231 0.06490385 0.04807692
1 0.16346154 0.41947115 0.09134615 0.06971154
1 0.24038462 0.42668269 0.07211538 0.04567308
1 0.96514423 0.45913462 0.06971154 0.08173077
1 0.50961538 0.43269231 0.08173077 0.11057692
1 0.42067308 0.44951923 0.07692308 0.11538462
1 0.16225962 0.44350962 0.09375000 0.12259615
1 0.23918269 0.45552885 0.06971154 0.10817308
1 0.34975962 0.44711538 0.06490385 0.07692308
3 0.25961538 0.48076923 0.02884615 0.05769231
3 0.43509615 0.48437500 0.02403846 0.04567308
3 0.50961538 0.46754808 0.04326923 0.04086538
0 0.11658654 0.63341346 0.17548077 0.50240385
0 0.20793269 0.64182692 0.13221154 0.48076923
0 0.37139423 0.63942308 0.18028846 0.50000000
3 0.94831731 0.47956731 0.03125000 0.03605769
0 0.95312500 0.51081731 0.09375000 0.18509615
