1 0.03245192 0.33533654 0.06009615 0.07451923
1 0.33173077 0.33533654 0.06250000 0.07451923
1 0.35817308 0.11538462 0.04807692 0.05288462
1 0.01923077 0.11298077 0.03365385 0.05288462
1 0.51081731 0.03245192 0.05528846 0.03605769
1 0.66586538 0.08774038 0.04326923 0.02644231
1 0.97836538 0.08653846 0.03846154 0.01923077
1 0.68990385 0.60937500 0.06250000 0.05048077
1 0.95192308 0.60937500 0.06250000 0.06009615
1 0.68870192 0.62019231 0.06490385 0.07211538
1 0.95312500 0.61778846 0.06490385 0.08173077
1 0.95913462 0.11658654 0.08173077 0.07451923
1 0.66225962 0.11658654 0.10817308 0.08413462
1 0.50240385 0.05408654 0.10096154 0.06971154
1 0.35697115 0.12500000 0.05048077 0.07211538
1 0.32932692 0.34134615 0.06250000 0.08653846
1 0.03245192 0.34014423 0.06009615 0.07932692
1 0.01802885 0.12259615 0.03125000 0.06730769
0 0.92788462 0.74399038 0.14423077 0.32451923
0 0.66826923 0.78245192 0.23557692 0.39663462
0 0.95312500 0.21995192 0.09375000 0.27644231
0 0.64543269 0.32932692 0.17067308 0.50480769
0 0.48197115 0.23798077 0.19951923 0.44230769
0 0.32091346 0.49519231 0.17548077 0.38942308
0 0.35336538 0.20673077 0.12980769 0.23076923
0 0.06490385 0.49879808 0.12500000 0.39663462
0 0.03846154 0.19471154 0.07211538 0.21634615
