1 0.10336538 0.34819277 0.12500000 0.07951807
1 0.20072115 0.35421687 0.06971154 0.04337349
1 0.42307692 0.32168675 0.07211538 0.04578313
1 0.53725962 0.35301205 0.05048077 0.03614458
1 0.58293269 0.37108434 0.04086538 0.02891566
1 0.62379808 0.38313253 0.02644231 0.01445783
1 0.66105769 0.36746988 0.05288462 0.03614458
1 0.70192308 0.38554217 0.02403846 0.02409639
1 0.73918269 0.36144578 0.07451923 0.04819277
1 0.80769231 0.35903614 0.05288462 0.03855422
1 0.88100962 0.36144578 0.09855769 0.08192771
1 0.97115385 0.33493976 0.05769231 0.05301205
1 0.42187500 0.01927711 0.06490385 0.03373494
1 0.10576923 0.36746988 0.12500000 0.11807229
1 0.20312500 0.37108434 0.06971154 0.07710843
1 0.42548077 0.34096386 0.07211538 0.08915663
1 0.53846154 0.36987952 0.05288462 0.07469880
1 0.58413462 0.38313253 0.03846154 0.05301205
1 0.62740385 0.39518072 0.02403846 0.03373494
1 0.66346154 0.38433735 0.05288462 0.06506024
1 0.74158654 0.38072289 0.07451923 0.08192771
1 0.80769231 0.37349398 0.05769231 0.06265060
1 0.87139423 0.37349398 0.12259615 0.10120482
1 0.97235577 0.35542169 0.05528846 0.09879518
0 0.09615385 0.57228916 0.16826923 0.53253012
0 0.21634615 0.55783133 0.14903846 0.45060241
0 0.41586538 0.55783133 0.12980769 0.52289157
0 0.53485577 0.52771084 0.11298077 0.38554217
0 0.59495192 0.50843373 0.06971154 0.30361446
0 0.66466346 0.53012048 0.07932692 0.35662651
0 0.71875000 0.58433735 0.16826923 0.48915663
0 0.83533654 0.57710843 0.19471154 0.51325301
0 0.93269231 0.57228916 0.13461538 0.52771084
3 0.21394231 0.39036145 0.03365385 0.03855422
3 0.43750000 0.36265060 0.03365385 0.04578313
3 0.53846154 0.38795181 0.02884615 0.04337349
3 0.57812500 0.39518072 0.02163462 0.02409639
3 0.62500000 0.40120482 0.01442308 0.02168675
3 0.66105769 0.40120482 0.03846154 0.03132530
3 0.73317308 0.39879518 0.04326923 0.04578313
3 0.70312500 0.40361446 0.01201923 0.02650602
3 0.82211538 0.39156627 0.03365385 0.06024096
