1 0.28605769 0.34975962 0.00961538 0.01201923
1 0.28605769 0.34975962 0.01442308 0.01682692
1 0.12980769 0.40745192 0.05769231 0.03125000
3 0.13701923 0.42908654 0.01923077 0.01682692
1 0.12980769 0.41586538 0.05769231 0.04807692
1 0.35817308 0.42307692 0.09615385 0.09615385
3 0.34735577 0.46875000 0.03125000 0.03365385
1 0.35576923 0.43028846 0.10096154 0.11538462
1 0.46153846 0.39543269 0.07692308 0.07451923
3 0.46514423 0.43149038 0.02644231 0.03605769
1 0.46153846 0.40384615 0.07692308 0.09134615
1 0.73557692 0.41346154 0.02884615 0.02403846
1 0.73557692 0.41947115 0.02884615 0.03605769
1 0.76201923 0.43269231 0.01923077 0.01442308
3 0.76322115 0.44350962 0.00721154 0.00721154
1 0.76081731 0.43629808 0.02163462 0.02163462
1 0.86057692 0.42548077 0.04807692 0.02884615
1 0.86177885 0.43028846 0.05048077 0.03846154
1 0.92067308 0.43028846 0.02403846 0.01923077
1 0.92187500 0.43269231 0.02163462 0.01923077
0 0.93149038 0.44951923 0.05528846 0.05769231
0 0.87019231 0.46153846 0.10096154 0.10096154
0 0.76322115 0.45552885 0.04086538 0.06009615
0 0.73076923 0.45552885 0.09615385 0.10817308
0 0.53485577 0.52884615 0.27163462 0.34615385
0 0.28725962 0.38461538 0.03125000 0.09134615
0 0.27764423 0.52764423 0.26201923 0.30528846
0 0.08052885 0.46995192 0.15625000 0.16105769
