1 0.76923077 0.07932692 0.18269231 0.11057692
1 0.77163462 0.23197115 0.18269231 0.11298077
1 0.77043269 0.06971154 0.18509615 0.13461538
1 0.77403846 0.27283654 0.18269231 0.18990385
1 0.58894231 0.33653846 0.10096154 0.08173077
1 0.58894231 0.34615385 0.10576923 0.10096154
3 0.58293269 0.38701923 0.02644231 0.03846154
3 0.53605769 0.43750000 0.02403846 0.02403846
1 0.53725962 0.39783654 0.06009615 0.05048077
1 0.53846154 0.41346154 0.06250000 0.07692308
1 0.47836538 0.49639423 0.07211538 0.07451923
1 0.48197115 0.50120192 0.07451923 0.08413462
0 0.77043269 0.50841346 0.31009615 0.66586538
0 0.62980769 0.57331731 0.18269231 0.55048077
0 0.54687500 0.57211538 0.07932692 0.39423077
0 0.50600962 0.61658654 0.15144231 0.31490385
