1 0.25120192 0.48072289 0.04086538 0.04096386
1 0.25240385 0.48313253 0.03846154 0.04578313
0 0.23317308 0.50481928 0.08173077 0.09879518
1 0.53004808 0.31927711 0.15144231 0.12289157
1 0.53004808 0.35180723 0.15144231 0.19277108
1 0.52644231 0.05783133 0.14423077 0.11084337
1 0.87740385 0.40843373 0.04326923 0.03132530
1 0.80288462 0.46024096 0.05288462 0.04337349
1 0.87740385 0.42048193 0.04326923 0.05542169
0 0.82451923 0.50843373 0.15865385 0.13975904
0 0.86778846 0.47831325 0.07692308 0.17108434
1 0.80288462 0.45783133 0.05288462 0.04337349
0 0.62139423 0.50963855 0.57932692 0.50843373
3 0.54687500 0.40481928 0.06971154 0.08192771
3 0.87620192 0.43373494 0.02163462 0.01927711
