1 0.09254808 0.33614458 0.17067308 0.18072289
3 0.05048077 0.38795181 0.08653846 0.08192771
1 0.09014423 0.34698795 0.17548077 0.20722892
1 0.43629808 0.09277108 0.18990385 0.17590361
1 0.43629808 0.28313253 0.19471154 0.17590361
3 0.45552885 0.41445783 0.07932692 0.07710843
1 0.09014423 0.06626506 0.17548077 0.12771084
1 0.43750000 0.32530120 0.19230769 0.26024096
1 0.86418269 0.49156627 0.20913462 0.12530120
0 0.54206731 0.44578313 0.52163462 0.50120482
0 0.74759615 0.71445783 0.49519231 0.57108434
