1 0.61177885 0.57091346 0.08413462 0.06009615
1 0.61177885 0.58774038 0.08413462 0.09375000
1 0.38221154 0.40384615 0.06250000 0.03846154
1 0.38221154 0.41826923 0.06250000 0.06250000
1 0.27163462 0.39903846 0.06730769 0.04807692
1 0.27043269 0.41225962 0.06971154 0.07451923
1 0.22836538 0.35937500 0.05769231 0.04086538
1 0.23197115 0.29927885 0.06009615 0.06009615
1 0.22596154 0.30769231 0.07211538 0.06250000
3 0.62500000 0.61418269 0.02403846 0.04086538
0 0.61538462 0.70793269 0.20673077 0.33413462
0 0.37620192 0.59495192 0.16586538 0.42067308
0 0.26562500 0.49639423 0.08413462 0.24759615
0 0.22355769 0.44591346 0.07692308 0.21394231
0 0.20552885 0.35336538 0.10817308 0.16826923
3 0.28605769 0.43269231 0.01442308 0.02884615
3 0.22716346 0.32812500 0.02644231 0.02163462
1 0.22836538 0.37139423 0.05769231 0.06490385
