1 0.35576923 0.37831325 0.03365385 0.03373494
1 0.34975962 0.38674699 0.04567308 0.05060241
0 0.32692308 0.47590361 0.11538462 0.22891566
1 0.40384615 0.34578313 0.03846154 0.02168675
1 0.40384615 0.35662651 0.03846154 0.04337349
0 0.41706731 0.44698795 0.09375000 0.22409639
1 0.63100962 0.36626506 0.00721154 0.00963855
0 0.63221154 0.39156627 0.02884615 0.06024096
1 0.65745192 0.36144578 0.01201923 0.00963855
0 0.66105769 0.38795181 0.02403846 0.06265060
3 0.34975962 0.39879518 0.02644231 0.02168675
3 0.39543269 0.36746988 0.01682692 0.01686747
