1 0.44711538 0.59495192 0.21153846 0.20432692
3 0.06490385 0.36298077 0.06730769 0.12980769
3 0.05048077 0.33173077 0.09615385 0.24519231
3 0.21634615 0.54567308 0.42788462 0.67307692
3 0.59375000 0.28485577 0.05769231 0.07932692
1 0.61418269 0.20673077 0.13221154 0.10096154
1 0.61538462 0.25000000 0.13461538 0.19230769
0 0.57812500 0.50000000 0.46394231 0.68750000
3 0.92427885 0.26682692 0.06490385 0.10576923
1 0.93389423 0.17187500 0.13221154 0.08413462
1 0.93389423 0.24158654 0.13221154 0.22355769
0 0.75480769 0.49278846 0.48557692 0.72596154
1 0.61418269 0.06250000 0.15625000 0.09615385
1 0.61538462 0.05528846 0.15865385 0.10576923
1 0.93269231 0.09495192 0.12980769 0.06971154
1 0.93389423 0.06610577 0.13221154 0.12740385
