1 0.84975962 0.18028846 0.19951923 0.20673077
1 0.84855769 0.21514423 0.20192308 0.27644231
0 0.74519231 0.49639423 0.50480769 0.83894231
1 0.96274038 0.22716346 0.06490385 0.05528846
1 0.95673077 0.24879808 0.07692308 0.09855769
0 0.92548077 0.49759615 0.14423077 0.59134615
1 0.67548077 0.20432692 0.09615385 0.05288462
1 0.67668269 0.23076923 0.09855769 0.10576923
3 0.56490385 0.22956731 0.02884615 0.03125000
0 0.56250000 0.29326923 0.04807692 0.16346154
1 0.50600962 0.19711538 0.04086538 0.04326923
1 0.50841346 0.21274038 0.04567308 0.07932692
0 0.51802885 0.38341346 0.06971154 0.41586538
1 0.46394231 0.20072115 0.06730769 0.04567308
1 0.46394231 0.22716346 0.07211538 0.09855769
0 0.45793269 0.45432692 0.14663462 0.55769231
1 0.41586538 0.19471154 0.02403846 0.01923077
1 0.41706731 0.20432692 0.02163462 0.04326923
0 0.41586538 0.23197115 0.02884615 0.09375000
3 0.39062500 0.21995192 0.02644231 0.03125000
3 0.38221154 0.27043269 0.04807692 0.13701923
1 0.31730769 0.20673077 0.04326923 0.02884615
1 0.31850962 0.22355769 0.04567308 0.05769231
1 0.25360577 0.17668269 0.08894231 0.07932692
1 0.25360577 0.20913462 0.09375000 0.14423077
1 0.17908654 0.22235577 0.07932692 0.05528846
1 0.18149038 0.24879808 0.08413462 0.10817308
1 0.03004808 0.17668269 0.05528846 0.05528846
1 0.03125000 0.20432692 0.05769231 0.11057692
0 0.06610577 0.42427885 0.12740385 0.55048077
0 0.28605769 0.49639423 0.21153846 0.71394231
0 0.19471154 0.46514423 0.10576923 0.54086538
3 0.82211538 0.29447115 0.11057692 0.09855769
3 0.94110577 0.27524038 0.04086538 0.05528846
3 0.67067308 0.25000000 0.04807692 0.06250000
3 0.46274038 0.24278846 0.04086538 0.05288462
3 0.39302885 0.22115385 0.01682692 0.02403846
3 0.32331731 0.22956731 0.02163462 0.02644231
3 0.25841346 0.23918269 0.06009615 0.06490385
3 0.17668269 0.27043269 0.04567308 0.04567308
3 0.03125000 0.22235577 0.04807692 0.05528846
3 0.56370192 0.23197115 0.01682692 0.02163462
