1 0.07572115 0.98795181 0.10336538 0.02409639
1 0.07812500 0.96867470 0.10817308 0.05783133
1 0.07932692 0.64216867 0.11057692 0.07951807
1 0.08052885 0.65903614 0.11298077 0.11807229
0 0.08173077 0.71566265 0.15865385 0.22650602
0 0.08533654 0.91686747 0.15144231 0.16626506
1 0.42427885 0.60963855 0.08413462 0.07228916
1 0.43389423 0.62409639 0.10817308 0.10602410
0 0.47355769 0.70843373 0.18750000 0.26506024
1 0.77644231 0.40481928 0.04326923 0.02891566
1 0.77644231 0.41325301 0.04807692 0.04578313
0 0.76802885 0.54096386 0.10817308 0.29638554
1 0.61658654 0.40481928 0.02644231 0.03373494
0 0.65625000 0.49879518 0.10576923 0.21686747
1 0.57091346 0.38674699 0.02163462 0.02168675
0 0.55889423 0.44578313 0.05528846 0.13493976
1 0.53125000 0.39277108 0.03846154 0.04337349
0 0.51442308 0.50602410 0.09134615 0.26506024
1 0.42908654 0.50000000 0.03125000 0.03614458
1 0.42307692 0.50481928 0.04326923 0.04096386
0 0.36057692 0.55662651 0.16826923 0.14939759
1 0.44951923 0.38915663 0.02403846 0.02168675
1 0.45072115 0.39397590 0.02644231 0.03614458
0 0.43629808 0.42409639 0.05048077 0.09156627
3 0.59014423 0.34457831 0.02644231 0.06265060
1 0.52403846 0.31445783 0.00961538 0.00722892
1 0.52884615 0.32650602 0.01923077 0.01686747
0 0.54206731 0.34698795 0.05528846 0.05301205
1 0.28004808 0.35180723 0.02644231 0.02409639
0 0.27884615 0.45662651 0.07692308 0.23373494
1 0.19951923 0.35542169 0.02884615 0.01686747
1 0.20072115 0.36746988 0.03125000 0.03614458
0 0.19951923 0.46144578 0.10096154 0.22891566
1 0.00841346 0.35662651 0.01201923 0.02409639
1 0.00961538 0.36746988 0.01442308 0.04578313
0 0.03966346 0.41927711 0.07451923 0.14457831
1 0.01322115 0.23734940 0.02163462 0.03614458
1 0.01322115 0.24578313 0.02163462 0.05301205
0 0.02163462 0.31325301 0.03846154 0.18313253
1 0.15504808 0.32771084 0.02163462 0.01927711
1 0.15384615 0.33493976 0.02884615 0.03373494
0 0.14423077 0.37951807 0.03846154 0.12289157
1 0.18389423 0.30481928 0.02644231 0.01686747
1 0.18389423 0.31325301 0.02644231 0.03373494
0 0.18269231 0.34216867 0.02884615 0.08674699
1 0.39783654 0.26746988 0.01201923 0.00963855
1 0.39783654 0.27108434 0.01201923 0.01686747
0 0.40504808 0.27831325 0.03125000 0.02650602
1 0.23557692 0.22048193 0.00961538 0.00722892
0 0.24038462 0.25542169 0.02403846 0.07228916
3 0.11418269 0.31807229 0.02644231 0.03373494
3 0.09254808 0.34698795 0.06490385 0.09156627
1 0.20312500 0.25301205 0.01682692 0.02409639
1 0.19951923 0.25542169 0.02403846 0.02891566
0 0.17187500 0.27349398 0.08413462 0.06506024
1 0.17668269 0.22289157 0.01682692 0.01686747
0 0.15985577 0.25180723 0.05528846 0.06987952
1 0.39423077 0.07349398 0.01442308 0.01204819
1 0.39423077 0.07108434 0.01442308 0.01686747
0 0.40384615 0.06506024 0.03365385 0.03373494
1 0.52403846 0.02409639 0.01442308 0.00963855
1 0.52644231 0.01204819 0.01923077 0.01445783
1 0.17788462 0.11807229 0.01923077 0.01445783
0 0.16346154 0.08795181 0.05288462 0.07951807
1 0.23437500 0.12289157 0.01201923 0.00963855
0 0.23677885 0.09036145 0.02644231 0.08433735
1 0.01562500 0.10240964 0.02644231 0.02650602
1 0.01562500 0.09397590 0.02644231 0.04819277
0 0.01802885 0.06265060 0.03125000 0.11084337
1 0.18509615 0.03493976 0.02403846 0.01686747
1 0.18509615 0.02891566 0.02403846 0.02891566
1 0.15625000 0.01204819 0.02884615 0.01927711
1 0.20673077 0.08554217 0.01923077 0.02168675
1 0.20312500 0.08674699 0.02644231 0.02409639
0 0.17788462 0.07108434 0.07692308 0.06024096
