1 0.29206731 0.32409639 0.04567308 0.03614458
1 0.60697115 0.32891566 0.11778846 0.04096386
1 0.60697115 0.34698795 0.12259615 0.08192771
1 0.29206731 0.33734940 0.05048077 0.05783133
3 0.42788462 0.44939759 0.09134615 0.06506024
3 0.09855769 0.39036145 0.10576923 0.12530120
3 0.28725962 0.34819277 0.02644231 0.02650602
0 0.25480769 0.41807229 0.13461538 0.22891566
0 0.68629808 0.57951807 0.44951923 0.54698795
3 0.41706731 0.46144578 0.02644231 0.04096386
3 0.39302885 0.62409639 0.17067308 0.40963855
