1 0.45192308 0.20240964 0.05288462 0.04819277
1 0.45192308 0.21686747 0.05769231 0.08192771
0 0.43990385 0.26144578 0.15384615 0.17108434
1 0.64783654 0.20602410 0.06490385 0.04096386
1 0.64783654 0.22409639 0.06490385 0.08192771
0 0.65384615 0.30000000 0.09134615 0.23373494
1 0.45312500 0.02289157 0.05528846 0.04096386
1 0.65144231 0.01807229 0.06730769 0.03132530
1 0.22836538 0.29156627 0.02884615 0.01927711
1 0.22836538 0.30240964 0.03365385 0.04096386
0 0.22596154 0.34819277 0.05288462 0.13253012
1 0.06129808 0.28072289 0.04086538 0.03132530
1 0.06129808 0.28433735 0.04086538 0.04337349
0 0.05168269 0.34216867 0.08413462 0.15903614
1 0.00721154 0.27590361 0.00961538 0.01204819
1 0.01081731 0.28313253 0.01682692 0.03132530
1 0.01322115 0.33975904 0.02163462 0.14939759
3 0.44831731 0.24096386 0.02644231 0.02891566
3 0.22475962 0.31325301 0.01682692 0.01445783
