1 0.03125000 0.38701923 0.03365385 0.02884615
1 0.06730769 0.36298077 0.04807692 0.03365385
1 0.16105769 0.37379808 0.06730769 0.04567308
1 0.23798077 0.39543269 0.06250000 0.04567308
1 0.25961538 0.38461538 0.04326923 0.04807692
1 0.37379808 0.40264423 0.05528846 0.03605769
1 0.03245192 0.39543269 0.03605769 0.05528846
1 0.06850962 0.38100962 0.04567308 0.06971154
1 0.16225962 0.39302885 0.06490385 0.06971154
1 0.23677885 0.41225962 0.05048077 0.07932692
1 0.25721154 0.39663462 0.04326923 0.06730769
1 0.37500000 0.41346154 0.05288462 0.06250000
3 0.09855769 0.40384615 0.06250000 0.08173077
3 0.29687500 0.41225962 0.03605769 0.04567308
3 0.58413462 0.42187500 0.04326923 0.05528846
3 0.69350962 0.40384615 0.04567308 0.04807692
3 0.93389423 0.37500000 0.03125000 0.03365385
3 0.11418269 0.40625000 0.02644231 0.05769231
3 0.18389423 0.40504808 0.01682692 0.05048077
3 0.24879808 0.42668269 0.01682692 0.04086538
3 0.30528846 0.41346154 0.01442308 0.03365385
3 0.38942308 0.42427885 0.02403846 0.03605769
3 0.59735577 0.42427885 0.02163462 0.04086538
3 0.68149038 0.40745192 0.02644231 0.04086538
3 0.92548077 0.38100962 0.01923077 0.02644231
3 0.08774038 0.54086538 0.07451923 0.35096154
0 0.15625000 0.53365385 0.07211538 0.35576923
0 0.22836538 0.54447115 0.08173077 0.33894231
3 0.30288462 0.52283654 0.04326923 0.26682692
0 0.37500000 0.55048077 0.09134615 0.34134615
3 0.58413462 0.54326923 0.10096154 0.29326923
3 0.70673077 0.54086538 0.12019231 0.32211538
3 0.94591346 0.41105769 0.07451923 0.10576923
