3 0.58894231 0.45783133 0.01442308 0.02409639
3 0.60576923 0.44819277 0.01442308 0.02409639
3 0.52163462 0.43975904 0.01442308 0.02168675
3 0.63221154 0.45180723 0.01442308 0.02168675
3 0.70312500 0.44698795 0.01682692 0.02168675
1 0.41225962 0.43734940 0.02163462 0.01686747
1 0.41346154 0.44337349 0.02403846 0.02891566
0 0.40625000 0.53493976 0.04326923 0.21204819
1 0.46634615 0.39156627 0.04807692 0.03132530
1 0.46634615 0.40120482 0.04807692 0.05060241
3 0.51802885 0.43373494 0.02644231 0.03855422
3 0.58173077 0.44819277 0.03365385 0.04819277
1 0.62740385 0.43132530 0.02884615 0.01927711
1 0.62740385 0.44216867 0.02884615 0.04096386
3 0.70432692 0.43975904 0.01923077 0.04096386
1 0.74158654 0.41686747 0.03125000 0.01927711
1 0.73317308 0.43012048 0.03846154 0.02650602
1 0.73317308 0.44337349 0.03846154 0.05301205
0 0.75120192 0.56506024 0.07451923 0.29638554
3 0.69350962 0.53855422 0.05528846 0.23855422
0 0.62139423 0.53855422 0.05048077 0.23373494
3 0.56490385 0.56144578 0.06250000 0.27469880
3 0.52524038 0.52891566 0.04567308 0.22891566
0 0.46514423 0.56987952 0.13221154 0.38795181
