1 0.31730769 0.18750000 0.10096154 0.07211538
1 0.65024038 0.39062500 0.05528846 0.04567308
1 0.70432692 0.33774038 0.03846154 0.05048077
1 0.14062500 0.19350962 0.01201923 0.01201923
1 0.10697115 0.19831731 0.01682692 0.01682692
1 0.04687500 0.19350962 0.01201923 0.01201923
1 0.20432692 0.19591346 0.01442308 0.01682692
1 0.41346154 0.19711538 0.01442308 0.01442308
1 0.31730769 0.20913462 0.10096154 0.11538462
1 0.65024038 0.40264423 0.05528846 0.07451923
1 0.71514423 0.34735577 0.06009615 0.06971154
3 0.33052885 0.23918269 0.03125000 0.04567308
0 0.31250000 0.39903846 0.17307692 0.50000000
0 0.56850962 0.46875000 0.21875000 0.20673077
0 0.77764423 0.46634615 0.18990385 0.32211538
3 0.64423077 0.42187500 0.02403846 0.03125000
3 0.93870192 0.46634615 0.12259615 0.32211538
0 0.03846154 0.22115385 0.02884615 0.06730769
0 0.10456731 0.22235577 0.02644231 0.06490385
0 0.14543269 0.22235577 0.02644231 0.06971154
0 0.21033654 0.22115385 0.02644231 0.06730769
0 0.40625000 0.22115385 0.02884615 0.06250000
