3 0.49759615 0.38795181 0.02403846 0.02409639
3 0.35937500 0.42409639 0.02644231 0.02891566
3 0.22956731 0.34698795 0.03605769 0.03855422
1 0.06490385 0.31686747 0.05288462 0.03614458
1 0.23437500 0.29277108 0.09375000 0.10361446
1 0.35576923 0.39277108 0.03846154 0.03373494
1 0.50000000 0.35783133 0.04326923 0.03614458
1 0.59375000 0.48072289 0.00961538 0.00722892
1 0.55288462 0.47831325 0.00961538 0.00722892
1 0.59375000 0.48433735 0.00961538 0.01445783
1 0.55408654 0.48192771 0.01201923 0.01445783
1 0.50000000 0.37108434 0.04326923 0.06265060
1 0.35576923 0.40843373 0.03846154 0.06506024
1 0.23437500 0.30240964 0.09375000 0.12771084
1 0.54086538 0.48554217 0.00961538 0.01204819
1 0.54086538 0.48313253 0.00961538 0.00722892
0 0.59375000 0.51325301 0.01923077 0.07228916
0 0.54567308 0.51566265 0.03846154 0.07228916
0 0.55408654 0.50843373 0.01682692 0.06746988
0 0.14182692 0.50000000 0.27403846 0.51807229
0 0.33413462 0.51807229 0.08653846 0.28915663
0 0.48918269 0.47951807 0.09855769 0.27951807
3 0.25600962 0.52891566 0.08413462 0.23855422
0 0.05649038 0.50722892 0.10336538 0.41686747
1 0.23557692 0.04698795 0.10096154 0.08915663
1 0.23197115 0.04457831 0.11298077 0.08433735
