3 0.44711538 0.34495192 0.03365385 0.03125000
1 0.35937500 0.46033654 0.10336538 0.08894231
1 0.42187500 0.23677885 0.06490385 0.06009615
1 0.51562500 0.17908654 0.02644231 0.03125000
1 0.44951923 0.29687500 0.11538462 0.08894231
1 0.36057692 0.47596154 0.10096154 0.12019231
1 0.45913462 0.30889423 0.12980769 0.10817308
1 0.51322115 0.18149038 0.03605769 0.03125000
0 0.41346154 0.64302885 0.33173077 0.44951923
0 0.53966346 0.57812500 0.56971154 0.64182692
0 0.50721154 0.23317308 0.07211538 0.13461538
