1 0.81850962 0.22168675 0.18509615 0.11084337
1 0.82091346 0.25180723 0.18509615 0.17590361
3 0.93629808 0.27951807 0.04086538 0.05301205
1 0.82331731 0.11445783 0.18028846 0.11325301
3 0.93750000 0.05421687 0.04326923 0.05060241
3 0.71153846 0.05542169 0.03846154 0.06265060
3 0.71033654 0.04939759 0.03125000 0.05060241
3 0.66466346 0.05301205 0.07932692 0.08192771
3 0.65985577 0.05180723 0.05528846 0.06987952
3 0.58774038 0.06265060 0.05048077 0.06746988
3 0.50000000 0.05903614 0.11538462 0.11325301
3 0.43509615 0.07710843 0.07211538 0.09638554
3 0.47836538 0.05421687 0.06730769 0.09397590
3 0.42548077 0.07228916 0.04807692 0.07228916
3 0.14903846 0.04216867 0.09615385 0.07951807
3 0.13100962 0.03493976 0.05048077 0.06506024
3 0.08052885 0.05542169 0.05048077 0.07710843
3 0.07932692 0.04698795 0.03846154 0.05060241
3 0.70673077 0.28674699 0.02884615 0.04337349
3 0.66466346 0.27951807 0.07451923 0.08674699
3 0.66346154 0.29156627 0.04807692 0.06746988
3 0.59014423 0.26746988 0.05528846 0.05783133
3 0.60697115 0.27951807 0.01682692 0.03373494
3 0.50120192 0.27349398 0.12259615 0.11325301
3 0.47956731 0.28795181 0.07451923 0.08915663
3 0.43629808 0.25542169 0.07451923 0.08674699
3 0.42187500 0.26385542 0.04086538 0.06987952
3 0.14783654 0.30120482 0.09855769 0.11084337
3 0.13461538 0.31084337 0.06250000 0.09638554
3 0.08533654 0.27831325 0.06490385 0.07951807
3 0.07692308 0.28915663 0.03846154 0.05301205
0 0.74399038 0.50361446 0.44951923 0.66987952
3 0.63461538 0.34578313 0.14423077 0.21927711
3 0.49399038 0.52771084 0.30528846 0.62650602
3 0.37740385 0.52289157 0.19711538 0.63132530
3 0.13341346 0.54819277 0.26201923 0.60481928
1 0.82331731 0.08674699 0.18509615 0.16867470
