3 0.35697115 0.53485577 0.02163462 0.01682692
3 0.44951923 0.10697115 0.01923077 0.02644231
3 0.57932692 0.11418269 0.01442308 0.02163462
1 0.58293269 0.09975962 0.04086538 0.02163462
1 0.58653846 0.11418269 0.04807692 0.05048077
1 0.43149038 0.09134615 0.05048077 0.02884615
1 0.43389423 0.10336538 0.05528846 0.05288462
0 0.45072115 0.23557692 0.10336538 0.32211538
0 0.57692308 0.24879808 0.10096154 0.31971154
1 0.35576923 0.52283654 0.02403846 0.01682692
1 0.35697115 0.53365385 0.02644231 0.03846154
0 0.37379808 0.62980769 0.10336538 0.23076923
