0 0.16346154 0.58413462 0.32211538 0.47115385
0 0.53004808 0.51442308 0.41586538 0.61057692
1 0.53245192 0.25600962 0.10817308 0.10336538
1 0.53365385 0.24759615 0.11057692 0.07692308
1 0.53605769 0.09134615 0.11538462 0.07692308
1 0.53485577 0.07331731 0.10817308 0.10336538
1 0.15865385 0.50841346 0.11057692 0.09375000
1 0.16105769 0.52524038 0.11538462 0.12740385
3 0.16826923 0.54086538 0.04807692 0.06250000
3 0.54687500 0.26923077 0.04086538 0.05288462
3 0.54447115 0.06490385 0.04086538 0.05769231
0 0.45793269 0.06490385 0.27644231 0.12500000
