1 0.39543269 0.27163462 0.06009615 0.05769231
1 0.40024038 0.28004808 0.06490385 0.07932692
1 0.14783654 0.43028846 0.03605769 0.02884615
1 0.22235577 0.43389423 0.03605769 0.03125000
1 0.70312500 0.37980769 0.02163462 0.01442308
1 0.73798077 0.37740385 0.01923077 0.01442308
1 0.89423077 0.37500000 0.01923077 0.01442308
1 0.92668269 0.37740385 0.02163462 0.01442308
1 0.62860577 0.43629808 0.01201923 0.01201923
1 0.70192308 0.38221154 0.02403846 0.01923077
1 0.73677885 0.37980769 0.01682692 0.01923077
1 0.89543269 0.37500000 0.02163462 0.01442308
1 0.92668269 0.37740385 0.02163462 0.01923077
3 0.40625000 0.30288462 0.03365385 0.02884615
0 0.45432692 0.45312500 0.17307692 0.42548077
0 0.91706731 0.42307692 0.04086538 0.11057692
0 0.88942308 0.42187500 0.03365385 0.10817308
0 0.74158654 0.42187500 0.02644231 0.10336538
0 0.70913462 0.41706731 0.03846154 0.08894231
0 0.63461538 0.44951923 0.02884615 0.03846154
0 0.23677885 0.45913462 0.09855769 0.08173077
3 0.30528846 0.45913462 0.07211538 0.07692308
0 0.13221154 0.45673077 0.10096154 0.08173077
3 0.06129808 0.45913462 0.06009615 0.07692308
