3 0.47710843 0.49038462 0.04337349 0.05769231
3 0.72168675 0.15745192 0.04096386 0.04086538
1 0.49036145 0.43750000 0.09397590 0.05769231
1 0.72289157 0.09975962 0.09638554 0.07932692
1 0.93734940 0.10576923 0.09156627 0.08653846
3 0.94578313 0.15504808 0.03614458 0.05048077
1 0.73012048 0.12259615 0.11084337 0.12500000
1 0.93012048 0.12740385 0.10602410 0.12500000
1 0.49036145 0.46514423 0.09397590 0.11298077
0 0.47228916 0.53846154 0.26024096 0.25961538
0 0.75542169 0.29206731 0.15662651 0.46875000
0 0.91084337 0.29567308 0.14457831 0.46634615
