1 0.28125000 0.59277108 0.01923077 0.01445783
1 0.28125000 0.59879518 0.01923077 0.02650602
0 0.28125000 0.61566265 0.04326923 0.06024096
1 0.48677885 0.53493976 0.02163462 0.01445783
1 0.48677885 0.54096386 0.02163462 0.02650602
0 0.50600962 0.56265060 0.06009615 0.06987952
1 0.70312500 0.67590361 0.03125000 0.01686747
1 0.70312500 0.68674699 0.03125000 0.03855422
1 0.76081731 0.64578313 0.03125000 0.01927711
1 0.76081731 0.65542169 0.03125000 0.03855422
0 0.72956731 0.72289157 0.08413462 0.11084337
0 0.79086538 0.70602410 0.09134615 0.14457831
1 0.28365385 0.97469880 0.02403846 0.01686747
1 0.28605769 0.97108434 0.02884615 0.02891566
1 0.76081731 0.92048193 0.03125000 0.01445783
1 0.76442308 0.91204819 0.03365385 0.04096386
0 0.79326923 0.85783133 0.08653846 0.14939759
1 0.69951923 0.89156627 0.02403846 0.01445783
1 0.70192308 0.88674699 0.02403846 0.03855422
0 0.72836538 0.84578313 0.08173077 0.13012048
0 0.28365385 0.95301205 0.04807692 0.06987952
3 0.75961538 0.66506024 0.01923077 0.01927711
3 0.70432692 0.69156627 0.01923077 0.02409639
3 0.48918269 0.54698795 0.01682692 0.01445783
3 0.28245192 0.60481928 0.01682692 0.00963855
3 0.28245192 0.96385542 0.01682692 0.01445783
