1 0.90504808 0.58653846 0.03125000 0.02403846
1 0.90384615 0.58894231 0.03365385 0.03365385
1 0.83293269 0.53846154 0.04567308 0.03365385
1 0.83293269 0.54567308 0.04567308 0.04807692
1 0.61899038 0.55168269 0.02644231 0.03605769
1 0.62019231 0.55288462 0.03365385 0.04326923
1 0.52884615 0.56490385 0.02403846 0.01923077
1 0.52884615 0.56971154 0.02403846 0.02884615
1 0.54687500 0.62500000 0.02644231 0.03846154
1 0.54206731 0.62500000 0.03605769 0.04326923
0 0.53485577 0.64302885 0.04567308 0.17548077
0 0.51802885 0.67307692 0.08413462 0.15384615
0 0.65144231 0.66466346 0.09615385 0.26682692
0 0.83173077 0.66947115 0.10096154 0.30528846
0 0.93269231 0.61538462 0.09134615 0.08653846
1 0.25600962 0.54807692 0.04567308 0.02884615
1 0.25480769 0.56009615 0.04807692 0.05288462
1 0.03485577 0.59254808 0.04086538 0.03605769
1 0.03485577 0.59254808 0.04086538 0.04086538
0 0.07812500 0.69951923 0.12740385 0.25480769
0 0.27764423 0.68870192 0.12740385 0.31009615
