1 0.22475962 0.51927711 0.04567308 0.03132530
1 0.26682692 0.56265060 0.01923077 0.01686747
1 0.75240385 0.54216867 0.02884615 0.02891566
1 0.86538462 0.55180723 0.02884615 0.02891566
0 0.77163462 0.64096386 0.09134615 0.23132530
0 0.87259615 0.64337349 0.06730769 0.21204819
0 0.22115385 0.63855422 0.09134615 0.27469880
0 0.27163462 0.61927711 0.03846154 0.13493976
1 0.22596154 0.53373494 0.04807692 0.06024096
1 0.26682692 0.56626506 0.01923077 0.02409639
1 0.75240385 0.54939759 0.02884615 0.03855422
1 0.86778846 0.55903614 0.02884615 0.03855422
