1 0.31730769 0.48795181 0.10576923 0.06024096
3 0.30889423 0.54457831 0.05048077 0.05783133
1 0.31730769 0.51566265 0.10576923 0.11566265
1 0.43629808 0.43614458 0.10336538 0.07710843
3 0.43990385 0.49277108 0.04326923 0.05542169
1 0.43629808 0.45783133 0.10336538 0.12530120
1 0.60216346 0.40120482 0.10817308 0.08433735
3 0.60817308 0.44939759 0.06250000 0.07469880
1 0.60216346 0.42289157 0.10817308 0.12771084
1 0.86298077 0.32048193 0.24519231 0.15903614
3 0.83293269 0.37349398 0.11778846 0.14457831
1 0.86177885 0.34337349 0.24759615 0.20481928
1 0.86057692 0.04337349 0.24038462 0.08192771
0 0.21754808 0.64819277 0.30528846 0.38072289
0 0.45192308 0.61686747 0.20192308 0.44337349
0 0.62259615 0.59879518 0.29326923 0.47951807
0 0.76802885 0.53855422 0.46394231 0.59518072
