1 0.06009615 0.30769231 0.11538462 0.09134615
1 0.18509615 0.40144231 0.11057692 0.08173077
1 0.26322115 0.40024038 0.06490385 0.05528846
1 0.42668269 0.38701923 0.11298077 0.06730769
1 0.50240385 0.37259615 0.08653846 0.04807692
1 0.74759615 0.37139423 0.06250000 0.06971154
1 0.81850962 0.34615385 0.11298077 0.06730769
1 0.81971154 0.37980769 0.11057692 0.13942308
1 0.75240385 0.39302885 0.07211538 0.11298077
1 0.50240385 0.40504808 0.08653846 0.10817308
1 0.42427885 0.42548077 0.11298077 0.14423077
1 0.26322115 0.42187500 0.06490385 0.09375000
1 0.18629808 0.43028846 0.11298077 0.13461538
1 0.06009615 0.34375000 0.11538462 0.17307692
1 0.18149038 0.34495192 0.10336538 0.05048077
3 0.26442308 0.43990385 0.03365385 0.03846154
3 0.43990385 0.44591346 0.05769231 0.07932692
3 0.51201923 0.42187500 0.05288462 0.06009615
3 0.80649038 0.40264423 0.05048077 0.07451923
3 0.08653846 0.39062500 0.04326923 0.07451923
3 0.21634615 0.45192308 0.05288462 0.07211538
0 0.83774038 0.56850962 0.30048077 0.51201923
0 0.73197115 0.58052885 0.14663462 0.49278846
0 0.52884615 0.58894231 0.14423077 0.48557692
0 0.42788462 0.59375000 0.24038462 0.48076923
0 0.20793269 0.59975962 0.20432692 0.48317308
0 0.09014423 0.54927885 0.17548077 0.58413462
