1 0.62048193 0.21394231 0.15180723 0.09615385
3 0.62168675 0.29567308 0.10120482 0.10096154
1 0.62048193 0.26682692 0.15180723 0.20192308
0 0.63855422 0.58413462 0.37590361 0.83173077
1 0.23614458 0.08293269 0.13493976 0.16105769
3 0.20843373 0.22716346 0.08433735 0.23798077
1 0.23734940 0.17548077 0.13734940 0.34615385
0 0.36144578 0.50120192 0.38554217 0.99759615
1 0.10361446 0.08533654 0.13493976 0.16586538
3 0.11566265 0.22836538 0.10602410 0.24038462
1 0.10120482 0.17548077 0.13012048 0.34615385
