1 0.17668269 0.68509615 0.32932692 0.28365385
1 0.47836538 0.52043269 0.13942308 0.10817308
1 0.58653846 0.36778846 0.13461538 0.11057692
1 0.77524038 0.25600962 0.20432692 0.11298077
1 0.77884615 0.06971154 0.21153846 0.13461538
1 0.49519231 0.54326923 0.16826923 0.15865385
1 0.59134615 0.39182692 0.13942308 0.15865385
1 0.77644231 0.32572115 0.20673077 0.25240385
0 0.81971154 0.51442308 0.36057692 0.63461538
0 0.54326923 0.64182692 0.26923077 0.35576923
0 0.62740385 0.44831731 0.21153846 0.27163462
