1 0.35096154 0.35060241 0.09615385 0.07951807
1 0.53846154 0.33975904 0.08173077 0.06746988
1 0.60817308 0.31927711 0.06250000 0.05542169
1 0.73076923 0.34457831 0.07692308 0.07710843
1 0.73076923 0.16746988 0.08173077 0.06024096
1 0.60817308 0.18795181 0.06250000 0.06265060
1 0.54086538 0.17108434 0.08653846 0.05783133
1 0.34615385 0.16024096 0.09134615 0.06987952
1 0.34975962 0.37469880 0.09855769 0.13253012
1 0.53365385 0.36144578 0.08173077 0.11566265
1 0.60456731 0.33614458 0.06490385 0.09397590
1 0.73076923 0.36144578 0.07692308 0.10602410
1 0.35096154 0.13493976 0.09615385 0.13012048
1 0.53846154 0.14819277 0.08653846 0.11807229
1 0.60937500 0.16626506 0.06971154 0.09638554
1 0.72956731 0.14698795 0.07932692 0.09638554
0 0.35456731 0.53734940 0.19471154 0.45301205
0 0.53365385 0.55421687 0.16826923 0.48192771
0 0.72836538 0.53855422 0.17788462 0.46024096
3 0.35817308 0.40843373 0.04807692 0.06024096
3 0.52283654 0.39036145 0.04567308 0.04819277
3 0.60937500 0.36265060 0.05048077 0.04096386
3 0.72716346 0.39156627 0.04567308 0.04578313
3 0.35216346 0.09759036 0.08413462 0.05542169
3 0.53605769 0.11445783 0.07211538 0.04096386
3 0.61177885 0.14698795 0.05528846 0.04819277
3 0.72836538 0.11325301 0.06730769 0.04337349
0 0.62019231 0.52650602 0.11057692 0.47951807
