0 0.06370192 0.57469880 0.11298077 0.16626506
0 0.23317308 0.60963855 0.17788462 0.37590361
1 0.06850962 0.50602410 0.04567308 0.02409639
1 0.30168269 0.51445783 0.02644231 0.02168675
1 0.41947115 0.50722892 0.02644231 0.01686747
1 0.50360577 0.49518072 0.08413462 0.06024096
1 0.77283654 0.49036145 0.03605769 0.02650602
1 0.75841346 0.23493976 0.06490385 0.03614458
1 0.75961538 0.20000000 0.06730769 0.03855422
0 0.49519231 0.55301205 0.24519231 0.17590361
0 0.41706731 0.54578313 0.06490385 0.10361446
0 0.30769231 0.54939759 0.05769231 0.09156627
0 0.76802885 0.54096386 0.06009615 0.12771084
0 0.79927885 0.40481928 0.20913462 0.37108434
1 0.50480769 0.51204819 0.08653846 0.09397590
1 0.22235577 0.46506024 0.07451923 0.08192771
1 0.22596154 0.45060241 0.07211538 0.05301205
3 0.77043269 0.51204819 0.02163462 0.02650602
1 0.77163462 0.50481928 0.04807692 0.06024096
1 0.30528846 0.52289157 0.02884615 0.03855422
