1 0.49036500 0.47012900 0.02500000 0.02030500
1 0.55208300 0.46427200 0.01354200 0.02577100
1 0.41549500 0.62553700 0.01640600 0.01874300
1 0.29401000 0.14759900 0.01614600 0.02030500
2 0.30651000 0.18449800 0.01822900 0.03319000
2 0.41640600 0.67961700 0.03958300 0.06364700
2 0.48072900 0.50253800 0.02708300 0.05622800
0 0.36640600 0.08180400 0.03385400 0.07067600
0 0.30325500 0.19601700 0.04244800 0.11401800
0 0.41510400 0.71456500 0.05781300 0.19679800
0 0.48164100 0.52303800 0.04453100 0.13158900
0 0.55195300 0.51425200 0.03099000 0.13744600
