1 0.62125000 0.31500000 0.04250000 0.02166700
1 0.48437500 0.78625000 0.03375000 0.01083300
1 0.58000000 0.82083300 0.04500000 0.01500000
1 0.76187500 0.80458300 0.03625000 0.01416700
2 0.47812500 0.83875000 0.05875000 0.05083300
2 0.53500000 0.84958300 0.05000000 0.04583300
2 0.60687500 0.88208300 0.05875000 0.05083300
2 0.77750000 0.87000000 0.05250000 0.07000000
2 0.66375000 0.34958300 0.06250000 0.03250000
0 0.65750000 0.36916700 0.09500000 0.13333300
0 0.73062500 0.39875000 0.04625000 0.11416700
0 0.47125000 0.87291700 0.04750000 0.19083300
0 0.51875000 0.86833300 0.05500000 0.12666700
0 0.60687500 0.88500000 0.09875000 0.15333300
0 0.77375000 0.87458300 0.07250000 0.15250000
