1 0.16614600 0.80664100 0.07395800 0.05234400
1 0.37760400 0.76093800 0.07395800 0.05781300
1 0.73750000 0.79414100 0.05208300 0.03203100
1 0.82031200 0.78398400 0.07187500 0.04765600
1 0.55937500 0.38398400 0.02291700 0.01171900
0 0.15416700 0.88476600 0.11875000 0.20078100
0 0.36510400 0.86406200 0.18437500 0.26406200
0 0.73697900 0.86406200 0.08020800 0.15625000
0 0.84739600 0.87734400 0.16145800 0.24531200
0 0.47343800 0.31132800 0.06979200 0.10390600
0 0.55572900 0.43906300 0.06354200 0.13125000
