1 0.70200000 0.54804800 0.04000000 0.03903900
1 0.63100000 0.54654700 0.03400000 0.03603600
1 0.56900000 0.58558600 0.03400000 0.03603600
1 0.42300000 0.54504500 0.03800000 0.03303300
1 0.35400000 0.55105100 0.04000000 0.03303300
1 0.28500000 0.53603600 0.04200000 0.03303300
0 0.70800000 0.74624600 0.07200000 0.42342300
0 0.63600000 0.73723700 0.06400000 0.44144100
0 0.57000000 0.75675700 0.06800000 0.39639600
0 0.49700000 0.74924900 0.07400000 0.39939900
0 0.42500000 0.73273300 0.07000000 0.42642600
0 0.35500000 0.73273300 0.06600000 0.41441400
0 0.28200000 0.72222200 0.08000000 0.41741700
