1 0.90500000 0.30930900 0.05800000 0.06006000
1 0.82400000 0.34834800 0.07200000 0.06606600
1 0.67200000 0.30330300 0.06400000 0.06006000
1 0.48100000 0.35435400 0.05400000 0.08408400
1 0.37800000 0.39039000 0.05200000 0.10210200
1 0.18100000 0.39789800 0.07000000 0.08108100
1 0.21400000 0.30030000 0.05600000 0.05405400
0 0.93500000 0.54054100 0.08600000 0.52252300
0 0.84700000 0.63964000 0.13800000 0.66666700
0 0.69300000 0.56906900 0.11800000 0.59759800
0 0.50100000 0.58258300 0.14200000 0.55855900
0 0.32800000 0.61261300 0.13600000 0.55255300
0 0.15800000 0.52252300 0.10400000 0.32432400
0 0.21400000 0.41891900 0.09200000 0.32732700
