1 0.24400000 0.66867500 0.10000000 0.11445800
1 0.36900000 0.58734900 0.03400000 0.03012000
1 0.52200000 0.58584300 0.02400000 0.02108400
1 0.56800000 0.61596400 0.03200000 0.03313300
1 0.85700000 0.39006000 0.09400000 0.08132500
2 0.89400000 0.61747000 0.14800000 0.24698800
2 0.60600000 0.68373500 0.04800000 0.07831300
2 0.50100000 0.65060200 0.04200000 0.09638600
2 0.22400000 0.88554200 0.14000000 0.19277100
0 0.22800000 0.80572300 0.16000000 0.38855400
0 0.36100000 0.64909600 0.07000000 0.15963900
0 0.50600000 0.64759000 0.06400000 0.15060200
0 0.59100000 0.68524100 0.08200000 0.16566300
0 0.89800000 0.60391600 0.17200000 0.52710800
