1 0.21600000 0.18893100 0.08000000 0.12595400
1 0.46200000 0.09923700 0.06800000 0.12213700
1 0.29200000 0.32633600 0.08000000 0.07251900
1 0.46400000 0.23091600 0.07600000 0.08015300
2 0.11900000 0.43511500 0.10600000 0.32824400
2 0.22800000 0.53053400 0.13200000 0.29771000
2 0.40500000 0.35496200 0.07400000 0.32824400
0 0.47900000 0.58587800 0.13800000 0.79007600
0 0.44000000 0.35496200 0.13600000 0.63358800
0 0.24000000 0.64503800 0.18800000 0.70992400
0 0.13900000 0.54007600 0.12200000 0.82061100
