1 0.06927100 0.37960300 0.04270800 0.08498600
1 0.12343800 0.43342800 0.04062500 0.06798900
1 0.17239600 0.34136000 0.03645800 0.05949000
1 0.21979200 0.45609100 0.03750000 0.07365400
1 0.24270800 0.31161500 0.03958300 0.05099200
1 0.28333300 0.38102000 0.03333300 0.05949000
1 0.34791700 0.27478800 0.03750000 0.06232300
1 0.32552100 0.42917800 0.03229200 0.05382400
1 0.38177100 0.36685600 0.02395800 0.05382400
1 0.42916700 0.30170000 0.02916700 0.05382400
1 0.43541700 0.44192600 0.03333300 0.05665700
1 0.47395800 0.34277600 0.02916700 0.06232300
1 0.52552100 0.44617600 0.03645800 0.06515600
1 0.56093700 0.35410800 0.03437500 0.06798900
1 0.58593800 0.29745000 0.02812500 0.04532600
1 0.63541700 0.39660100 0.04166700 0.07365400
2 0.04895800 0.65297500 0.03541700 0.26345600
2 0.11666700 0.72521200 0.06041700 0.32861200
2 0.22031200 0.72521200 0.06562500 0.28328600
2 0.32708300 0.70255000 0.06458300 0.27762000
2 0.43229200 0.71246500 0.06458300 0.26912200
2 0.52604200 0.71246500 0.06666700 0.29178500
2 0.63281200 0.65297500 0.07187500 0.28611900
2 0.37291700 0.52549600 0.03541700 0.08215300
2 0.27916700 0.63172800 0.04583300 0.27195500
0 0.05625000 0.56657200 0.06250000 0.47025500
0 0.12343800 0.64305900 0.06354200 0.48725200
0 0.17447900 0.43909300 0.05520800 0.27762000
0 0.21927100 0.71954675 0.05729200 0.56090650
0 0.24114600 0.36119000 0.04062500 0.14447600
0 0.27864600 0.44334300 0.03854200 0.18980200
0 0.33125000 0.70963200 0.06250000 0.56373900
0 0.34635400 0.34419300 0.04270800 0.19546700
0 0.38229200 0.47167100 0.03333300 0.26912200
0 0.44010400 0.71529700 0.06770800 0.56373900
0 0.42968800 0.32153000 0.04062500 0.12747900
0 0.47552100 0.41643100 0.03645800 0.23796000
0 0.52916700 0.71246475 0.06875000 0.57507050
0 0.56041700 0.39943300 0.03958300 0.17563700
0 0.58854200 0.37110500 0.04583300 0.20396600
0 0.63802100 0.69405100 0.08020800 0.61189800
