3 0.148325 0.225724 0.081659 0.077939
12 0.145933 0.216674 0.106220 0.096039
3 0.365710 0.227108 0.090909 0.083262
12 0.370494 0.218484 0.104306 0.103918
3 0.634769 0.215503 0.084211 0.079642
12 0.625837 0.207836 0.102711 0.098382
3 0.822488 0.231048 0.087081 0.078790
12 0.820255 0.221039 0.099841 0.097956
11 0.574960 0.512457 0.078788 0.073467
11 0.688676 0.363820 0.059330 0.045358
11 0.752153 0.500639 0.046571 0.044719
11 0.867464 0.471997 0.080702 0.063245
11 0.281021 0.383944 0.066348 0.048978
11 0.298565 0.397892 0.085486 0.048765
11 0.161244 0.400767 0.085167 0.060051
11 0.178469 0.435583 0.091547 0.033859
14 0.132057 0.780345 0.058054 0.078578
14 0.184848 0.771401 0.056459 0.073467
14 0.279107 0.778216 0.152472 0.098169
14 0.313876 0.876597 0.173525 0.099020
14 0.616746 0.751065 0.074322 0.123935
14 0.656619 0.798020 0.108134 0.091780
14 0.807815 0.728173 0.102392 0.118186
14 0.886762 0.790034 0.062520 0.118825
8 0.149123 0.226256 0.080702 0.023637
1 0.415949 0.220826 0.010845 0.030664
1 0.322169 0.219442 0.004466 0.019378
0 0.641946 0.504259 0.251675 0.678876
0 0.852313 0.510967 0.248804 0.675256
0 0.143062 0.494996 0.254864 0.653535
0 0.379107 0.548552 0.300797 0.761925
