11 0.432190 0.428768 0.013550 0.036440
11 0.434204 0.489745 0.028076 0.030580
12 0.501831 0.386468 0.039795 0.067936
3 0.491211 0.396631 0.017822 0.046512
0 0.477966 0.571599 0.115845 0.462003
14 0.270203 0.875114 0.054565 0.127083
14 0.303223 0.846090 0.032227 0.114814
14 0.488525 0.759568 0.033936 0.016480
14 0.504944 0.785570 0.053833 0.034426
6 0.504883 0.780443 0.044922 0.035158
6 0.481689 0.756089 0.017090 0.009156
9 0.210571 0.471159 0.019531 0.032961
0 0.267883 0.695660 0.133423 0.486358
