3 0.657841 0.443962 0.062211 0.041860
12 0.653646 0.411941 0.078125 0.104360
3 0.936921 0.458333 0.016204 0.019676
12 0.942998 0.455054 0.028356 0.028935
1 0.942564 0.459201 0.005498 0.008295
11 0.731771 0.494309 0.047454 0.051890
11 0.647425 0.513310 0.039641 0.029707
14 0.712818 0.864969 0.066262 0.061343
14 0.662905 0.830826 0.070023 0.035108
14 0.940249 0.636767 0.039641 0.016590
14 0.930700 0.630787 0.025752 0.011574
0 0.717014 0.632330 0.218750 0.530864
0 0.941985 0.542728 0.072049 0.211227
0 0.307870 0.460938 0.035301 0.045332
10 0.301505 0.441262 0.009259 0.007137
14 0.317853 0.473573 0.007812 0.006559
14 0.303241 0.475791 0.006944 0.007523
