14 0.023884 0.144792 0.047768 0.175000
14 0.093527 0.201860 0.103125 0.168304
14 0.193750 0.249554 0.100446 0.175893
14 0.296317 0.313914 0.098437 0.175149
14 0.543415 0.373065 0.086384 0.172024
14 0.646763 0.357068 0.095313 0.181696
14 0.733371 0.313170 0.098438 0.177232
14 0.838393 0.267932 0.089286 0.174256
14 0.152009 0.573661 0.100000 0.122619
14 0.271987 0.618378 0.097545 0.138839
14 0.399554 0.671057 0.097768 0.144494
14 0.531138 0.706399 0.092187 0.140179
14 0.655022 0.762723 0.238170 0.148958
14 0.834040 0.823810 0.224777 0.166369
14 0.803237 0.645238 0.098437 0.186310
14 0.693750 0.605655 0.120536 0.175595
14 0.669085 0.868378 0.107812 0.120089
14 0.130580 0.775149 0.111161 0.163690
14 0.273996 0.827679 0.118527 0.172321
14 0.433705 0.894494 0.092857 0.177083
