3 0.482739 0.358519 0.090336 0.173782
3 0.685461 0.356347 0.104951 0.182282
3 0.321217 0.268512 0.098148 0.192860
12 0.319768 0.234700 0.136072 0.261995
12 0.486897 0.327730 0.131662 0.240650
12 0.691067 0.309596 0.139095 0.278051
1 0.266158 0.223744 0.021041 0.058746
8 0.322792 0.244428 0.092982 0.086891
8 0.483180 0.345863 0.090462 0.054023
11 0.304334 0.503778 0.082021 0.094824
11 0.654529 0.571779 0.068036 0.111069
11 0.673239 0.564413 0.026332 0.053646
11 0.368590 0.716566 0.031876 0.048923
0 0.496472 0.480450 0.235227 0.543823
0 0.288900 0.425293 0.204107 0.645448
0 0.722250 0.395164 0.299483 0.463166
