12 0.471917 0.221500 0.085167 0.134000
12 0.226917 0.181750 0.095167 0.154500
3 0.454750 0.220625 0.048167 0.105750
3 0.257833 0.194250 0.027667 0.111500
1 0.482250 0.234000 0.019500 0.033000
11 0.423333 0.508500 0.054667 0.052000
11 0.402667 0.471750 0.027667 0.054000
11 0.285167 0.428375 0.036667 0.061250
11 0.305833 0.466750 0.053000 0.034000
8 0.456250 0.213000 0.041833 0.037000
14 0.388667 0.947500 0.089000 0.059500
14 0.476583 0.968500 0.075833 0.063000
14 0.255000 0.983625 0.078333 0.032750
0 0.448333 0.571875 0.207333 0.856250
0 0.235167 0.548750 0.186333 0.882500
