12 0.716548 0.446319 0.054174 0.045194
3 0.716696 0.452339 0.040853 0.033156
12 0.377442 0.376159 0.088810 0.083284
3 0.370337 0.388494 0.073416 0.058220
1 0.739935 0.454411 0.006217 0.012433
1 0.694494 0.456878 0.009473 0.010657
1 0.412522 0.392244 0.015690 0.012828
9 0.225429 0.387705 0.064831 0.046379
9 0.479870 0.656404 0.060391 0.065522
9 0.797513 0.580718 0.033748 0.040458
9 0.695826 0.599763 0.041149 0.040261
14 0.461516 0.918394 0.145056 0.059009
14 0.533748 0.860470 0.053286 0.113677
14 0.708407 0.744030 0.051510 0.026840
14 0.858496 0.650582 0.080521 0.029406
0 0.368857 0.637261 0.387211 0.606276
0 0.777975 0.590093 0.242155 0.335899
10 0.374926 0.357904 0.103316 0.047168
10 0.699970 0.624137 0.077857 0.040853
