12 0.357273 0.504112 0.050073 0.075110
12 0.500365 0.396107 0.032164 0.053180
12 0.742142 0.484649 0.014985 0.027412
3 0.351060 0.521930 0.032529 0.031798
3 0.742507 0.488213 0.010599 0.019189
1 0.344664 0.511787 0.008041 0.011513
1 0.495797 0.397478 0.006944 0.017544
8 0.360380 0.524397 0.013158 0.025768
8 0.743056 0.484101 0.010234 0.007675
11 0.243604 0.586623 0.026681 0.046053
11 0.286001 0.647478 0.019371 0.048246
11 0.763158 0.540022 0.008772 0.015351
11 0.715095 0.529879 0.006944 0.011513
14 0.510051 0.738761 0.046418 0.074013
14 0.545687 0.719298 0.033626 0.066886
14 0.732273 0.603893 0.012061 0.020285
14 0.746162 0.608553 0.009137 0.015351
14 0.237756 0.841283 0.066155 0.043311
14 0.300621 0.777138 0.058114 0.038925
7 0.313048 0.662281 0.212354 0.242325
7 0.482822 0.677083 0.048246 0.158991
7 0.717471 0.562226 0.013889 0.088268
0 0.287463 0.654331 0.189693 0.424890
0 0.739035 0.541393 0.059211 0.156250
16 0.279240 0.538377 0.124269 0.173246
16 0.534357 0.459430 0.095029 0.140351
16 0.740680 0.524671 0.032529 0.069079
0 0.533808 0.568805 0.110746 0.407346
0 0.121528 0.524397 0.009868 0.034539
