12 0.472987 0.548934 0.082968 0.140752
3 0.477022 0.568008 0.045080 0.103131
1 0.452991 0.532491 0.011752 0.029992
0 0.479126 0.541042 0.041221 0.047619
9 0.514033 0.819784 0.047886 0.059458
0 0.437029 0.736122 0.248904 0.527756
7 0.255569 0.702841 0.017190 0.148645
7 0.269690 0.719284 0.011402 0.112602
7 0.277671 0.697185 0.007016 0.059984
7 0.283722 0.696001 0.004736 0.058143
7 0.288721 0.691265 0.007367 0.050776
7 0.295738 0.699553 0.007718 0.066825
7 0.300824 0.704157 0.005262 0.077085
7 0.307753 0.684951 0.005788 0.036569
7 0.304157 0.775191 0.020698 0.022363
7 0.291703 0.768877 0.010875 0.060247
7 0.286441 0.769403 0.008770 0.059195
7 0.242764 0.773875 0.007367 0.037622
7 0.248904 0.686135 0.046658 0.105235
7 0.326083 0.762431 0.008420 0.047882
7 0.333713 0.758485 0.005788 0.037359
7 0.324329 0.686267 0.006315 0.036043
7 0.261533 0.853591 0.011226 0.030781
7 0.253113 0.857801 0.008420 0.026572
7 0.244519 0.859774 0.008420 0.028940
7 0.239695 0.863457 0.006490 0.025783
7 0.232854 0.866877 0.007893 0.024204
7 0.226715 0.870034 0.006841 0.026309
7 0.533327 0.799132 0.077355 0.121810
