12 0.144694 0.489115 0.056139 0.041122
12 0.411083 0.558539 0.038392 0.038220
3 0.407823 0.561925 0.027526 0.030963
12 0.530062 0.493832 0.038754 0.036526
3 0.526259 0.498791 0.030424 0.028060
12 0.545455 0.570513 0.047809 0.035559
3 0.535494 0.573537 0.026440 0.028544
12 0.785947 0.548621 0.054328 0.054669
11 0.568091 0.645743 0.020645 0.023948
11 0.373597 0.638486 0.012677 0.009918
11 0.178558 0.656265 0.026078 0.021287
1 0.544368 0.498670 0.007244 0.009918
1 0.121695 0.499274 0.009417 0.013546
1 0.168961 0.494920 0.006882 0.014998
0 0.528975 0.518021 0.093807 0.088292
0 0.404201 0.628568 0.099239 0.176826
0 0.548171 0.638849 0.093082 0.177552
0 0.826874 0.659047 0.200652 0.274069
11 0.741579 0.590590 0.029337 0.020561
14 0.513401 0.710087 0.023542 0.034591
14 0.551974 0.709603 0.047809 0.035559
14 0.391887 0.711538 0.030424 0.013304
14 0.369612 0.710571 0.023542 0.014272
14 0.883738 0.778423 0.057950 0.034833
14 0.851503 0.772254 0.044911 0.028786
14 0.078595 0.776609 0.058674 0.019110
0 0.126947 0.627358 0.156827 0.319545
