9 0.579825 0.354991 0.014148 0.014147
9 0.533799 0.385905 0.005939 0.011527
9 0.717031 0.359052 0.012576 0.020173
9 0.670131 0.409222 0.009607 0.033010
3 0.681135 0.327744 0.012052 0.021483
3 0.550830 0.323160 0.013450 0.020173
1 0.688210 0.324207 0.003843 0.008122
2 0.549170 0.314514 0.020961 0.029604
10 0.680087 0.316217 0.018690 0.018863
10 0.550480 0.311894 0.019039 0.021745
0 0.554148 0.377784 0.065153 0.154572
0 0.693013 0.384726 0.058865 0.152214
12 0.681834 0.324076 0.024629 0.031438
12 0.548297 0.316610 0.021310 0.034320
2 0.695197 0.315431 0.009432 0.015719
