12 0.393024 0.449369 0.034225 0.073492
3 0.396203 0.461851 0.028240 0.047966
12 0.693005 0.448948 0.033851 0.063114
3 0.688797 0.458485 0.025809 0.045161
1 0.703105 0.455540 0.007668 0.015708
9 0.325603 0.458766 0.027679 0.035063
9 0.430241 0.693969 0.022630 0.055540
9 0.735927 0.619355 0.024313 0.047125
9 0.680382 0.651332 0.022442 0.050491
14 0.402375 0.921318 0.030484 0.043478
14 0.445577 0.918794 0.036843 0.044039
14 0.791939 0.710799 0.049561 0.048247
14 0.699458 0.840673 0.019450 0.030856
0 0.732654 0.636045 0.167758 0.437868
0 0.387694 0.675316 0.152235 0.536606
10 0.692631 0.440673 0.039087 0.047125
10 0.392837 0.433801 0.043950 0.055259
