3 0.234398 0.450280 0.032096 0.049113
3 0.507700 0.336372 0.048630 0.126672
12 0.481439 0.332726 0.103096 0.148067
12 0.243638 0.439096 0.057059 0.074885
1 0.251662 0.451131 0.008591 0.016776
11 0.244205 0.541940 0.031285 0.035983
11 0.185605 0.563336 0.022046 0.036470
11 0.531042 0.703136 0.071000 0.097739
11 0.688523 0.386093 0.059167 0.106978
14 0.255714 0.942621 0.051062 0.047654
14 0.225725 0.937394 0.041984 0.038172
7 0.189334 0.457938 0.098233 0.182106
7 0.607149 0.535497 0.428108 0.929006
0 0.539553 0.594213 0.360999 0.771213
0 0.241692 0.683443 0.130329 0.562120
