12 0.621693 0.793899 0.027116 0.037698
12 0.720569 0.796751 0.031085 0.038938
3 0.718750 0.796875 0.023479 0.034226
3 0.623016 0.797495 0.021164 0.023065
11 0.616733 0.843626 0.013889 0.014137
11 0.634590 0.849454 0.011905 0.014881
16 0.622851 0.839782 0.069775 0.081349
16 0.716931 0.854291 0.074735 0.095982
14 0.607804 0.960565 0.029101 0.017857
14 0.643188 0.957465 0.031746 0.022569
14 0.689649 0.962426 0.021495 0.022073
14 0.719742 0.968626 0.024140 0.022073
0 0.626488 0.866443 0.083003 0.204613
0 0.717097 0.868304 0.101521 0.203373
