12 0.140100 0.540606 0.084346 0.169392
3 0.132327 0.560038 0.067370 0.131600
12 0.389743 0.589788 0.071480 0.149826
3 0.387241 0.611766 0.058613 0.103189
12 0.652430 0.595953 0.083989 0.151970
3 0.638402 0.606540 0.055575 0.130796
12 0.927001 0.591530 0.084882 0.157062
3 0.928878 0.611364 0.067906 0.116859
11 0.109185 0.843742 0.048249 0.068078
8 0.127859 0.548244 0.075590 0.042080
8 0.930843 0.608014 0.076841 0.036719
0 0.384203 0.697534 0.197999 0.362637
0 0.911901 0.694452 0.176197 0.363977
0 0.142691 0.670062 0.210686 0.427767
0 0.665833 0.697668 0.274124 0.367194
2 0.148678 0.533101 0.060758 0.147950
2 0.391083 0.594479 0.074518 0.150630
2 0.647248 0.587912 0.065046 0.120879
2 0.914850 0.595953 0.067370 0.149290
