12 0.571250 0.367500 0.112500 0.119667
12 0.352625 0.105500 0.090250 0.102000
1 0.615750 0.373000 0.017000 0.022667
1 0.534375 0.377750 0.005750 0.015167
1 0.390375 0.112667 0.008750 0.017667
4 0.568875 0.387500 0.100750 0.063667
4 0.361625 0.123917 0.087750 0.056833
9 0.249250 0.277917 0.040500 0.034167
9 0.424625 0.309417 0.066250 0.041500
11 0.561625 0.593667 0.087250 0.040000
11 0.472500 0.652250 0.035500 0.046167
14 0.511125 0.892583 0.101750 0.069167
14 0.674250 0.921250 0.061000 0.087167
14 0.337625 0.549833 0.108750 0.040667
14 0.437500 0.561583 0.089500 0.049833
7 0.412250 0.692250 0.392500 0.148500
0 0.602375 0.636333 0.308750 0.658667
0 0.367875 0.318917 0.277750 0.535500
10 0.352625 0.082750 0.089750 0.054167
10 0.570875 0.338250 0.111750 0.054167
