12 0.515875 0.217473 0.133750 0.305962
1 0.464125 0.243345 0.017750 0.050994
1 0.561875 0.249719 0.014750 0.053243
4 0.514750 0.294713 0.120000 0.190476
11 0.569500 0.790401 0.108500 0.107987
9 0.213000 0.065804 0.057500 0.130859
14 0.147500 0.767154 0.091000 0.122985
7 0.518000 0.865392 0.199500 0.266967
7 0.191375 0.142482 0.027250 0.107987
7 0.806750 0.601050 0.130000 0.610424
0 0.498250 0.533558 0.338000 0.932883
10 0.513750 0.133671 0.130000 0.135358
0 0.122250 0.413761 0.242000 0.826772
