12 0.534416 0.457599 0.037628 0.074890
3 0.543410 0.474532 0.019273 0.039372
12 0.765419 0.480727 0.017988 0.034692
3 0.768447 0.485545 0.011564 0.023954
12 0.863620 0.479488 0.023128 0.032764
3 0.868759 0.482517 0.012482 0.026707
12 0.969347 0.478662 0.007709 0.012941
1 0.537537 0.461454 0.005690 0.017070
1 0.760738 0.483480 0.003120 0.009361
0 0.520558 0.638354 0.160426 0.437500
0 0.759361 0.568007 0.080029 0.208700
0 0.855819 0.573238 0.084985 0.221916
14 0.460077 0.842511 0.039097 0.028084
14 0.577551 0.837555 0.045338 0.037445
14 0.787904 0.662445 0.022577 0.019273
14 0.734765 0.664235 0.022026 0.014593
14 0.820760 0.662583 0.013399 0.034416
14 0.885187 0.675385 0.026248 0.019273
14 0.957783 0.543089 0.008811 0.007434
11 0.543319 0.678139 0.015051 0.016520
11 0.425294 0.521889 0.012115 0.022852
11 0.861142 0.587693 0.007893 0.010738
0 0.965492 0.510600 0.025330 0.077919
0 0.564336 0.497109 0.035059 0.120870
0 0.405286 0.522577 0.052863 0.116189
