12 0.298652 0.295803 0.085971 0.093444
12 0.363794 0.255821 0.025526 0.041667
12 0.404738 0.278033 0.026138 0.048713
12 0.352461 0.313266 0.027772 0.054841
12 0.497856 0.312500 0.055544 0.094975
12 0.673576 0.269148 0.014499 0.028493
12 0.915458 0.336703 0.063712 0.094363
11 0.457117 0.547641 0.030835 0.050551
11 0.544823 0.532935 0.031448 0.045037
11 0.389524 0.424020 0.016949 0.020833
11 0.407801 0.294118 0.014703 0.030025
11 0.414846 0.314645 0.019400 0.026961
11 0.679702 0.333946 0.006330 0.020833
12 0.477639 0.291820 0.024096 0.049939
3 0.496222 0.331189 0.035940 0.058211
3 0.315193 0.318321 0.025934 0.047181
3 0.350827 0.327359 0.021646 0.029105
3 0.402696 0.282169 0.012252 0.027574
3 0.674086 0.271752 0.010619 0.020221
3 0.894017 0.342831 0.020829 0.073529
1 0.518276 0.320772 0.008985 0.020833
1 0.299980 0.320006 0.008168 0.027267
1 0.360833 0.328125 0.004493 0.012255
1 0.907801 0.337929 0.009189 0.025735
14 0.448642 0.837316 0.033898 0.061887
14 0.564427 0.737898 0.041658 0.073836
14 0.943231 0.901808 0.056769 0.070159
14 0.872371 0.859528 0.070247 0.076287
14 0.309884 0.965993 0.078620 0.053922
14 0.361956 0.910080 0.043088 0.046262
14 0.408413 0.488664 0.026547 0.015931
0 0.905044 0.615043 0.133960 0.655331
0 0.671840 0.335172 0.022463 0.162377
0 0.413825 0.375306 0.053298 0.251225
0 0.448846 0.309589 0.078415 0.111826
0 0.360527 0.405790 0.051664 0.231924
0 0.365938 0.287837 0.057178 0.108762
0 0.510517 0.563879 0.172759 0.610600
0 0.317439 0.619792 0.151317 0.751225
