12 0.484945 0.131366 0.107910 0.236690
3 0.479492 0.157118 0.093099 0.181713
11 0.414551 0.879630 0.091797 0.116319
11 0.608805 0.669994 0.044434 0.035012
1 0.437337 0.106192 0.012695 0.058449
1 0.517253 0.177662 0.023438 0.048611
0 0.437419 0.503762 0.387858 0.992477
7 0.658773 0.374566 0.065918 0.039062
7 0.601400 0.358218 0.011393 0.070023
7 0.598551 0.358362 0.012533 0.068576
7 0.596517 0.364728 0.010742 0.060475
7 0.594808 0.367188 0.009603 0.049769
7 0.591471 0.367332 0.011719 0.059317
7 0.588460 0.365741 0.012207 0.067708
7 0.585124 0.363137 0.013021 0.069444
7 0.581299 0.366464 0.013509 0.071470
7 0.578776 0.364294 0.015299 0.078704
7 0.574870 0.364439 0.016602 0.081887
7 0.569906 0.364005 0.016764 0.085069
7 0.564941 0.358362 0.018555 0.094618
7 0.560872 0.362124 0.018880 0.096933
7 0.556071 0.360677 0.019368 0.102720
7 0.550049 0.357639 0.021322 0.114583
7 0.542562 0.358362 0.021647 0.119502
7 0.536296 0.355324 0.024089 0.128472
7 0.583984 0.285446 0.022135 0.023438
7 0.575602 0.258681 0.033691 0.028356
7 0.582194 0.312500 0.018555 0.023727
7 0.531413 0.259693 0.024740 0.018229
7 0.548584 0.267940 0.020671 0.015625
7 0.535238 0.280093 0.027507 0.018519
7 0.551514 0.285446 0.023600 0.014757
