12 0.748264 0.242599 0.075841 0.133224
3 0.736202 0.266310 0.051352 0.086349
12 0.406341 0.248218 0.083151 0.115406
1 0.763432 0.277275 0.017361 0.024397
1 0.717379 0.232867 0.007127 0.022204
11 0.757767 0.535499 0.055007 0.024945
11 0.710344 0.548931 0.057749 0.028783
9 0.335435 0.559759 0.025037 0.057018
9 0.389985 0.514940 0.040936 0.058388
14 0.374726 0.836760 0.063048 0.080866
14 0.592562 0.701206 0.036367 0.048246
14 0.581963 0.574973 0.089730 0.065515
0 0.462628 0.533717 0.327668 0.686404
0 0.680281 0.449973 0.212537 0.548520
7 0.811860 0.621299 0.027595 0.026590
7 0.749543 0.639940 0.048794 0.036458
7 0.694719 0.648575 0.037098 0.031250
7 0.377193 0.587445 0.110380 0.148575
