12 0.597509 0.427966 0.065320 0.152542
12 0.205592 0.320092 0.089756 0.142302
12 0.064850 0.381003 0.082237 0.136299
3 0.599742 0.468220 0.047697 0.065678
11 0.545935 0.513948 0.049577 0.075212
9 0.697486 0.822210 0.047227 0.085099
11 0.193961 0.780014 0.040179 0.043785
8 0.601269 0.451624 0.045583 0.021893
10 0.053219 0.373058 0.090461 0.090749
10 0.598802 0.393715 0.082472 0.091102
10 0.273614 0.373588 0.080592 0.094633
9 0.225564 0.747352 0.052162 0.063206
10 0.198426 0.305968 0.089051 0.104167
16 0.584234 0.641596 0.169878 0.284605
16 0.310503 0.599929 0.056626 0.295904
16 0.225916 0.585629 0.158130 0.339336
16 0.055216 0.603107 0.110432 0.253531
0 0.590343 0.657309 0.243656 0.652189
