12 0.018585 0.623195 0.010466 0.012512
12 0.062252 0.620669 0.014796 0.012753
12 0.102310 0.622834 0.010466 0.010828
12 0.142187 0.623195 0.011548 0.012512
12 0.171418 0.622714 0.010826 0.013474
12 0.438289 0.617661 0.011909 0.012031
12 0.356550 0.598893 0.017322 0.010587
12 0.239264 0.477021 0.010826 0.010346
12 0.333273 0.458133 0.010466 0.012031
12 0.387947 0.447425 0.010105 0.011790
12 0.708409 0.613090 0.011548 0.011550
12 0.736016 0.614774 0.010466 0.012031
12 0.754782 0.620910 0.010466 0.012271
12 0.816131 0.619346 0.009744 0.012031
12 0.872068 0.622714 0.009744 0.013956
12 0.910141 0.619586 0.009383 0.014437
5 0.018585 0.625602 0.009744 0.007700
5 0.058463 0.623316 0.007939 0.007940
5 0.101588 0.625361 0.009744 0.006256
5 0.141646 0.626323 0.009744 0.006256
5 0.171057 0.625241 0.010105 0.006497
5 0.239625 0.478585 0.008661 0.004812
5 0.387766 0.449350 0.009022 0.006978
5 0.333273 0.460419 0.009744 0.007459
5 0.438289 0.620669 0.011909 0.007459
5 0.357091 0.600577 0.008300 0.006256
5 0.754962 0.622955 0.009383 0.007700
5 0.708409 0.615857 0.010105 0.006978
5 0.815770 0.621872 0.009022 0.007940
5 0.872068 0.625722 0.009022 0.007459
5 0.909960 0.623677 0.009744 0.007218
3 0.736738 0.615255 0.008300 0.009143
14 0.008661 0.681785 0.011548 0.007940
14 0.029953 0.681184 0.010105 0.007700
14 0.046012 0.679259 0.014074 0.007700
14 0.073981 0.680823 0.009383 0.008422
14 0.090220 0.681184 0.012270 0.006737
14 0.113316 0.679981 0.008661 0.009143
14 0.128293 0.679981 0.012631 0.007700
14 0.145435 0.680582 0.007939 0.007940
14 0.157524 0.680101 0.011909 0.006497
14 0.185673 0.679740 0.011187 0.008662
14 0.691628 0.672642 0.008300 0.007459
14 0.714904 0.671198 0.007218 0.006497
14 0.719415 0.674086 0.013353 0.009865
14 0.736918 0.673484 0.008661 0.009625
14 0.743053 0.675890 0.009383 0.009625
14 0.765969 0.676973 0.010466 0.008422
14 0.897149 0.683470 0.008661 0.009384
14 0.878022 0.683951 0.009383 0.007459
14 0.859798 0.683951 0.009022 0.006978
14 0.834536 0.682387 0.008300 0.007700
14 0.813064 0.682387 0.008661 0.007700
14 0.237820 0.533927 0.008661 0.007700
14 0.253879 0.530799 0.006857 0.008181
14 0.372790 0.501564 0.010105 0.005534
14 0.400217 0.500962 0.010105 0.005294
16 0.018405 0.637873 0.030314 0.026949
16 0.062974 0.637031 0.030675 0.025746
16 0.101588 0.639076 0.024901 0.025024
16 0.138759 0.640038 0.027788 0.028393
16 0.171960 0.636670 0.026344 0.027430
16 0.240527 0.491578 0.024179 0.023580
16 0.357452 0.612849 0.024901 0.025987
16 0.437568 0.631858 0.030675 0.024062
16 0.708589 0.628970 0.026344 0.025987
16 0.732948 0.631136 0.021653 0.021174
16 0.754782 0.635467 0.032840 0.027911
16 0.906532 0.636429 0.023096 0.027430
16 0.871346 0.639918 0.025623 0.029115
9 0.057200 0.644731 0.009022 0.007459
9 0.103031 0.647377 0.007578 0.006497
9 0.088416 0.652069 0.006496 0.008181
9 0.747564 0.621872 0.004691 0.008422
9 0.762360 0.622834 0.004691 0.008903
9 0.032840 0.644370 0.005774 0.009143
11 0.145074 0.637271 0.005774 0.006015
11 0.130458 0.634625 0.005413 0.005053
11 0.232768 0.481954 0.004331 0.007700
11 0.323349 0.460178 0.006496 0.006978
11 0.361422 0.473893 0.004691 0.007940
11 0.354565 0.454042 0.006135 0.004812
11 0.419885 0.452478 0.006135 0.006497
11 0.357272 0.609721 0.007218 0.006737
11 0.351498 0.608518 0.004331 0.006256
11 0.434139 0.627045 0.005052 0.007218
11 0.439011 0.626564 0.005413 0.006256
11 0.728979 0.621270 0.005052 0.007700
11 0.690906 0.641843 0.006135 0.006497
14 0.346806 0.650144 0.008661 0.007700
14 0.362324 0.650746 0.006496 0.006497
14 0.424035 0.678417 0.010105 0.005534
14 0.446770 0.677815 0.009383 0.006256
0 0.018585 0.650626 0.035727 0.071222
0 0.059004 0.647979 0.040058 0.069779
0 0.101047 0.649783 0.033923 0.070500
0 0.137315 0.649543 0.031397 0.068576
0 0.171418 0.650265 0.040419 0.067613
0 0.355828 0.623556 0.028149 0.060395
0 0.437387 0.646415 0.037532 0.069538
0 0.240346 0.504572 0.033923 0.065929
0 0.337604 0.483758 0.052328 0.057507
0 0.387405 0.474976 0.071815 0.064485
0 0.905269 0.649062 0.024901 0.078200
0 0.869361 0.651708 0.029592 0.072907
0 0.819740 0.650024 0.037892 0.072907
0 0.754601 0.647738 0.032479 0.066410
0 0.728437 0.644490 0.030675 0.069538
0 0.704439 0.640520 0.034645 0.072185
