12 0.135964 0.393862 0.271927 0.451589
12 0.628632 0.237669 0.150893 0.279503
12 0.892562 0.251553 0.214876 0.459993
3 0.622367 0.274388 0.118635 0.200950
3 0.852039 0.326087 0.083711 0.297041
1 0.684617 0.257764 0.031991 0.080745
1 0.884164 0.316222 0.043988 0.142126
11 0.436284 0.757764 0.083444 0.124954
11 0.630499 0.726708 0.142362 0.111071
11 0.484671 0.941176 0.093308 0.117647
11 0.412823 0.838875 0.035990 0.089149
8 0.822581 0.312020 0.061050 0.099379
0 0.813516 0.500183 0.372967 0.999635
0 0.582911 0.438254 0.461477 0.755937
