11 0.370081 0.503183 0.082755 0.114005
11 0.301312 0.598669 0.164738 0.235532
7 0.567901 0.437355 0.382716 0.462674
0 0.205247 0.498698 0.408951 0.996817
7 0.218364 0.156250 0.067901 0.197917
7 0.280671 0.282118 0.044753 0.212384
7 0.422164 0.253328 0.094715 0.382234
7 0.921393 0.428096 0.064622 0.281539
7 0.693094 0.306568 0.062114 0.374132
7 0.602913 0.144531 0.071952 0.288484
7 0.625965 0.149016 0.058642 0.297454
7 0.496624 0.169705 0.053048 0.338831
7 0.804977 0.259693 0.066358 0.518808
7 0.338349 0.824508 0.187500 0.125868
7 0.438175 0.868200 0.217014 0.117766
