12 0.252335 0.481201 0.212049 0.166016
3 0.296100 0.512512 0.123787 0.102173
12 0.809650 0.430969 0.207105 0.171265
3 0.757004 0.469910 0.102179 0.094116
11 0.373558 0.748230 0.109870 0.055786
11 0.442501 0.761963 0.080388 0.060547
1 0.222945 0.512512 0.037539 0.030151
11 0.565647 0.747009 0.081670 0.065552
11 0.597784 0.750244 0.102728 0.063965
1 0.812763 0.437988 0.026918 0.043457
10 0.255173 0.454468 0.227614 0.115234
10 0.793628 0.382263 0.262589 0.097046
16 0.279436 0.731506 0.348654 0.343140
8 0.632851 0.789917 0.033693 0.023438
0 0.280901 0.697571 0.478301 0.604858
0 0.762772 0.667114 0.474455 0.665771
9 0.554935 0.786865 0.058780 0.055664
