12 0.651730 0.316937 0.187242 0.363040
3 0.642045 0.398341 0.150310 0.190201
1 0.704545 0.382716 0.025310 0.050154
11 0.542872 0.475887 0.103306 0.158565
10 0.651989 0.069444 0.128874 0.138117
10 0.638042 0.248264 0.211519 0.199460
14 0.853048 0.545332 0.129132 0.162423
14 0.959582 0.536844 0.080837 0.177083
14 0.957645 0.813850 0.084711 0.215664
14 0.955449 0.263503 0.089101 0.193673
14 0.839747 0.268519 0.106663 0.193673
14 0.850852 0.047647 0.103564 0.094522
14 0.961906 0.041860 0.075671 0.082948
16 0.450026 0.309992 0.240961 0.619213
0 0.641529 0.570602 0.543388 0.858796
15 0.215005 0.501157 0.429494 0.997685
