12 0.220433 0.361017 0.044256 0.083616
3 0.219680 0.371751 0.037100 0.057062
12 0.418644 0.361582 0.047834 0.093785
3 0.412806 0.383051 0.030132 0.045763
12 0.572881 0.321751 0.048964 0.101695
3 0.573446 0.340537 0.036535 0.061864
12 0.620716 0.320763 0.051224 0.090678
8 0.220245 0.362571 0.034840 0.017797
8 0.410452 0.375706 0.025424 0.019209
8 0.573164 0.324576 0.036347 0.021469
11 0.236158 0.526554 0.016573 0.022599
11 0.380320 0.479944 0.025424 0.036158
11 0.553484 0.434322 0.028249 0.029096
14 0.609793 0.867090 0.061394 0.047740
14 0.675706 0.861723 0.045198 0.047175
14 0.255932 0.801271 0.046328 0.031921
14 0.413936 0.794915 0.044444 0.031638
14 0.386629 0.796186 0.024859 0.021186
14 0.519962 0.839831 0.026742 0.028814
14 0.575047 0.839972 0.015254 0.021186
1 0.427684 0.371469 0.006780 0.016949
1 0.555556 0.331073 0.003766 0.018644
1 0.601601 0.338136 0.003578 0.017514
10 0.220716 0.341243 0.043691 0.040678
10 0.417702 0.341808 0.052354 0.053107
10 0.572599 0.299153 0.048776 0.055932
10 0.620998 0.314266 0.051412 0.075424
15 0.220151 0.596469 0.111864 0.412147
15 0.439925 0.592514 0.090395 0.411582
15 0.546139 0.594350 0.088136 0.494915
15 0.633710 0.612006 0.137853 0.504237
0 0.218079 0.560169 0.116761 0.487006
0 0.426177 0.553531 0.114878 0.480508
0 0.632203 0.580085 0.141243 0.620056
0 0.552731 0.561864 0.102825 0.594915
