12 0.397750 0.143795 0.170000 0.287589
12 0.751500 0.365767 0.150500 0.221597
3 0.725000 0.410949 0.091000 0.123735
3 0.395500 0.218223 0.118000 0.131984
1 0.326375 0.155418 0.022250 0.061867
1 0.775625 0.418448 0.028250 0.048744
11 0.439250 0.724409 0.094000 0.113986
11 0.501875 0.721410 0.071750 0.129734
11 0.634875 0.460817 0.048250 0.135733
11 0.646125 0.483690 0.064750 0.147732
8 0.729375 0.387514 0.097250 0.122610
7 0.487250 0.783840 0.027500 0.046869
7 0.505250 0.746532 0.013500 0.107987
7 0.193625 0.886389 0.049750 0.101987
7 0.176500 0.895951 0.143000 0.077615
7 0.262625 0.890701 0.092250 0.115861
2 0.815500 0.922572 0.170500 0.154856
0 0.661125 0.518560 0.311250 0.503937
0 0.368000 0.396888 0.342000 0.793776
