12 0.314750 0.686333 0.084000 0.068667
12 0.645500 0.681500 0.109500 0.082000
3 0.617125 0.693833 0.052750 0.057333
11 0.443000 0.702667 0.044500 0.051000
11 0.439500 0.824667 0.037500 0.045667
11 0.480250 0.814333 0.035500 0.022667
12 0.447500 0.854583 0.081000 0.057167
3 0.439875 0.866333 0.057250 0.033667
1 0.649375 0.690500 0.013250 0.021333
6 0.369125 0.907500 0.080250 0.019333
14 0.358375 0.913333 0.116750 0.028667
0 0.614625 0.774083 0.389250 0.271500
0 0.312000 0.788917 0.324500 0.274500
