3 0.475160 0.402404 0.019231 0.040865
1 0.540946 0.397236 0.022917 0.036779
12 0.541186 0.390505 0.026923 0.052163
12 0.477965 0.394591 0.042468 0.061779
1 0.554167 0.394712 0.003526 0.014904
12 0.529647 0.397115 0.004487 0.013462
11 0.508974 0.585938 0.013782 0.041106
11 0.498558 0.577524 0.008654 0.033894
11 0.586939 0.584135 0.017468 0.029327
11 0.429327 0.504808 0.016667 0.027885
14 0.529327 0.746514 0.027244 0.035817
14 0.484054 0.735577 0.014904 0.036538
14 0.460016 0.730649 0.012340 0.037740
7 0.578846 0.605529 0.043269 0.144231
7 0.440946 0.503966 0.062019 0.314183
0 0.547115 0.562139 0.098077 0.405048
0 0.464663 0.559255 0.087660 0.396394
