12 0.452816 0.300966 0.134450 0.234367
12 0.812955 0.345196 0.151531 0.225724
3 0.427617 0.337062 0.078640 0.159126
3 0.780145 0.366675 0.083206 0.171581
1 0.826991 0.371886 0.021985 0.049822
1 0.466684 0.313421 0.019449 0.055414
8 0.776932 0.357270 0.071030 0.054652
11 0.878234 0.930986 0.080839 0.138027
11 0.209031 0.674377 0.102148 0.069649
11 0.231355 0.639171 0.076780 0.018048
11 0.667597 0.782283 0.056655 0.037367
0 0.362929 0.589476 0.408253 0.821047
0 0.788094 0.616040 0.423812 0.767921
