12 0.457875 0.219723 0.142250 0.284214
12 0.695250 0.084552 0.160500 0.169104
3 0.448000 0.285339 0.110500 0.147732
3 0.678125 0.075366 0.114750 0.150731
3 0.332875 0.779715 0.041750 0.082115
1 0.391000 0.197038 0.011500 0.053618
1 0.733125 0.014248 0.024750 0.028496
1 0.509375 0.247282 0.017750 0.047619
11 0.284750 0.759280 0.071500 0.113986
11 0.214250 0.944319 0.121000 0.094863
11 0.409000 0.877953 0.051000 0.065617
11 0.444250 0.935133 0.113000 0.129734
9 0.597875 0.392951 0.089750 0.125984
9 0.644250 0.395388 0.148500 0.157855
7 0.287875 0.810086 0.095250 0.109111
7 0.377625 0.904012 0.069750 0.107987
16 0.413000 0.472066 0.240500 0.560180
16 0.777625 0.431946 0.330250 0.732658
0 0.757250 0.484627 0.389500 0.969254
0 0.369500 0.534308 0.394000 0.931384
