12 0.288000 0.557250 0.014333 0.027000
3 0.290000 0.565375 0.008667 0.010750
12 0.355917 0.552250 0.014500 0.032000
3 0.356083 0.560875 0.009167 0.012750
12 0.516000 0.497375 0.009000 0.018750
12 0.578417 0.443125 0.011833 0.026250
3 0.578417 0.449750 0.006833 0.012000
12 0.656083 0.422375 0.008500 0.015250
12 0.921917 0.434000 0.013500 0.027500
3 0.922500 0.440750 0.008667 0.012000
11 0.296000 0.604875 0.007333 0.012750
11 0.340250 0.600875 0.007167 0.009750
11 0.383417 0.602875 0.007167 0.007750
11 0.526000 0.511375 0.004333 0.006750
11 0.590333 0.491250 0.005000 0.010000
11 0.570500 0.497500 0.005000 0.007500
11 0.914083 0.480250 0.006833 0.011000
14 0.937750 0.482250 0.011167 0.013000
14 0.926917 0.482625 0.013167 0.010750
15 0.295250 0.587875 0.040167 0.048250
15 0.366917 0.579750 0.047500 0.057500
15 0.521500 0.509750 0.028000 0.032500
15 0.576250 0.495000 0.031500 0.095000
15 0.660250 0.457750 0.015167 0.061000
15 0.933333 0.458875 0.038667 0.051250
10 0.287833 0.552875 0.013333 0.018750
10 0.355500 0.549250 0.014333 0.023000
10 0.516000 0.495500 0.008333 0.014500
10 0.577250 0.438375 0.012500 0.016250
10 0.656000 0.420125 0.007333 0.011750
10 0.921833 0.432375 0.014000 0.020250
0 0.363833 0.570875 0.054333 0.074250
0 0.295000 0.576875 0.041000 0.069750
0 0.577000 0.486125 0.033000 0.112750
0 0.931167 0.455750 0.043333 0.067500
0 0.660417 0.450750 0.015167 0.074500
0 0.521250 0.506500 0.028833 0.040500
