12 0.694712 0.462019 0.018910 0.025962
12 0.427163 0.677043 0.022276 0.028606
9 0.463862 0.703966 0.012019 0.013221
14 0.437740 0.831130 0.016506 0.041106
14 0.450321 0.845072 0.014103 0.040625
14 0.705208 0.589183 0.011058 0.035577
14 0.733093 0.606010 0.025481 0.023558
15 0.707612 0.531010 0.057532 0.138942
15 0.437500 0.751683 0.057372 0.129808
0 0.439663 0.763221 0.061058 0.204808
10 0.427324 0.672596 0.021314 0.019712
10 0.694952 0.456971 0.019071 0.017308
0 0.712179 0.531971 0.066667 0.170192
