3 0.187357 0.219841 0.037286 0.075852
12 0.178786 0.210521 0.055286 0.095779
3 0.460000 0.398007 0.034857 0.063638
12 0.457071 0.388472 0.041571 0.080566
3 0.570286 0.385258 0.030000 0.058282
12 0.575500 0.374973 0.045286 0.078852
3 0.706214 0.418149 0.033571 0.076066
12 0.720429 0.412363 0.063714 0.087208
1 0.441643 0.402186 0.009286 0.017142
8 0.459857 0.395222 0.035143 0.013928
1 0.586500 0.393400 0.007571 0.014999
1 0.727929 0.418149 0.011000 0.022498
8 0.712643 0.406792 0.040714 0.025498
11 0.188214 0.368331 0.034143 0.031283
11 0.200286 0.353760 0.029143 0.041140
11 0.481143 0.511249 0.013714 0.030855
11 0.560714 0.507285 0.022286 0.034069
11 0.622857 0.508464 0.032857 0.029141
11 0.635500 0.548211 0.027000 0.031926
14 0.263857 0.800193 0.038857 0.049925
14 0.187214 0.793765 0.031857 0.060639
14 0.547000 0.797729 0.056571 0.048854
14 0.613929 0.782087 0.054714 0.037283
14 0.529571 0.761088 0.026000 0.043283
14 0.515286 0.770838 0.031429 0.042211
7 0.641929 0.471502 0.009286 0.023355
0 0.575357 0.537926 0.108714 0.404328
0 0.191571 0.494215 0.184286 0.661453
0 0.478500 0.567924 0.135857 0.446754
0 0.640500 0.594279 0.242714 0.450611
3 0.243214 0.401650 0.027571 0.117634
11 0.248357 0.372402 0.002714 0.007714
11 0.245714 0.365760 0.002286 0.009856
12 0.241000 0.353760 0.012000 0.019284
3 0.244357 0.354832 0.005000 0.015427
1 0.240929 0.354939 0.001857 0.004500
14 0.250000 0.452968 0.010286 0.011142
14 0.241786 0.452753 0.009000 0.011571
