3 0.222640 0.382564 0.064112 0.063022
3 0.384798 0.377382 0.072377 0.065028
3 0.591034 0.367436 0.064112 0.064527
3 0.797771 0.381561 0.070874 0.063022
12 0.797395 0.372618 0.087653 0.081578
12 0.581643 0.359244 0.087403 0.081244
12 0.387052 0.371113 0.081392 0.078903
12 0.221513 0.374875 0.083396 0.079071
11 0.229276 0.544634 0.072878 0.025744
11 0.208114 0.515881 0.073629 0.042126
11 0.340095 0.591190 0.053093 0.037947
11 0.342600 0.548061 0.079639 0.060013
11 0.629977 0.506854 0.046331 0.049482
11 0.646006 0.472083 0.045329 0.037111
11 0.749311 0.552742 0.064613 0.033266
11 0.860381 0.535356 0.078888 0.063022
14 0.202855 0.818455 0.042575 0.068539
14 0.248560 0.809010 0.042324 0.062688
14 0.311796 0.815864 0.119209 0.083083
14 0.337841 0.915664 0.133734 0.102474
14 0.576759 0.803745 0.062109 0.106319
14 0.626972 0.841441 0.063361 0.085089
14 0.723892 0.802742 0.082895 0.100635
14 0.806662 0.839853 0.050088 0.095955
8 0.222389 0.382397 0.062109 0.023905
1 0.424493 0.374290 0.009517 0.025075
0 0.608189 0.599549 0.203105 0.559178
0 0.790383 0.605400 0.234911 0.562187
0 0.208365 0.592946 0.203857 0.513206
