11 0.452430 0.706343 0.052983 0.034096
11 0.479843 0.702350 0.038701 0.030103
11 0.593642 0.709261 0.049297 0.044540
11 0.684059 0.710797 0.044921 0.041775
12 0.482608 0.491860 0.072794 0.068039
1 0.450127 0.488865 0.007372 0.017509
1 0.507947 0.507065 0.007832 0.009369
3 0.480534 0.500307 0.061276 0.051451
12 0.619212 0.464752 0.077402 0.066042
3 0.620364 0.469820 0.060355 0.055905
1 0.653075 0.473046 0.008754 0.015666
1 0.585464 0.470127 0.009906 0.015051
0 0.420295 0.717939 0.265146 0.518661
0 0.646625 0.705345 0.217001 0.535248
14 0.316402 0.938796 0.057360 0.077561
14 0.454043 0.928736 0.044229 0.076179
14 0.582585 0.933113 0.081087 0.049608
14 0.728404 0.948549 0.052522 0.049148
