12 0.592754 0.586270 0.060010 0.047207
12 0.587276 0.307596 0.059512 0.048039
11 0.689866 0.508893 0.033616 0.035406
11 0.603088 0.501662 0.040837 0.022274
11 0.609935 0.437001 0.029631 0.023936
11 0.575199 0.271277 0.029382 0.022606
14 0.631723 0.877660 0.072211 0.028923
14 0.658367 0.815908 0.063745 0.020778
14 0.673929 0.451047 0.054532 0.017453
1 0.606449 0.309674 0.010209 0.012633
7 0.638073 0.488697 0.038098 0.057846
0 0.621140 0.691572 0.179532 0.406416
0 0.644173 0.360622 0.191733 0.197640
