11 0.143719 0.388770 0.027337 0.032967
11 0.168141 0.396006 0.016281 0.034575
11 0.266131 0.492361 0.020503 0.030019
11 0.327136 0.403645 0.034372 0.027339
11 0.449246 0.372286 0.033769 0.032699
12 0.163116 0.235996 0.046030 0.086036
3 0.166533 0.245377 0.038794 0.067274
12 0.316281 0.243232 0.047236 0.073171
3 0.319095 0.248459 0.035578 0.061646
12 0.451156 0.272983 0.052864 0.074243
3 0.437889 0.281694 0.025126 0.055749
1 0.298191 0.249397 0.006231 0.019030
1 0.452764 0.280220 0.006231 0.019566
1 0.145427 0.239346 0.003417 0.020906
14 0.477889 0.721254 0.026332 0.036451
14 0.424121 0.728893 0.035377 0.039400
14 0.322211 0.726213 0.033769 0.031895
14 0.278593 0.697266 0.030151 0.062450
14 0.143920 0.730769 0.023719 0.057625
14 0.161709 0.722192 0.022714 0.048512
0 0.147236 0.476146 0.130854 0.567944
0 0.307940 0.474940 0.121809 0.534441
0 0.459397 0.490217 0.106734 0.518360
0 0.698191 0.485527 0.126834 0.527741
0 0.811055 0.472795 0.140704 0.525864
0 0.952161 0.473198 0.095678 0.559904
14 0.797889 0.725007 0.040804 0.052533
14 0.822915 0.695390 0.038191 0.058161
14 0.949648 0.707451 0.036784 0.078531
11 0.798995 0.403377 0.045025 0.039132
11 0.857789 0.490083 0.017085 0.032967
11 0.974372 0.397615 0.021106 0.039936
11 0.990452 0.391450 0.019095 0.039400
3 0.796583 0.255427 0.039397 0.060038
3 0.963618 0.253283 0.041005 0.057357
12 0.794472 0.253283 0.061709 0.086840
12 0.965025 0.250335 0.065930 0.110962
