12 0.438508 0.110000 0.128609 0.123500
12 0.089989 0.331750 0.179228 0.160500
3 0.436445 0.116750 0.101987 0.099500
3 0.148294 0.339750 0.061867 0.106500
1 0.496438 0.110000 0.013498 0.036500
1 0.391264 0.123125 0.018373 0.026250
1 0.129359 0.346500 0.017248 0.047500
11 0.614548 0.439000 0.053993 0.065500
11 0.279340 0.450750 0.063742 0.050500
11 0.249906 0.907500 0.072366 0.093500
7 0.442445 0.212625 0.149231 0.126250
7 0.120922 0.503375 0.241095 0.194250
0 0.156730 0.623250 0.312711 0.753500
0 0.465317 0.399625 0.417698 0.726750
14 0.554743 0.727375 0.122610 0.064250
14 0.385077 0.665625 0.080990 0.037750
