12 0.476486 0.682346 0.012403 0.023616
12 0.533204 0.379210 0.006977 0.012776
12 0.393669 0.329849 0.006460 0.012389
12 0.401421 0.298684 0.005426 0.009679
3 0.401809 0.299458 0.004134 0.008130
14 0.475452 0.768680 0.011370 0.013550
14 0.478553 0.781456 0.007235 0.012776
14 0.335271 0.537940 0.007494 0.008130
14 0.331266 0.529423 0.004134 0.006581
14 0.367442 0.499419 0.005685 0.006969
14 0.359561 0.508517 0.003876 0.007356
0 0.481395 0.730159 0.028941 0.119241
9 0.487468 0.722416 0.008010 0.015486
0 0.529199 0.403020 0.016021 0.064266
0 0.332817 0.506001 0.021189 0.072784
0 0.362016 0.489934 0.019638 0.047619
0 0.402196 0.319009 0.012661 0.049555
0 0.439922 0.280294 0.011628 0.029423
0 0.394057 0.333914 0.013953 0.021293
0 0.551680 0.346496 0.015504 0.063492
0 0.559044 0.393535 0.016279 0.078591
