12 0.210250 0.356018 0.174000 0.415073
12 0.637375 0.314023 0.196250 0.448819
3 0.635875 0.382640 0.169250 0.298838
3 0.200875 0.427447 0.144250 0.255718
1 0.726875 0.323397 0.019750 0.100862
1 0.286500 0.377203 0.026500 0.092238
11 0.766000 0.720847 0.165500 0.237345
11 0.730625 0.924259 0.209750 0.151481
11 0.040250 0.514061 0.080000 0.201725
8 0.630500 0.366517 0.175000 0.133858
8 0.194625 0.421447 0.176750 0.129734
7 0.741000 0.806712 0.029000 0.143607
7 0.035750 0.668354 0.055500 0.333333
0 0.162000 0.574803 0.323500 0.850394
0 0.718500 0.544807 0.419500 0.910386
