12 0.654333 0.197750 0.056000 0.096500
12 0.407833 0.446000 0.047000 0.075000
3 0.412833 0.467000 0.036333 0.034000
3 0.667500 0.219500 0.014333 0.039000
1 0.653000 0.194000 0.008667 0.018000
1 0.419333 0.449000 0.011333 0.016000
11 0.697667 0.450500 0.024000 0.055000
9 0.479333 0.534500 0.030667 0.063000
9 0.425833 0.622500 0.033667 0.044000
0 0.517500 0.521750 0.261667 0.248500
0 0.592833 0.405000 0.236333 0.504000
6 0.500167 0.646000 0.044333 0.033000
6 0.647667 0.561250 0.021333 0.031500
6 0.677833 0.572500 0.054333 0.031000
14 0.679833 0.574250 0.060333 0.042500
14 0.642833 0.561500 0.018333 0.026000
14 0.499667 0.651250 0.049333 0.036500
