12 0.484576 0.332669 0.069459 0.155378
12 0.702451 0.440699 0.086006 0.168557
12 0.272217 0.467974 0.086415 0.152620
3 0.691420 0.454337 0.061491 0.135152
3 0.488151 0.361017 0.054545 0.084585
3 0.282431 0.475636 0.064351 0.123812
1 0.244433 0.485749 0.020633 0.034324
1 0.519714 0.325621 0.006129 0.024211
1 0.729622 0.458933 0.017773 0.034631
11 0.341675 0.691235 0.057814 0.080601
11 0.632789 0.691542 0.040654 0.035244
11 0.626864 0.726019 0.071706 0.063132
0 0.720225 0.562366 0.180388 0.423537
0 0.506639 0.449280 0.160981 0.388599
0 0.272217 0.565890 0.206537 0.389519
