12 0.109897 0.483742 0.032161 0.061834
3 0.109808 0.489606 0.022743 0.049041
12 0.515370 0.203891 0.031450 0.061301
3 0.516702 0.206557 0.025586 0.055970
12 0.720949 0.382329 0.050995 0.090352
3 0.723881 0.390325 0.034115 0.073294
14 0.158227 0.885794 0.023632 0.027985
14 0.524254 0.627532 0.045309 0.029584
14 0.488095 0.629398 0.027008 0.031716
14 0.747512 0.966418 0.042289 0.038913
14 0.703181 0.969350 0.030739 0.037846
11 0.088930 0.588886 0.019367 0.032783
11 0.114872 0.657783 0.023632 0.033582
11 0.765814 0.592084 0.029495 0.047175
11 0.721215 0.622868 0.028429 0.055437
11 0.522033 0.394323 0.025231 0.040245
11 0.532516 0.412846 0.018124 0.028252
0 0.120824 0.676306 0.098436 0.447495
0 0.512349 0.408982 0.083689 0.472548
0 0.719350 0.662846 0.123490 0.652452
8 0.515991 0.202425 0.029495 0.015725
7 0.161070 0.756263 0.145878 0.349947
7 0.740583 0.792644 0.270078 0.414712
7 0.534915 0.434568 0.041400 0.048774
1 0.501688 0.206956 0.004442 0.012527
