9 0.508500 0.555125 0.042000 0.039750
9 0.526333 0.529250 0.031000 0.023500
7 0.532667 0.543625 0.031667 0.017250
7 0.612000 0.573750 0.003667 0.010000
7 0.630667 0.568250 0.006000 0.012500
7 0.634333 0.559000 0.007000 0.025500
7 0.639667 0.556250 0.008000 0.029500
7 0.644917 0.552750 0.007500 0.030000
7 0.648917 0.548500 0.008167 0.036000
7 0.657167 0.546500 0.009667 0.032000
7 0.664583 0.541375 0.010500 0.036750
7 0.763500 0.599500 0.012333 0.046500
7 0.755083 0.590875 0.011833 0.056250
7 0.751167 0.585500 0.012000 0.063500
7 0.742417 0.582125 0.016167 0.083750
7 0.732917 0.575250 0.022833 0.097000
7 0.727750 0.573500 0.024500 0.102000
7 0.836750 0.642875 0.076500 0.056750
7 0.832750 0.409375 0.017167 0.073750
7 0.806417 0.313625 0.019500 0.107750
7 0.828833 0.284875 0.015667 0.076250
7 0.788167 0.314000 0.012667 0.090000
7 0.770500 0.302250 0.024000 0.105000
7 0.666917 0.317125 0.042833 0.141750
7 0.668000 0.342250 0.024000 0.190000
7 0.651833 0.445000 0.010667 0.059500
7 0.657667 0.449125 0.007333 0.048250
7 0.668500 0.448500 0.021333 0.050500
7 0.685250 0.432000 0.010833 0.079500
7 0.692667 0.429250 0.009000 0.084000
7 0.701667 0.440125 0.006333 0.057750
7 0.705750 0.436125 0.016500 0.031750
7 0.735000 0.411125 0.008000 0.017750
7 0.738083 0.414750 0.010167 0.060000
7 0.744833 0.412500 0.005333 0.051500
7 0.748083 0.419125 0.005833 0.045750
7 0.754000 0.299875 0.005000 0.044250
7 0.739000 0.303125 0.004333 0.042250
7 0.742167 0.302375 0.005333 0.037250
7 0.732417 0.309500 0.006167 0.051500
7 0.735083 0.315750 0.005833 0.058000
7 0.725167 0.320000 0.007000 0.061000
7 0.723000 0.328250 0.009000 0.080500
7 0.714417 0.311625 0.011500 0.048250
7 0.710583 0.341000 0.006167 0.105000
7 0.704667 0.334000 0.007333 0.086000
7 0.700917 0.323500 0.009500 0.056500
7 0.696833 0.326125 0.006000 0.062750
7 0.692917 0.331500 0.007833 0.077500
7 0.685417 0.333000 0.007833 0.078500
7 0.733583 0.630875 0.057833 0.013250
4 0.512917 0.419500 0.055167 0.095000
0 0.458333 0.505000 0.164000 0.327000
