12 0.606442 0.234617 0.070206 0.163835
3 0.614243 0.278784 0.052089 0.076255
12 0.681429 0.159305 0.088576 0.167988
3 0.686399 0.202152 0.052718 0.083050
11 0.591344 0.532088 0.028183 0.068705
11 0.670483 0.312948 0.019124 0.058890
1 0.710493 0.167233 0.013588 0.032088
10 0.606756 0.208569 0.074610 0.119290
10 0.677151 0.138071 0.093357 0.125142
8 0.685393 0.174594 0.062280 0.072103
14 0.799635 0.948660 0.066809 0.063420
14 0.727856 0.933560 0.098641 0.055870
14 0.703196 0.900529 0.040513 0.057380
14 0.586814 0.904492 0.064670 0.044545
0 0.737607 0.527935 0.213513 0.906757
0 0.635632 0.537750 0.175642 0.780294
9 0.654630 0.452435 0.045798 0.081918
