12 0.671528 0.282161 0.075694 0.151823
12 0.226997 0.316146 0.083160 0.133333
12 0.237760 0.494010 0.128993 0.212500
12 0.159028 0.156510 0.046528 0.088021
11 0.523785 0.397005 0.044097 0.054427
11 0.358767 0.634766 0.038021 0.065365
11 0.322049 0.473958 0.042361 0.055729
3 0.667882 0.303516 0.063194 0.101823
3 0.239757 0.336458 0.056944 0.085417
3 0.163715 0.186458 0.030556 0.040625
1 0.297917 0.519271 0.013889 0.054688
1 0.205642 0.325911 0.015799 0.042448
8 0.162153 0.185547 0.026736 0.014323
0 0.611198 0.447396 0.242188 0.479167
0 0.233073 0.426302 0.216146 0.325521
0 0.185851 0.202734 0.103993 0.177865
14 0.585677 0.674740 0.047743 0.051042
14 0.507812 0.563542 0.024653 0.024479
6 0.600608 0.649609 0.056076 0.085677
0 0.280382 0.696484 0.274306 0.607031
