12 0.295583 0.056000 0.163167 0.112000
12 0.019083 0.588000 0.038167 0.255000
3 0.324250 0.085000 0.055500 0.051500
11 0.584333 0.791250 0.109333 0.118000
11 0.491083 0.808750 0.060500 0.184000
11 0.390417 0.489000 0.085167 0.108500
11 0.280167 0.671500 0.088667 0.105000
11 0.204167 0.948625 0.125667 0.102750
11 0.622083 0.220625 0.081167 0.092250
11 0.477917 0.250875 0.061167 0.080250
11 0.726750 0.127000 0.052833 0.057000
11 0.984667 0.502375 0.030667 0.107750
8 0.330000 0.055500 0.074000 0.073500
0 0.334333 0.278500 0.354667 0.557000
