12 0.425537 0.475148 0.030436 0.062008
3 0.424235 0.488681 0.023926 0.034449
12 0.696533 0.472441 0.007324 0.010827
14 0.401530 0.756152 0.031250 0.066437
14 0.433594 0.729331 0.026693 0.067913
9 0.462809 0.666093 0.015137 0.034449
0 0.420247 0.607776 0.098958 0.364173
0 0.708008 0.490281 0.028320 0.069636
0 0.690511 0.484621 0.023926 0.043553
0 0.737712 0.478346 0.016113 0.050689
0 0.781006 0.477977 0.014486 0.044537
0 0.427653 0.416093 0.016439 0.020669
0 0.447998 0.407234 0.013835 0.041831
12 0.448405 0.393455 0.009766 0.012303
