12 0.831845 0.267956 0.108929 0.088690
12 0.396726 0.260615 0.098214 0.075595
11 0.306250 0.510119 0.036905 0.040873
11 0.566518 0.460913 0.069345 0.019048
11 0.718304 0.529167 0.030655 0.034127
11 0.961161 0.513194 0.027679 0.040278
0 0.446131 0.523909 0.343452 0.612897
0 0.838690 0.500198 0.273214 0.550794
7 0.964732 0.530060 0.031250 0.028770
1 0.849405 0.283730 0.011905 0.013492
1 0.441369 0.275397 0.008333 0.009524
14 0.515774 0.766369 0.064286 0.058135
14 0.447619 0.800496 0.058333 0.060119
14 0.872619 0.752381 0.048214 0.045635
14 0.821131 0.723810 0.075000 0.076984
