3 0.732205 0.261068 0.098669 0.151476
12 0.730469 0.214627 0.119502 0.240885
11 0.669705 0.178602 0.083044 0.132378
11 0.824508 0.184896 0.082465 0.137153
7 0.446470 0.191406 0.020833 0.090278
7 0.481916 0.172092 0.020544 0.096788
7 0.481771 0.163411 0.039931 0.088108
7 0.504919 0.155165 0.022569 0.090712
7 0.530671 0.153646 0.013310 0.097222
7 0.542679 0.160373 0.011285 0.107205
7 0.559751 0.142578 0.022280 0.090712
7 0.407552 0.141927 0.061053 0.037326
7 0.389034 0.190755 0.019965 0.086372
7 0.461516 0.049913 0.131944 0.099826
7 0.161603 0.306641 0.037326 0.088976
7 0.187211 0.297960 0.021991 0.091580
7 0.201823 0.314453 0.019387 0.092448
7 0.221065 0.289062 0.015625 0.103299
7 0.169271 0.458767 0.173611 0.230035
7 0.441262 0.518012 0.075810 0.043837
7 0.418547 0.451389 0.125868 0.100694
0 0.751447 0.435981 0.494213 0.681858
