11 0.346875 0.654083 0.083750 0.096500
11 0.942500 0.632083 0.115000 0.063167
11 0.512250 0.565667 0.076500 0.046333
14 0.478875 0.886583 0.085250 0.043167
14 0.610750 0.843583 0.107500 0.104500
14 0.820875 0.970833 0.227250 0.058333
14 0.739750 0.930167 0.199000 0.062333
6 0.799125 0.898333 0.095750 0.055667
6 0.874875 0.946083 0.107250 0.058500
0 0.565375 0.568917 0.379250 0.696500
12 0.591000 0.311250 0.122500 0.109500
3 0.584375 0.317083 0.102750 0.097167
1 0.644750 0.317583 0.014500 0.028167
12 0.076625 0.364667 0.152750 0.214667
0 0.293875 0.626417 0.587250 0.747167
0 0.819750 0.772917 0.360500 0.454167
