12 0.621619 0.503564 0.083151 0.151316
12 0.496802 0.568942 0.102522 0.140077
3 0.625183 0.535088 0.056652 0.083882
3 0.487208 0.590735 0.080409 0.091009
1 0.493147 0.553728 0.025037 0.029605
1 0.653692 0.504660 0.008772 0.021382
9 0.678637 0.811266 0.048428 0.042489
9 0.622990 0.813048 0.054094 0.044956
9 0.408534 0.821135 0.065607 0.099507
9 0.417489 0.780839 0.038925 0.051809
7 0.773757 0.847999 0.032164 0.028783
7 0.413377 0.837993 0.123538 0.084978
0 0.669317 0.625959 0.196089 0.397752
0 0.376096 0.735746 0.361842 0.528509
