3 0.391366 0.439527 0.027997 0.071914
3 0.508885 0.432738 0.044761 0.089515
3 0.657921 0.472341 0.075272 0.146593
3 0.795557 0.390370 0.088349 0.251194
12 0.403772 0.415263 0.061861 0.116419
12 0.523303 0.407719 0.082313 0.137541
12 0.677033 0.448956 0.114166 0.206940
12 0.873512 0.349510 0.252976 0.464672
1 0.410394 0.423058 0.010394 0.029419
1 0.535289 0.417400 0.012406 0.034700
11 0.391953 0.597435 0.049288 0.034197
11 0.433445 0.571662 0.061190 0.035957
11 0.361526 0.553809 0.036714 0.033945
11 0.510981 0.689590 0.067728 0.108373
11 0.633948 0.903193 0.122883 0.118682
0 0.486085 0.486548 0.234870 0.310787
0 0.629003 0.596681 0.287008 0.515464
0 0.423638 0.472718 0.165298 0.232336
0 0.787846 0.583354 0.424308 0.833291
2 0.126991 0.732839 0.102766 0.099321
