12 0.630623 0.347859 0.037486 0.034818
12 0.400087 0.357158 0.031430 0.029628
3 0.401384 0.358997 0.023068 0.017734
11 0.653403 0.415982 0.021915 0.017085
11 0.610294 0.417279 0.009516 0.007569
11 0.442618 0.435662 0.013264 0.016652
11 0.362601 0.434797 0.014706 0.014922
14 0.612889 0.513300 0.042388 0.014490
14 0.654123 0.518058 0.022780 0.011894
14 0.434833 0.514381 0.034602 0.019247
14 0.376586 0.517085 0.017301 0.015571
0 0.404556 0.431661 0.093426 0.179066
10 0.629181 0.337911 0.035755 0.020112
