9 0.262206 0.423729 0.188394 0.374050
9 0.750945 0.457481 0.210422 0.363822
9 0.712066 0.836207 0.187901 0.124781
9 0.391994 0.851987 0.125760 0.110754
12 0.620089 0.260812 0.165379 0.364991
12 0.431530 0.256867 0.230807 0.421975
3 0.618609 0.297487 0.137103 0.266511
3 0.417064 0.299386 0.158474 0.296610
8 0.620335 0.264319 0.128062 0.131210
8 0.412050 0.301578 0.156009 0.270018
13 0.224560 0.511981 0.449120 0.755698
13 0.692175 0.649766 0.499589 0.523963
0 0.274947 0.454997 0.549893 0.909994
0 0.693983 0.491525 0.507151 0.840444
