12 0.715191 0.389323 0.036285 0.094271
3 0.715365 0.421484 0.031771 0.029948
12 0.600434 0.319922 0.048090 0.107552
3 0.606163 0.348047 0.026563 0.050260
1 0.596354 0.324219 0.007292 0.020833
16 0.529774 0.396484 0.132813 0.222135
10 0.600260 0.304818 0.058507 0.084115
10 0.718576 0.378255 0.051736 0.079948
16 0.697309 0.434635 0.094965 0.156250
14 0.503906 0.655469 0.021354 0.039583
14 0.524306 0.678776 0.048611 0.044531
14 0.728125 0.611719 0.023611 0.042708
11 0.737153 0.489323 0.023264 0.049479
11 0.713889 0.601302 0.027083 0.057292
0 0.542622 0.482422 0.172396 0.436198
0 0.705122 0.486328 0.110590 0.291927
