12 0.637836 0.125605 0.173396 0.251209
3 0.627588 0.160432 0.114368 0.181554
12 0.504714 0.336666 0.078500 0.174782
3 0.492007 0.362786 0.052265 0.123186
1 0.674523 0.085456 0.023365 0.072880
1 0.519164 0.319736 0.013527 0.039665
11 0.358065 0.585134 0.066817 0.076427
11 0.822710 0.823605 0.077475 0.197356
11 0.622669 0.785231 0.085263 0.106417
0 0.470281 0.624476 0.287559 0.751048
0 0.723611 0.499839 0.343718 0.999678
7 0.666940 0.829410 0.164788 0.192841
7 0.406948 0.853918 0.046936 0.115447
7 0.435540 0.569332 0.028694 0.028055
