12 0.494874 0.482639 0.114749 0.103671
12 0.750331 0.376612 0.248677 0.223958
11 0.440972 0.661334 0.119378 0.094494
11 0.415840 0.595610 0.089616 0.046875
3 0.710813 0.403274 0.157738 0.166667
3 0.501488 0.500744 0.085648 0.068452
1 0.804067 0.387649 0.049272 0.058532
1 0.517030 0.479539 0.029431 0.028026
7 0.447751 0.639385 0.149471 0.225198
7 0.142526 0.326513 0.071429 0.017113
7 0.102183 0.300223 0.075397 0.012649
7 0.040509 0.301711 0.081019 0.019097
7 0.053902 0.326265 0.091270 0.010665
7 0.141204 0.350198 0.065476 0.009921
0 0.554563 0.527778 0.232804 0.190972
0 0.653108 0.633309 0.693783 0.733383
