12 0.617000 0.336333 0.100500 0.219723
12 0.356500 0.428009 0.096000 0.186352
5 0.338500 0.838583 0.041500 0.130109
3 0.356000 0.466442 0.073500 0.097488
3 0.628000 0.364079 0.081000 0.155981
1 0.583750 0.359393 0.022500 0.038620
11 0.608250 0.723847 0.051500 0.112861
11 0.617375 0.710161 0.044750 0.095238
11 0.326625 0.758155 0.062750 0.060742
11 0.389625 0.487252 0.067250 0.082865
7 0.346625 0.576303 0.094250 0.151481
7 0.609125 0.482377 0.099750 0.217848
0 0.361125 0.661980 0.219250 0.676040
0 0.614250 0.614736 0.267500 0.770529
