12 0.686235 0.425335 0.072768 0.110938
3 0.673140 0.459598 0.034375 0.043304
12 0.251711 0.300893 0.050149 0.087946
3 0.256399 0.320982 0.027083 0.047321
12 0.324926 0.418638 0.042411 0.073437
1 0.251265 0.299554 0.008780 0.021429
1 0.692783 0.458371 0.008185 0.013616
11 0.262500 0.513058 0.018452 0.032813
11 0.242411 0.506027 0.010714 0.010268
11 0.653051 0.638393 0.037649 0.038393
11 0.666890 0.642299 0.045387 0.051116
0 0.334524 0.568415 0.125298 0.373438
0 0.199554 0.524888 0.162202 0.535491
0 0.655804 0.671205 0.205357 0.604464
14 0.191295 0.764286 0.074851 0.055357
14 0.209077 0.738504 0.053571 0.040402
14 0.382961 0.733482 0.028423 0.043304
14 0.359970 0.737165 0.009821 0.025670
14 0.725521 0.922656 0.065625 0.097545
14 0.582812 0.893638 0.058482 0.068080
