12 0.250911 0.357286 0.222841 0.206857
12 0.753803 0.391786 0.238697 0.159857
3 0.702486 0.402643 0.128777 0.129571
3 0.284337 0.368500 0.152989 0.166429
1 0.194558 0.382357 0.049282 0.040714
1 0.784551 0.410857 0.042640 0.045429
11 0.583780 0.750286 0.095350 0.028000
11 0.743411 0.691643 0.124063 0.048429
11 0.433362 0.621500 0.057210 0.077571
11 0.286908 0.729143 0.053568 0.031714
8 0.696486 0.388143 0.130062 0.047429
8 0.330405 0.364857 0.100707 0.050286
14 0.735055 0.971571 0.201200 0.056857
0 0.719627 0.645071 0.560746 0.709857
0 0.242768 0.613643 0.467109 0.772714
