12 0.276526 0.546260 0.158820 0.132773
3 0.319554 0.573370 0.071863 0.077651
12 0.811331 0.544308 0.121424 0.118654
3 0.804123 0.572920 0.090336 0.059928
1 0.859653 0.558726 0.021626 0.024031
1 0.271345 0.566086 0.024105 0.021929
10 0.284073 0.518249 0.189232 0.077651
10 0.804348 0.514944 0.153413 0.064734
8 0.322257 0.556098 0.053390 0.023581
8 0.799504 0.553169 0.099121 0.022229
0 0.224825 0.674076 0.449651 0.392911
0 0.797252 0.707645 0.385672 0.448633
7 0.115454 0.804220 0.156116 0.131421
9 0.117031 0.755257 0.077270 0.088465
9 0.402568 0.834485 0.081550 0.069390
9 0.953481 0.868053 0.070962 0.089667
9 0.635166 0.804070 0.066006 0.090568
