3 0.688728 0.232483 0.068988 0.095568
12 0.713237 0.140753 0.203169 0.281505
11 0.475243 0.639020 0.075755 0.118346
7 0.066265 0.344516 0.039776 0.208220
7 0.095890 0.340802 0.036970 0.202773
7 0.130632 0.342907 0.039445 0.201040
7 0.174369 0.342535 0.033834 0.191384
7 0.203664 0.340678 0.040271 0.193117
7 0.205397 0.306264 0.015679 0.118841
7 0.228586 0.342783 0.033339 0.187918
7 0.308467 0.340802 0.034329 0.178014
7 0.330005 0.340183 0.033834 0.179747
7 0.353936 0.300198 0.033504 0.177519
7 0.476894 0.751052 0.425978 0.495420
0 0.668510 0.501362 0.461297 0.997277
