3 0.314750 0.303000 0.095500 0.169500
12 0.288583 0.283500 0.150167 0.208500
3 0.722917 0.201250 0.091833 0.206500
12 0.752250 0.192375 0.153500 0.237250
1 0.782333 0.224750 0.032333 0.063000
1 0.265083 0.355000 0.040167 0.040000
11 0.187250 0.204875 0.044167 0.150750
11 0.493333 0.868500 0.050000 0.171500
11 0.620083 0.787875 0.076167 0.148750
11 0.680750 0.624500 0.071167 0.080000
14 0.070583 0.854875 0.140833 0.209750
7 0.699750 0.617375 0.159167 0.176250
7 0.207000 0.182125 0.107000 0.193250
0 0.724333 0.531250 0.387333 0.929000
0 0.265583 0.568000 0.530833 0.864000
