12 0.207118 0.073177 0.037847 0.066667
3 0.205208 0.078646 0.023958 0.039062
1 0.210590 0.070703 0.008333 0.018490
11 0.505035 0.563411 0.023958 0.026823
11 0.210243 0.183854 0.016319 0.031771
11 0.542188 0.198307 0.020833 0.038802
14 0.510764 0.778255 0.052083 0.041406
14 0.571441 0.859505 0.057813 0.045573
6 0.571094 0.859115 0.055382 0.040104
6 0.509896 0.774219 0.047222 0.032292
11 0.471181 0.312370 0.032639 0.037240
14 0.252778 0.267448 0.017361 0.028646
0 0.233247 0.160026 0.099826 0.228385
0 0.526910 0.583984 0.146528 0.578385
