11 0.621989 0.542969 0.135254 0.186632
11 0.339437 0.814959 0.129720 0.201100
11 0.401286 0.910880 0.058105 0.151042
11 0.574788 0.819734 0.096517 0.170139
12 0.315755 0.296875 0.180990 0.407986
12 0.791097 0.202112 0.158040 0.344039
1 0.258138 0.327691 0.030924 0.077836
8 0.331380 0.302807 0.151042 0.093461
8 0.772542 0.189236 0.113444 0.107639
5 0.783366 0.275174 0.095052 0.177083
5 0.343180 0.381221 0.101074 0.180845
13 0.308838 0.680700 0.458822 0.638600
13 0.790283 0.673032 0.419434 0.653935
0 0.307292 0.544560 0.465820 0.910880
0 0.761230 0.500723 0.477539 0.960359
7 0.076253 0.662905 0.152507 0.617477
