11 0.344463 0.876346 0.067137 0.126851
11 0.499910 0.913526 0.133731 0.135935
12 0.507329 0.326380 0.156533 0.363392
3 0.478104 0.378869 0.097720 0.257066
7 0.121245 0.962820 0.068042 0.074361
7 0.178067 0.958445 0.074557 0.083109
7 0.240499 0.946501 0.061165 0.095559
7 0.577995 0.963493 0.069852 0.058883
7 0.662685 0.931359 0.075280 0.089502
7 0.811889 0.195828 0.018277 0.157470
7 0.798498 0.195996 0.013210 0.153096
7 0.784654 0.201211 0.013029 0.152759
7 0.771896 0.204408 0.012486 0.154441
7 0.761582 0.207604 0.013210 0.157470
7 0.748552 0.209287 0.012125 0.148721
7 0.738237 0.211137 0.011763 0.149058
0 0.482718 0.562752 0.346182 0.835464
8 0.470141 0.373654 0.102425 0.095895
1 0.536012 0.404778 0.036916 0.069314
