3 0.557167 0.372000 0.051333 0.103000
3 0.756167 0.382500 0.050667 0.088500
12 0.758417 0.352250 0.073500 0.152000
12 0.548417 0.353125 0.071833 0.151250
1 0.525667 0.365000 0.013333 0.033500
11 0.680083 0.695250 0.042167 0.039500
11 0.624750 0.709125 0.053167 0.048750
0 0.562333 0.507250 0.171000 0.429500
0 0.783833 0.507250 0.248667 0.473000
7 0.820000 0.849625 0.047000 0.075750
7 0.694667 0.845750 0.101333 0.074500
7 0.510000 0.842750 0.065333 0.051500
7 0.528417 0.873750 0.037833 0.058500
7 0.355500 0.932875 0.109333 0.058250
7 0.098917 0.898500 0.159167 0.065500
7 0.888917 0.810750 0.055833 0.115000
7 0.325417 0.533250 0.012833 0.045000
7 0.293000 0.537000 0.008667 0.066500
7 0.275833 0.536625 0.007333 0.071750
7 0.222583 0.548000 0.005167 0.042000
7 0.213833 0.542500 0.005667 0.054000
7 0.205500 0.568125 0.007333 0.107750
7 0.125917 0.540500 0.015500 0.065500
7 0.113333 0.552750 0.013333 0.044000
7 0.082500 0.549875 0.016667 0.049250
7 0.084833 0.534500 0.009667 0.074000
7 0.104500 0.382750 0.019000 0.071500
7 0.072667 0.388125 0.029000 0.083750
7 0.168583 0.556000 0.009833 0.056500
7 0.041750 0.395125 0.022500 0.089250
7 0.008000 0.408500 0.016000 0.113500
7 0.009167 0.546625 0.018000 0.084750
7 0.032333 0.528250 0.021667 0.079500
7 0.029667 0.514000 0.010000 0.047000
7 0.022333 0.545875 0.014667 0.079250
7 0.056917 0.543750 0.036167 0.084000
7 0.046667 0.547625 0.025667 0.078750
7 0.045917 0.521375 0.012167 0.042750
7 0.070417 0.530625 0.023167 0.035250
7 0.432583 0.630750 0.055500 0.014000
