12 0.738368 0.315625 0.064583 0.104167
12 0.248785 0.182161 0.080556 0.104427
11 0.337153 0.221875 0.031597 0.046354
11 0.345313 0.258464 0.020486 0.037240
3 0.267795 0.193750 0.041146 0.080208
3 0.731858 0.344271 0.043576 0.042187
1 0.752604 0.339453 0.011111 0.021094
1 0.245139 0.205469 0.014931 0.026562
6 0.348090 0.386198 0.023264 0.021354
6 0.316927 0.435156 0.048437 0.046875
6 0.766753 0.530599 0.023438 0.042448
0 0.284722 0.292708 0.152778 0.329688
0 0.769184 0.407552 0.168576 0.288542
