12 0.427151 0.598968 0.063743 0.166992
12 0.566623 0.533454 0.060584 0.130192
12 0.692808 0.527181 0.048690 0.111514
12 0.723564 0.600920 0.065973 0.145247
12 0.250046 0.460970 0.046646 0.112350
12 0.285542 0.614162 0.099052 0.163368
12 0.526296 0.813772 0.152760 0.210761
12 0.917023 0.218567 0.031407 0.098690
12 0.708883 0.121550 0.042557 0.104265
12 0.541256 0.189852 0.059654 0.132144
12 0.412934 0.165319 0.044601 0.092556
12 0.344639 0.183440 0.053707 0.090326
12 0.276436 0.200864 0.043672 0.072763
12 0.036517 0.324645 0.041442 0.072205
3 0.413678 0.176610 0.033823 0.063284
3 0.541442 0.227628 0.037725 0.051575
3 0.344267 0.194731 0.034380 0.057151
3 0.276807 0.202537 0.028433 0.049902
3 0.706560 0.129495 0.036424 0.081684
3 0.691414 0.540145 0.035867 0.084472
3 0.716503 0.621829 0.048876 0.086702
3 0.565508 0.552830 0.048690 0.088096
3 0.430403 0.620714 0.051663 0.115138
3 0.254785 0.486897 0.037539 0.050460
3 0.287772 0.646083 0.060398 0.094508
3 0.483089 0.859771 0.045159 0.099247
3 0.042000 0.326875 0.026389 0.059939
1 0.327170 0.186507 0.005018 0.022303
1 0.728117 0.127126 0.005203 0.026206
1 0.562999 0.202676 0.006876 0.025091
1 0.540885 0.528436 0.006133 0.022024
1 0.594220 0.541121 0.006133 0.027878
1 0.401598 0.601338 0.007434 0.031224
1 0.250604 0.622108 0.012823 0.048787
1 0.233786 0.473515 0.009292 0.027042
11 0.647277 0.802481 0.032708 0.043212
11 0.662516 0.838863 0.020442 0.046836
11 0.298272 0.692640 0.036053 0.050460
11 0.673574 0.400753 0.027690 0.044884
11 0.745586 0.320881 0.020442 0.034012
11 0.550827 0.300390 0.012637 0.030388
11 0.514403 0.269585 0.026761 0.061890
11 0.391191 0.343602 0.026017 0.034848
11 0.442483 0.359074 0.027504 0.039030
11 0.330701 0.287427 0.027690 0.042933
11 0.268445 0.340256 0.022115 0.030388
8 0.430868 0.616532 0.048132 0.035406
8 0.540141 0.232506 0.029920 0.017842
8 0.703401 0.124895 0.029363 0.021188
8 0.274670 0.198634 0.025274 0.024254
8 0.915629 0.224979 0.022301 0.022303
14 0.116242 0.666574 0.034752 0.054084
14 0.165211 0.580987 0.036424 0.035127
14 0.064300 0.733621 0.042371 0.079454
14 0.027597 0.765682 0.045531 0.056593
14 0.032057 0.937970 0.064114 0.084472
14 0.008920 0.902425 0.017841 0.046836
14 0.356811 0.650265 0.013009 0.035963
11 0.341293 0.653053 0.019513 0.037078
0 0.898253 0.292584 0.063371 0.220519
0 0.339249 0.360329 0.089017 0.430722
0 0.420833 0.679537 0.142167 0.307499
0 0.567181 0.656537 0.153503 0.362977
0 0.224401 0.543490 0.110946 0.265124
0 0.297900 0.762894 0.288051 0.474212
0 0.689184 0.577084 0.076752 0.206301
0 0.712693 0.738221 0.202936 0.366880
0 0.722821 0.331893 0.170414 0.538333
0 0.550641 0.362838 0.141609 0.495958
