12 0.048425 0.342785 0.014721 0.030478
12 0.331095 0.382716 0.020145 0.028549
12 0.452221 0.426890 0.019628 0.038966
12 0.600723 0.547261 0.025310 0.045139
12 0.893595 0.369985 0.016529 0.031636
3 0.452350 0.430556 0.017820 0.027006
1 0.600981 0.551505 0.007231 0.015046
1 0.335098 0.385802 0.006973 0.014660
11 0.452738 0.506944 0.012913 0.016975
11 0.462552 0.505015 0.009814 0.015432
11 0.907154 0.448495 0.008523 0.011960
9 0.593233 0.657215 0.013946 0.023534
9 0.627324 0.688657 0.018595 0.023148
9 0.353822 0.435957 0.008264 0.018519
9 0.331353 0.461998 0.009814 0.021991
11 0.065212 0.397184 0.010072 0.013503
11 0.874613 0.431520 0.006457 0.011960
14 0.348270 0.524691 0.021952 0.043981
14 0.360925 0.510417 0.008523 0.037037
14 0.605372 0.752122 0.025826 0.058256
14 0.625517 0.746335 0.017045 0.061343
14 0.877712 0.506173 0.015754 0.020833
14 0.895274 0.509838 0.013688 0.021219
14 0.474432 0.612076 0.013946 0.015046
14 0.444990 0.594522 0.013946 0.016204
14 0.060692 0.477238 0.009814 0.015432
14 0.042614 0.479360 0.016529 0.015046
0 0.616090 0.622685 0.056043 0.190586
0 0.454675 0.511960 0.048295 0.209105
0 0.058755 0.404900 0.046229 0.147762
0 0.895145 0.436343 0.047004 0.161265
7 0.871126 0.445602 0.012397 0.019290
0 0.347366 0.455826 0.046488 0.167052
