12 0.439112 0.377017 0.094883 0.174390
3 0.434147 0.428527 0.045511 0.071369
12 0.495104 0.181837 0.080541 0.175838
3 0.497793 0.229727 0.061371 0.078403
1 0.445938 0.397290 0.018894 0.033306
1 0.528824 0.185250 0.010068 0.032478
11 0.573162 0.416218 0.049097 0.059578
9 0.398083 0.571990 0.056682 0.045511
9 0.611985 0.646152 0.051717 0.105296
14 0.619363 0.910943 0.065094 0.149566
14 0.668735 0.897497 0.059578 0.142118
10 0.439732 0.355503 0.098883 0.145842
10 0.487795 0.151117 0.095711 0.144187
8 0.433940 0.398428 0.047028 0.066198
0 0.541787 0.424907 0.224934 0.693422
0 0.534133 0.634568 0.329610 0.703972
