11 0.589981 0.545856 0.099655 0.049479
11 0.463822 0.607528 0.078452 0.048065
11 0.577392 0.616805 0.178373 0.076869
8 0.673469 0.417035 0.138882 0.054073
0 0.341903 0.555133 0.597933 0.481180
0 0.689504 0.654444 0.530347 0.680509
14 0.617413 0.922071 0.129075 0.120163
14 0.530215 0.860134 0.119003 0.074395
12 0.331301 0.391589 0.144712 0.151970
3 0.345349 0.426489 0.115028 0.080403
1 0.279883 0.425340 0.016433 0.019791
12 0.680228 0.399806 0.196395 0.172645
3 0.684336 0.433999 0.143652 0.103552
1 0.764378 0.400778 0.025444 0.038169
