12 0.452425 0.104322 0.165578 0.131530
12 0.720849 0.164024 0.158116 0.107587
1 0.744403 0.182603 0.027052 0.021922
1 0.494053 0.111863 0.018424 0.023165
11 0.833489 0.517491 0.052705 0.055815
11 0.583372 0.362018 0.038013 0.063899
11 0.577659 0.355488 0.054104 0.046175
7 0.460704 0.221782 0.159282 0.172730
13 0.391441 0.492149 0.283815 0.708800
14 0.670826 0.806514 0.077659 0.065454
14 0.710588 0.828280 0.127332 0.087220
14 0.442164 0.873601 0.202425 0.093284
14 0.520406 0.826337 0.126166 0.051928
5 0.690532 0.187422 0.096082 0.055815
5 0.507229 0.131141 0.050840 0.066698
0 0.705224 0.506685 0.312966 0.819963
0 0.400187 0.481810 0.318563 0.886505
