12 0.688820 0.494844 0.038273 0.036469
12 0.764517 0.490128 0.042986 0.039613
12 0.831165 0.513519 0.048077 0.036343
3 0.819947 0.517291 0.021116 0.025528
3 0.762821 0.495913 0.032428 0.025528
3 0.691176 0.498742 0.030166 0.028672
1 0.673171 0.496856 0.006222 0.011821
11 0.774133 0.557470 0.017722 0.014588
11 0.807127 0.548667 0.012443 0.012827
11 0.812123 0.558979 0.013009 0.014085
8 0.815140 0.516285 0.008861 0.013456
8 0.694947 0.498114 0.024510 0.013078
0 0.668269 0.518109 0.102376 0.090040
0 0.762349 0.586771 0.103884 0.229628
0 0.830882 0.605068 0.092383 0.216424
14 0.813725 0.705672 0.051659 0.014210
14 0.844551 0.709067 0.053356 0.016977
