12 0.187813 0.252585 0.120301 0.223214
12 0.548559 0.305216 0.134398 0.262688
12 0.863565 0.317317 0.272870 0.436795
3 0.523183 0.333999 0.080827 0.178806
3 0.209900 0.287124 0.080201 0.152726
1 0.571664 0.300869 0.028352 0.067434
11 0.587954 0.621945 0.073465 0.147086
11 0.576363 0.802867 0.057174 0.112782
11 0.499295 0.665414 0.071898 0.093985
11 0.233239 0.627350 0.075501 0.073308
11 0.163612 0.631696 0.067826 0.091400
11 0.018954 0.829887 0.037907 0.097744
11 0.021460 0.705945 0.042920 0.072133
0 0.209665 0.393562 0.315633 0.545583
0 0.604793 0.494596 0.368734 0.645677
