12 0.642526 0.541047 0.013889 0.014137
12 0.882937 0.532366 0.013889 0.011161
11 0.639550 0.560268 0.007275 0.006944
0 0.648810 0.575149 0.033730 0.083333
11 0.634425 0.563740 0.004960 0.008433
14 0.877976 0.611111 0.010582 0.008433
14 0.895999 0.611607 0.013558 0.005952
14 0.641700 0.613591 0.014220 0.004960
14 0.659888 0.611111 0.010251 0.007937
12 0.689484 0.550843 0.003968 0.004960
12 0.704365 0.549231 0.005291 0.006200
6 0.644345 0.612599 0.005622 0.002976
6 0.655919 0.613467 0.006283 0.004712
0 0.703373 0.554936 0.013228 0.018601
0 0.882275 0.570064 0.041005 0.088542
