11 0.378423 0.532924 0.022619 0.059598
11 0.383780 0.574442 0.046429 0.083705
11 0.672247 0.742634 0.058185 0.050893
11 0.731399 0.741853 0.047321 0.038170
12 0.207143 0.503571 0.109524 0.175000
1 0.206920 0.522768 0.016815 0.047321
3 0.237128 0.520536 0.048065 0.136161
12 0.372768 0.437500 0.040179 0.080357
1 0.356548 0.430357 0.007440 0.020536
3 0.375074 0.450223 0.035268 0.054911
12 0.719122 0.449777 0.076339 0.148214
3 0.710342 0.463281 0.058482 0.120759
0 0.279167 0.609598 0.254762 0.388393
0 0.369940 0.591964 0.120833 0.389732
0 0.676488 0.574442 0.217857 0.394866
