3 0.322857 0.203590 0.101786 0.200375
3 0.134196 0.230378 0.103036 0.168765
3 0.766250 0.311680 0.129643 0.271364
12 0.345804 0.170372 0.148750 0.265738
12 0.136071 0.195151 0.135000 0.230110
12 0.797321 0.260782 0.192857 0.375837
8 0.315179 0.201982 0.087143 0.069649
11 0.522946 0.814492 0.123036 0.162068
11 0.492411 0.735200 0.134821 0.204929
11 0.327500 0.595634 0.097143 0.046343
0 0.711875 0.542727 0.576250 0.897937
0 0.135625 0.307795 0.271250 0.452183
0 0.409821 0.495446 0.408929 0.920171
