11 0.517750 0.868125 0.132833 0.118250
11 0.358167 0.842000 0.066667 0.105500
12 0.511333 0.369250 0.134333 0.265500
3 0.505750 0.395000 0.095500 0.214000
7 0.144750 0.936000 0.097500 0.120000
7 0.201250 0.934125 0.101500 0.129750
7 0.255500 0.897375 0.065000 0.084750
7 0.599000 0.908625 0.074667 0.045750
7 0.681583 0.882125 0.073500 0.074750
0 0.495083 0.581125 0.340500 0.691750
8 0.507167 0.385250 0.095333 0.051000
1 0.452583 0.388750 0.017500 0.065000
1 0.559667 0.401750 0.019667 0.063000
