12 0.407007 0.348286 0.292479 0.278286
12 0.110242 0.273143 0.220056 0.382000
3 0.434326 0.377214 0.221556 0.175571
3 0.124277 0.383571 0.174845 0.217143
1 0.035033 0.320929 0.069638 0.078429
1 0.303835 0.362143 0.049711 0.076286
11 0.299121 0.841643 0.197986 0.072714
11 0.446540 0.842786 0.122134 0.113857
11 0.588922 0.871214 0.141633 0.064143
11 0.896186 0.711000 0.157917 0.082286
8 0.501286 0.384571 0.152775 0.060571
8 0.215235 0.344071 0.065352 0.057000
0 0.546925 0.596714 0.856439 0.806571
0 0.256160 0.528857 0.511892 0.939429
