12 0.717587 0.423162 0.083593 0.151955
3 0.702098 0.450824 0.050647 0.097615
11 0.659154 0.673592 0.028356 0.062208
1 0.715784 0.414679 0.014424 0.037620
0 0.738895 0.642488 0.185216 0.592083
7 0.428618 0.688222 0.054417 0.023113
7 0.462383 0.704205 0.040649 0.018195
7 0.429438 0.712442 0.051795 0.018933
7 0.465661 0.725596 0.043927 0.020162
7 0.435830 0.805877 0.025570 0.144332
7 0.444681 0.748832 0.057368 0.029260
7 0.449353 0.806491 0.026717 0.135235
7 0.462793 0.813622 0.024750 0.123924
7 0.473365 0.814851 0.022291 0.119007
7 0.483036 0.811655 0.022619 0.116056
7 0.492214 0.821859 0.020652 0.104991
7 0.501885 0.823334 0.019669 0.097615
7 0.510162 0.822842 0.018522 0.096631
7 0.516882 0.826039 0.017866 0.090239
7 0.524176 0.823949 0.017046 0.083600
7 0.530897 0.828744 0.015735 0.080895
7 0.537289 0.831817 0.014752 0.072289
7 0.542616 0.833415 0.013604 0.062208
7 0.547205 0.828621 0.014260 0.073273
7 0.553516 0.824195 0.017702 0.088517
7 0.560154 0.823088 0.016555 0.086796
7 0.532126 0.734079 0.043763 0.028768
7 0.524094 0.765429 0.041141 0.031473
7 0.489510 0.755225 0.025406 0.022375
7 0.520325 0.700393 0.058843 0.029752
