3 0.297095 0.215592 0.092178 0.200038
3 0.356577 0.321644 0.082872 0.176094
12 0.272007 0.164593 0.143109 0.303922
12 0.349220 0.291949 0.111167 0.230204
1 0.248114 0.163839 0.027163 0.072398
1 0.304012 0.294966 0.018989 0.057127
11 0.313820 0.817779 0.077339 0.097097
11 0.363493 0.795060 0.071806 0.058446
11 0.416939 0.739348 0.049673 0.056750
11 0.427943 0.664781 0.079728 0.082956
0 0.370347 0.474265 0.202465 0.616327
0 0.230005 0.507070 0.337274 0.985860
7 0.479062 0.630185 0.053194 0.048077
