12 0.536899 0.329087 0.103125 0.084776
3 0.533774 0.342147 0.096875 0.058654
11 0.519952 0.544792 0.047596 0.029006
0 0.401202 0.543830 0.374519 0.517788
1 0.503606 0.316667 0.021635 0.022436
14 0.271635 0.775240 0.085577 0.054006
7 0.518990 0.392308 0.025000 0.011538
7 0.523077 0.406811 0.023558 0.010737
7 0.521755 0.419311 0.016587 0.013301
7 0.521514 0.438702 0.011298 0.027083
7 0.527163 0.443830 0.014904 0.032532
7 0.531010 0.444872 0.013462 0.029167
7 0.534255 0.445913 0.012260 0.026442
7 0.536899 0.444391 0.012260 0.030128
7 0.539663 0.443510 0.012019 0.031250
7 0.542788 0.443349 0.013462 0.033494
7 0.624519 0.455849 0.103846 0.022917
