11 0.448812 0.740741 0.099772 0.187500
11 0.619303 0.645399 0.143555 0.177951
7 0.271403 0.696036 0.102702 0.087674
7 0.045980 0.691985 0.091634 0.519387
7 0.021973 0.334491 0.043620 0.060764
7 0.031006 0.405382 0.053548 0.051505
7 0.090983 0.447772 0.032878 0.068576
7 0.073893 0.349682 0.048828 0.092882
7 0.097168 0.525608 0.034831 0.077257
7 0.067139 0.500145 0.032389 0.053530
7 0.086670 0.697627 0.074707 0.384838
7 0.133382 0.667535 0.040527 0.214699
7 0.130534 0.691551 0.037760 0.166667
7 0.110758 0.696325 0.054525 0.285012
7 0.101074 0.700666 0.061523 0.311632
7 0.089925 0.687934 0.070475 0.383970
7 0.508545 0.911024 0.064290 0.078414
0 0.670736 0.500579 0.547852 0.998843
