12 0.300678 0.548761 0.039117 0.073794
12 0.716968 0.197132 0.094228 0.132464
3 0.304590 0.564668 0.028860 0.041982
3 0.708710 0.203390 0.073887 0.119426
1 0.745828 0.242503 0.020515 0.031291
1 0.313108 0.542243 0.010083 0.017992
9 0.344402 0.659974 0.019124 0.025033
9 0.818324 0.366754 0.068150 0.125945
9 0.550678 0.063103 0.047809 0.095958
0 0.655685 0.501304 0.392385 0.997392
0 0.354833 0.684876 0.148122 0.348631
14 0.348487 0.839505 0.044332 0.028944
14 0.412118 0.834550 0.025904 0.026858
