12 0.952535 0.237269 0.022366 0.024471
3 0.951665 0.242808 0.016153 0.013393
12 0.471794 0.520007 0.057903 0.045966
3 0.465582 0.531415 0.038519 0.023810
11 0.354125 0.541915 0.031809 0.024967
11 0.391650 0.628803 0.030318 0.028108
11 0.918738 0.283317 0.012922 0.012731
11 0.960363 0.290840 0.007207 0.008598
1 0.448186 0.519097 0.009692 0.012401
6 0.951417 0.327050 0.017147 0.010251
0 0.415631 0.604001 0.171720 0.216270
0 0.936257 0.281167 0.064364 0.114583
7 0.408424 0.634921 0.094682 0.134590
