3 0.177965 0.400769 0.026442 0.045843
12 0.176522 0.380268 0.035417 0.087415
3 0.630048 0.362472 0.029968 0.059795
12 0.627163 0.339977 0.045353 0.104784
9 0.581651 0.633969 0.024840 0.040718
9 0.685897 0.544562 0.026923 0.049829
9 0.212099 0.600085 0.009776 0.023633
14 0.209215 0.782318 0.036058 0.025342
14 0.133333 0.769362 0.019231 0.038155
14 0.647676 0.858200 0.041827 0.054100
14 0.602484 0.872437 0.042147 0.038155
0 0.171875 0.563639 0.111378 0.463269
0 0.630449 0.589835 0.137821 0.605068
15 0.623317 0.619021 0.124519 0.480638
15 0.170833 0.571469 0.109295 0.378702
10 0.176522 0.359197 0.034776 0.046982
10 0.626763 0.316059 0.045513 0.056948
7 0.691667 0.698747 0.056731 0.302392
7 0.584135 0.620587 0.130769 0.430809
7 0.131971 0.602506 0.081571 0.352506
7 0.224679 0.656891 0.035256 0.096811
