3 0.311173 0.472169 0.025338 0.023810
3 0.598335 0.450450 0.027751 0.040862
12 0.323962 0.467262 0.054778 0.033945
1 0.328909 0.475708 0.011583 0.009009
12 0.580840 0.450853 0.063224 0.049710
11 0.233832 0.487532 0.024131 0.026866
11 0.270632 0.463964 0.023890 0.021879
11 0.611245 0.547539 0.035714 0.021075
11 0.685811 0.467423 0.030405 0.031371
14 0.570343 0.785232 0.090010 0.048584
14 0.613296 0.776303 0.085183 0.050032
14 0.312862 0.682674 0.059122 0.021718
14 0.350145 0.676963 0.022683 0.027671
7 0.222973 0.439511 0.105695 0.084620
7 0.652872 0.500080 0.252654 0.286519
0 0.600869 0.612050 0.206081 0.393662
0 0.291506 0.569015 0.139961 0.245817
