12 0.645828 0.562765 0.020736 0.036996
12 0.686380 0.559267 0.027730 0.038100
3 0.678834 0.566814 0.008466 0.019694
3 0.643681 0.568562 0.013742 0.023192
1 0.650798 0.567550 0.003681 0.007178
1 0.683313 0.565157 0.003436 0.009019
11 0.681840 0.667403 0.008834 0.023560
11 0.630123 0.622768 0.011411 0.013068
11 0.619877 0.622768 0.005890 0.013068
14 0.625951 0.757408 0.024172 0.014357
14 0.665828 0.755936 0.012638 0.016565
14 0.673190 0.768636 0.027362 0.017670
14 0.715460 0.768452 0.026012 0.023560
8 0.665399 0.633536 0.007853 0.019879
0 0.643804 0.655255 0.064294 0.226394
0 0.689693 0.659304 0.068466 0.241487
16 0.643067 0.619547 0.035828 0.071047
10 0.685767 0.554850 0.025521 0.027057
10 0.643620 0.554850 0.023190 0.023376
