3 0.327047 0.431047 0.028017 0.032501
3 0.662716 0.427186 0.036638 0.036272
12 0.304822 0.415963 0.074623 0.064105
1 0.310884 0.422877 0.014009 0.016161
12 0.679149 0.415514 0.070043 0.059975
11 0.378367 0.544532 0.034213 0.028192
11 0.379041 0.494074 0.043103 0.035374
11 0.525189 0.496947 0.040140 0.022446
11 0.662042 0.519214 0.028287 0.023523
14 0.681708 0.560424 0.050377 0.030167
14 0.767376 0.554408 0.047144 0.032860
14 0.220770 0.594900 0.084321 0.051356
14 0.292161 0.600916 0.094558 0.024241
7 0.445851 0.517328 0.188578 0.066080
0 0.272091 0.502155 0.257543 0.236847
0 0.660695 0.481235 0.311153 0.189621
