11 0.381999 0.195457 0.084635 0.177951
11 0.788737 0.124566 0.111003 0.209780
7 0.486328 0.152199 0.130534 0.048032
7 0.551921 0.187934 0.100260 0.044850
7 0.479492 0.212674 0.133138 0.050347
7 0.551351 0.244936 0.113770 0.043692
7 0.490479 0.300347 0.128418 0.060764
7 0.596761 0.328848 0.069824 0.055266
7 0.715007 0.171007 0.189453 0.083333
7 0.735107 0.278067 0.151530 0.079861
7 0.690267 0.364005 0.123698 0.092593
7 0.761475 0.560041 0.041178 0.275174
7 0.740234 0.555556 0.037435 0.273148
7 0.719808 0.566117 0.029134 0.224826
7 0.701253 0.575376 0.027832 0.190683
7 0.682943 0.566262 0.030599 0.215856
7 0.666504 0.554977 0.034505 0.234954
7 0.648275 0.532986 0.035482 0.234954
7 0.627686 0.534867 0.034017 0.246817
7 0.607015 0.520833 0.040853 0.267361
7 0.582764 0.517216 0.041178 0.272280
7 0.561117 0.507089 0.041504 0.278067
7 0.539795 0.478443 0.044434 0.294850
7 0.513346 0.481626 0.044271 0.307581
7 0.488525 0.470920 0.047689 0.314525
7 0.462728 0.450666 0.046875 0.338252
7 0.440430 0.441696 0.051758 0.345197
0 0.422770 0.500145 0.845215 0.999711
