12 0.334717 0.204500 0.160377 0.308803
12 0.745377 0.252901 0.152264 0.247099
3 0.735283 0.325644 0.061887 0.098217
1 0.359057 0.250495 0.024528 0.077554
1 0.765566 0.296490 0.026226 0.060855
9 0.391887 0.906029 0.120755 0.114350
9 0.462170 0.854090 0.096038 0.111237
9 0.543868 0.727569 0.094906 0.129918
9 0.649245 0.409284 0.078868 0.096235
8 0.734434 0.299604 0.065094 0.078970
8 0.385377 0.250920 0.030755 0.052930
0 0.285094 0.534107 0.420000 0.931786
0 0.735849 0.564110 0.528302 0.871780
10 0.334434 0.146759 0.160566 0.194452
10 0.745472 0.217379 0.150943 0.181149
