12 0.771701 0.227238 0.234375 0.164352
3 0.772569 0.260417 0.197917 0.104167
12 0.844329 0.384066 0.311343 0.221065
1 0.750000 0.224923 0.053241 0.037809
1 0.888021 0.424383 0.042245 0.039352
11 0.635995 0.737076 0.119213 0.090664
11 0.615741 0.505594 0.069444 0.076003
14 0.361690 0.681134 0.128472 0.079090
14 0.846354 0.873457 0.285301 0.102623
7 0.320023 0.336420 0.640046 0.447531
0 0.513889 0.417631 0.762731 0.610725
0 0.787616 0.600887 0.424769 0.647762
3 0.212384 0.165123 0.067130 0.033951
12 0.206597 0.143133 0.087963 0.075617
1 0.229167 0.143133 0.020833 0.020833
0 0.217014 0.142361 0.115741 0.081790
