3 0.318148 0.411549 0.086108 0.103471
3 0.711514 0.424816 0.110388 0.083611
8 0.711139 0.425901 0.110638 0.034045
12 0.293242 0.389686 0.137422 0.149533
12 0.731289 0.415053 0.148436 0.105140
11 0.476721 0.539469 0.124906 0.074933
11 0.556571 0.463368 0.091865 0.043892
14 0.869837 0.824349 0.103630 0.166722
14 0.954443 0.769109 0.091114 0.115320
14 0.081852 0.833111 0.163204 0.131509
0 0.755569 0.633428 0.488861 0.544559
0 0.268461 0.606058 0.536421 0.585280
6 0.869712 0.815587 0.076846 0.121495
6 0.955069 0.752086 0.014268 0.059913
