3 0.799125 0.378500 0.087750 0.176667
12 0.872875 0.344083 0.254250 0.289167
11 0.409250 0.552583 0.126500 0.113833
11 0.592875 0.468500 0.109750 0.095667
0 0.676375 0.589417 0.647250 0.821167
7 0.173750 0.710417 0.039000 0.165833
7 0.206250 0.706333 0.034000 0.154000
7 0.228875 0.703250 0.036250 0.119833
7 0.249125 0.696083 0.027250 0.099500
7 0.016375 0.698167 0.032750 0.064000
7 0.051000 0.695250 0.037000 0.065500
7 0.069250 0.713833 0.021000 0.035000
7 0.142250 0.512833 0.032500 0.170667
