11 0.261154 0.811477 0.031546 0.025237
11 0.351848 0.694983 0.032222 0.022082
11 0.538644 0.780081 0.036728 0.024636
12 0.333709 0.635572 0.062641 0.056482
3 0.334498 0.648190 0.051149 0.031245
12 0.458089 0.699715 0.070302 0.063392
3 0.458991 0.709479 0.057684 0.044464
12 0.586976 0.709854 0.066697 0.067147
3 0.579653 0.718492 0.052501 0.050473
12 0.592159 0.631140 0.056332 0.053928
3 0.580554 0.636022 0.032222 0.044164
1 0.305994 0.635647 0.006760 0.015472
1 0.427107 0.700090 0.006985 0.014872
8 0.458202 0.705273 0.061064 0.022833
1 0.489748 0.702343 0.005633 0.013369
1 0.609621 0.713685 0.011942 0.015322
8 0.581568 0.714962 0.071654 0.019078
14 0.311402 0.946072 0.033348 0.036353
6 0.311852 0.944570 0.030644 0.038756
14 0.671586 0.966501 0.015548 0.040559
0 0.311064 0.776776 0.139027 0.372540
0 0.429698 0.735166 0.199639 0.133393
0 0.625958 0.736668 0.211356 0.123479
0 0.615255 0.675830 0.188598 0.145110
