12 0.276175 0.432425 0.165064 0.154736
3 0.299813 0.460470 0.117788 0.097934
12 0.524172 0.258992 0.119391 0.123041
3 0.523237 0.281072 0.098825 0.078526
12 0.761218 0.424947 0.132479 0.129808
3 0.747596 0.452101 0.104701 0.074430
1 0.230101 0.432692 0.025374 0.032407
1 0.469818 0.259972 0.010684 0.029915
1 0.808494 0.433226 0.022436 0.029202
14 0.372329 0.939637 0.042735 0.037037
14 0.768296 0.961004 0.037126 0.077991
14 0.594017 0.931090 0.116453 0.077991
11 0.599225 0.614939 0.063301 0.076389
0 0.267361 0.678152 0.523504 0.643697
0 0.735043 0.678775 0.397970 0.642450
0 0.516026 0.446314 0.358440 0.496261
