3 0.617603 0.376779 0.057303 0.072409
12 0.631461 0.376280 0.085393 0.077653
3 0.282397 0.390824 0.027715 0.059800
12 0.264045 0.375531 0.066667 0.090387
3 0.057116 0.367728 0.113858 0.275780
12 0.058240 0.322784 0.116105 0.369663
1 0.660768 0.382459 0.012547 0.015855
8 0.620974 0.374657 0.078277 0.026717
11 0.637172 0.397628 0.039513 0.034207
11 0.543633 0.899376 0.313109 0.132335
11 0.236517 0.483708 0.019850 0.030337
11 0.228184 0.485705 0.029401 0.027840
14 0.542416 0.660300 0.051124 0.075905
14 0.415262 0.674844 0.048127 0.069538
14 0.407584 0.671161 0.133521 0.039950
6 0.413670 0.664732 0.040449 0.034332
6 0.333989 0.719164 0.032772 0.022097
14 0.313015 0.729338 0.087453 0.028215
0 0.608146 0.517665 0.197940 0.361673
0 0.254307 0.518727 0.411985 0.409988
