12 0.859500 0.236970 0.281000 0.411699
12 0.129000 0.322085 0.203000 0.436445
3 0.139000 0.399325 0.168000 0.262467
3 0.812000 0.296775 0.153500 0.286839
1 0.909250 0.288339 0.036500 0.098238
1 0.219000 0.304087 0.011500 0.086239
11 0.587625 0.338583 0.122750 0.184477
11 0.598000 0.555118 0.128500 0.215598
8 0.129875 0.369141 0.178750 0.196850
8 0.819125 0.280465 0.189250 0.147732
7 0.528500 0.540495 0.126000 0.348331
0 0.732750 0.450131 0.521000 0.900262
0 0.226625 0.542182 0.453250 0.899888
