12 0.511274 0.440754 0.051860 0.090628
12 0.598459 0.439910 0.043217 0.070363
12 0.668452 0.486631 0.053175 0.086124
3 0.593574 0.441317 0.030064 0.056853
3 0.521327 0.449198 0.031003 0.069800
1 0.502537 0.450887 0.013341 0.020827
1 0.606915 0.460315 0.008268 0.015480
1 0.648910 0.499578 0.006952 0.027582
11 0.502349 0.600901 0.022736 0.030397
11 0.546035 0.603715 0.022924 0.021390
11 0.611424 0.658035 0.036077 0.037152
11 0.573469 0.686603 0.034573 0.040811
14 0.568207 0.856037 0.052612 0.041373
14 0.538707 0.784689 0.026306 0.031523
14 0.560410 0.748382 0.029500 0.036589
14 0.510992 0.795103 0.028373 0.047284
0 0.637354 0.648185 0.204810 0.486350
0 0.495960 0.595553 0.118564 0.422178
