3 0.279917 0.384750 0.017833 0.022500
12 0.277333 0.374750 0.023333 0.040500
3 0.421833 0.336250 0.013667 0.051500
3 0.401917 0.354875 0.026167 0.043250
12 0.403417 0.342000 0.029500 0.067500
12 0.431917 0.326875 0.033167 0.071750
1 0.430167 0.333250 0.006000 0.018000
9 0.480500 0.550000 0.023667 0.049500
9 0.412333 0.522125 0.027333 0.042750
11 0.300667 0.428375 0.009000 0.018750
14 0.379917 0.752000 0.056833 0.042000
14 0.480333 0.746625 0.055333 0.032250
14 0.446750 0.692375 0.034500 0.060750
14 0.402083 0.725500 0.053500 0.025500
0 0.420583 0.523875 0.087500 0.428750
0 0.430333 0.532750 0.156333 0.483500
0 0.266583 0.431500 0.085500 0.155500
