12 0.154097 0.315293 0.134699 0.218575
12 0.403864 0.225093 0.109714 0.228585
12 0.646726 0.204143 0.107232 0.213687
12 0.843731 0.338222 0.153011 0.229981
11 0.519010 0.609055 0.096679 0.073790
11 0.650605 0.470554 0.079919 0.100791
11 0.665037 0.482426 0.060056 0.100326
11 0.789649 0.567854 0.048262 0.067737
11 0.826195 0.600209 0.070453 0.091946
11 0.245422 0.547835 0.070919 0.101723
11 0.306409 0.573440 0.043917 0.036080
8 0.408908 0.244879 0.098386 0.050745
5 0.169770 0.373953 0.106456 0.098929
5 0.407433 0.282356 0.095438 0.109870
5 0.644553 0.257100 0.091092 0.107775
5 0.818436 0.402235 0.094351 0.100559
1 0.126940 0.356494 0.029795 0.045391
1 0.364215 0.246392 0.024829 0.045391
1 0.690099 0.224278 0.015518 0.045391
1 0.600248 0.197509 0.005276 0.041201
1 0.864215 0.382100 0.034140 0.058892
8 0.653088 0.555633 0.057573 0.072160
0 0.433038 0.377095 0.270484 0.538175
0 0.645562 0.313431 0.281502 0.438315
0 0.188858 0.459497 0.295469 0.520950
0 0.878802 0.518156 0.242396 0.681099
