11 0.433416 0.625110 0.117202 0.133450
11 0.510947 0.674129 0.103374 0.192274
11 0.687078 0.807580 0.067819 0.078139
11 0.820823 0.817676 0.065679 0.104770
12 0.756872 0.266023 0.127078 0.268657
12 0.315720 0.300556 0.153416 0.323090
1 0.269712 0.326456 0.030123 0.079895
8 0.731852 0.269681 0.083292 0.058238
8 0.335720 0.310214 0.116049 0.059701
5 0.727737 0.334358 0.074074 0.146620
5 0.344198 0.395961 0.067819 0.139303
13 0.741235 0.622037 0.282469 0.460931
13 0.313086 0.605502 0.363457 0.444835
0 0.346420 0.484928 0.435720 0.709980
7 0.088724 0.658765 0.177449 0.526778
