12 0.739267 0.452679 0.071146 0.139333
12 0.621099 0.507078 0.072782 0.133266
12 0.498024 0.502831 0.084231 0.115066
12 0.257394 0.463195 0.060924 0.114257
12 0.181205 0.468959 0.077007 0.143984
3 0.728295 0.474621 0.047022 0.098281
3 0.613943 0.519919 0.049203 0.098281
3 0.507564 0.514156 0.036800 0.085541
3 0.266117 0.475733 0.042388 0.083519
3 0.195243 0.491507 0.042660 0.093225
1 0.757190 0.462993 0.009950 0.034985
1 0.638544 0.501517 0.012267 0.034378
1 0.239812 0.475025 0.012403 0.030334
1 0.165463 0.489585 0.014993 0.037614
11 0.798555 0.712032 0.055609 0.071992
11 0.659193 0.834884 0.061469 0.024469
11 0.695993 0.823761 0.046749 0.033771
11 0.569238 0.799798 0.031757 0.047321
11 0.570192 0.717594 0.041025 0.068959
11 0.421562 0.709505 0.041706 0.053994
11 0.316751 0.720728 0.034892 0.076441
11 0.308437 0.753286 0.030258 0.072801
11 0.145223 0.784833 0.048930 0.063094
8 0.597247 0.515470 0.025624 0.033974
8 0.514311 0.507887 0.030394 0.027705
0 0.814025 0.617796 0.371950 0.480890
0 0.299782 0.613043 0.199128 0.425683
0 0.653946 0.634783 0.231702 0.396764
0 0.129821 0.641759 0.207305 0.485541
0 0.466812 0.626188 0.242606 0.374722
14 0.209486 0.825076 0.038708 0.059050
14 0.256236 0.802831 0.052065 0.043680
14 0.357912 0.791507 0.060243 0.054601
14 0.059425 0.845298 0.062696 0.065521
14 0.984939 0.842872 0.030121 0.065521
14 0.413316 0.792619 0.027123 0.045096
