3 0.320737 0.236129 0.113848 0.095982
12 0.315475 0.230469 0.140636 0.108259
1 0.255083 0.240274 0.019373 0.033482
1 0.379933 0.238600 0.011720 0.030772
11 0.449175 0.400112 0.034442 0.083068
14 0.740851 0.626674 0.046161 0.089445
14 0.664913 0.629066 0.051662 0.070950
14 0.811768 0.632972 0.045922 0.083227
14 0.923583 0.622130 0.044726 0.066964
14 0.818584 0.603476 0.057163 0.091837
14 0.899426 0.616470 0.012198 0.050861
14 0.429443 0.882334 0.179144 0.054209
14 0.275173 0.933355 0.088256 0.051658
0 0.345731 0.566645 0.373356 0.787628
