12 0.645508 0.447638 0.013916 0.026730
3 0.644409 0.454321 0.007812 0.010436
1 0.648010 0.451666 0.003296 0.004760
12 0.672058 0.441871 0.009644 0.016294
1 0.675964 0.445624 0.002075 0.003295
11 0.635681 0.509703 0.007935 0.012450
11 0.653320 0.495514 0.005615 0.009703
11 0.668152 0.475467 0.002808 0.006225
7 0.631897 0.517942 0.040161 0.043574
14 0.683044 0.502380 0.006714 0.009154
6 0.682983 0.501007 0.005127 0.009703
0 0.663757 0.484804 0.063599 0.100696
0 0.677246 0.470157 0.022217 0.073966
