3 0.382837 0.238827 0.053693 0.119181
3 0.874457 0.254655 0.048107 0.116387
12 0.382992 0.228119 0.067660 0.143389
12 0.900372 0.238361 0.098076 0.148976
1 0.353197 0.227654 0.007449 0.035382
1 0.412787 0.231844 0.004345 0.019553
1 0.900528 0.248138 0.017691 0.030726
9 0.702514 0.350326 0.120732 0.099162
9 0.242396 0.348464 0.076350 0.133613
9 0.415891 0.395251 0.060211 0.122905
0 0.819832 0.584032 0.357852 0.831937
0 0.332247 0.575186 0.257914 0.849628
7 0.406890 0.375000 0.319677 0.132682
