12 0.060770 0.391396 0.039711 0.064380
3 0.051544 0.401023 0.022062 0.045126
12 0.110911 0.440132 0.034898 0.064380
3 0.107902 0.458183 0.025672 0.029483
12 0.156037 0.418171 0.037706 0.057762
12 0.230846 0.407040 0.031689 0.060770
3 0.230646 0.417870 0.024067 0.036703
12 0.309065 0.517148 0.028480 0.037906
12 0.339952 0.487966 0.028480 0.049338
12 0.388889 0.386282 0.029282 0.051745
12 0.447854 0.382671 0.030886 0.040915
12 0.535901 0.391998 0.028881 0.053550
3 0.537505 0.398616 0.022463 0.035499
12 0.609306 0.386883 0.028079 0.060168
3 0.608103 0.393803 0.021661 0.043923
12 0.588648 0.413357 0.018853 0.032491
12 0.657240 0.435921 0.043722 0.089651
3 0.663057 0.446751 0.032090 0.063177
12 0.858203 0.327918 0.047734 0.095066
3 0.853991 0.345668 0.037706 0.054753
11 0.041516 0.420277 0.018051 0.023466
11 0.028480 0.495187 0.020858 0.026474
11 0.119334 0.607401 0.009226 0.024669
11 0.206578 0.561071 0.016045 0.033093
11 0.284797 0.551143 0.014440 0.037304
11 0.292018 0.485860 0.017649 0.022262
11 0.428600 0.369735 0.016446 0.041516
11 0.499799 0.543020 0.012836 0.024669
11 0.618331 0.482551 0.019655 0.022864
11 0.693742 0.484657 0.018853 0.036703
11 0.656037 0.670878 0.023666 0.039711
11 0.875451 0.440433 0.022864 0.048135
11 0.824108 0.599880 0.014842 0.036101
1 0.062375 0.403430 0.006819 0.013839
1 0.336943 0.499097 0.004011 0.009025
1 0.524669 0.390193 0.004011 0.011432
1 0.620538 0.396811 0.004011 0.010229
1 0.644605 0.450662 0.008022 0.015644
1 0.874047 0.339049 0.008825 0.016245
7 0.908343 0.361312 0.079824 0.169073
6 0.549138 0.674489 0.023265 0.014440
6 0.508624 0.657641 0.014440 0.036101
14 0.139591 0.762635 0.039310 0.023466
14 0.164059 0.756919 0.017649 0.025271
14 0.069394 0.765945 0.040915 0.020457
14 0.054352 0.756619 0.018853 0.015042
14 0.257320 0.694946 0.026073 0.021661
14 0.228440 0.704573 0.017248 0.018051
14 0.389491 0.711492 0.024067 0.015042
14 0.410349 0.692840 0.025672 0.047533
14 0.441235 0.685018 0.027276 0.031889
14 0.456278 0.697052 0.016446 0.013839
14 0.509426 0.661552 0.015243 0.034296
14 0.550742 0.675391 0.018452 0.016245
14 0.603089 0.684116 0.026875 0.018051
14 0.801645 0.824007 0.057361 0.034296
14 0.885279 0.834236 0.036903 0.030686
0 0.852186 0.564681 0.158444 0.573406
0 0.057160 0.567690 0.078219 0.416968
0 0.117930 0.532491 0.057762 0.249097
0 0.156438 0.580024 0.083434 0.392298
0 0.242880 0.545427 0.099077 0.338748
0 0.392298 0.541516 0.088247 0.362214
0 0.440233 0.527076 0.075010 0.357401
0 0.527477 0.524368 0.068191 0.320698
0 0.605696 0.522262 0.063377 0.339350
0 0.661853 0.581528 0.100281 0.390493
0 0.588247 0.414260 0.018853 0.033093
0 0.353189 0.581528 0.057361 0.240072
0 0.303851 0.584838 0.055756 0.238267
