12 0.106985 0.068890 0.091090 0.137781
3 0.125478 0.098808 0.046768 0.076570
12 0.296118 0.302957 0.052728 0.129528
3 0.296959 0.324622 0.045239 0.084365
12 0.760125 0.538514 0.135565 0.258597
3 0.745147 0.593650 0.105609 0.148785
11 0.165368 0.488996 0.055021 0.069234
11 0.132661 0.493352 0.030873 0.047685
11 0.268302 0.499083 0.049366 0.054562
11 0.319425 0.509170 0.047379 0.039431
11 0.684778 0.906465 0.094299 0.098579
11 0.777549 0.892481 0.102552 0.091701
1 0.098120 0.064305 0.013449 0.036451
1 0.272276 0.299748 0.004432 0.023613
1 0.698456 0.516735 0.011004 0.049519
14 0.066560 0.928015 0.110805 0.069234
14 0.191808 0.931568 0.090784 0.077258
14 0.234831 0.817286 0.057924 0.079321
14 0.348082 0.817171 0.043558 0.060752
8 0.296882 0.318547 0.045698 0.032325
8 0.757221 0.571412 0.103164 0.125401
0 0.119135 0.486589 0.238270 0.968592
0 0.298869 0.548945 0.186612 0.619670
0 0.714657 0.681568 0.468287 0.550206
