12 0.472778 0.243950 0.073373 0.151941
3 0.472868 0.292769 0.051920 0.053742
12 0.679376 0.073579 0.051740 0.097074
3 0.679196 0.095245 0.033351 0.053742
1 0.663241 0.076393 0.005048 0.013225
14 0.462683 0.849465 0.045971 0.051773
14 0.542365 0.872116 0.036596 0.061621
11 0.321345 0.469471 0.034433 0.061058
11 0.444565 0.485087 0.029205 0.051210
11 0.649450 0.284046 0.029025 0.041362
11 0.670182 0.288829 0.020011 0.045864
0 0.642149 0.215954 0.126194 0.384074
0 0.432666 0.535453 0.256355 0.735509
7 0.678655 0.306697 0.065441 0.053461
