12 0.434583 0.544250 0.082167 0.126000
11 0.527167 0.722500 0.038333 0.045000
11 0.571333 0.618625 0.024000 0.069250
11 0.460333 0.723125 0.023333 0.043750
10 0.441500 0.536250 0.067000 0.117500
10 0.586417 0.469250 0.086500 0.130500
1 0.421583 0.575125 0.017833 0.022250
3 0.425833 0.602500 0.039000 0.051000
3 0.589833 0.530875 0.035333 0.026750
1 0.615417 0.496375 0.010833 0.022250
8 0.439667 0.603500 0.012667 0.018500
0 0.356667 0.599125 0.251667 0.318250
0 0.615083 0.571375 0.209167 0.349750
