12 0.401250 0.146232 0.178000 0.292463
12 0.658000 0.425759 0.136000 0.241845
3 0.395500 0.213348 0.121500 0.153731
3 0.650750 0.475816 0.108000 0.139483
1 0.698000 0.463067 0.023500 0.056243
1 0.329500 0.130671 0.027000 0.063367
11 0.444875 0.816085 0.090250 0.130859
11 0.406375 0.865204 0.104750 0.144357
11 0.654875 0.835583 0.054750 0.104612
11 0.712375 0.851144 0.102250 0.111736
8 0.644750 0.454631 0.108500 0.087364
2 0.855250 0.973378 0.103500 0.053243
7 0.172500 0.973378 0.048500 0.053243
0 0.666500 0.604612 0.349500 0.600300
0 0.314250 0.477315 0.354500 0.954631
