12 0.700799 0.774667 0.212288 0.145667
12 0.039086 0.610583 0.077672 0.129167
12 0.960290 0.367917 0.079421 0.101167
3 0.951548 0.372083 0.061439 0.083167
12 0.852398 0.061333 0.179321 0.122333
11 0.186563 0.694333 0.078921 0.075000
11 0.338786 0.612167 0.087662 0.077667
11 0.444930 0.633333 0.061189 0.080667
11 0.126623 0.351000 0.079920 0.096667
11 0.027223 0.173083 0.053946 0.048500
11 0.484266 0.230500 0.086414 0.059667
11 0.529471 0.149917 0.074925 0.073167
11 0.562313 0.675500 0.111139 0.054000
11 0.837038 0.497833 0.074675 0.023000
11 0.860889 0.318500 0.062438 0.043333
1 0.902847 0.106250 0.042458 0.013167
8 0.825175 0.098000 0.113387 0.060333
0 0.719905 0.135417 0.560190 0.270500
0 0.642982 0.760250 0.458791 0.344500
0 0.899975 0.452417 0.200050 0.315833
0 0.191059 0.649083 0.381618 0.323500
0 0.083666 0.417083 0.166833 0.230167
