3 0.336216 0.289782 0.080667 0.166246
12 0.334379 0.264524 0.095668 0.217681
3 0.660569 0.195637 0.067503 0.153846
12 0.678555 0.177727 0.105618 0.195178
11 0.347849 0.500459 0.081892 0.086567
11 0.563524 0.488404 0.073932 0.080367
11 0.605924 0.464409 0.073320 0.074168
14 0.481555 0.840413 0.101332 0.148794
14 0.540946 0.949598 0.126129 0.100804
8 0.335910 0.280482 0.082504 0.055339
1 0.293816 0.275775 0.014542 0.045006
1 0.378157 0.285878 0.009949 0.043169
0 0.656666 0.536165 0.452166 0.927669
0 0.275142 0.576693 0.315781 0.846613
