12 0.609250 0.474417 0.067000 0.059500
12 0.232250 0.484917 0.075000 0.062833
12 0.774375 0.497917 0.069750 0.056833
3 0.609500 0.480833 0.055000 0.045000
3 0.775250 0.503833 0.057500 0.045667
3 0.234375 0.489750 0.061750 0.052167
1 0.805000 0.500083 0.008000 0.016500
1 0.746375 0.507000 0.012750 0.014000
11 0.575875 0.628333 0.040750 0.027667
11 0.516875 0.565417 0.015750 0.022500
11 0.228000 0.571833 0.057000 0.048000
11 0.240625 0.591667 0.030250 0.027333
9 0.828750 0.653583 0.066000 0.046167
0 0.818375 0.700750 0.225750 0.459833
0 0.603000 0.610833 0.198500 0.329333
0 0.220250 0.683500 0.306000 0.461000
14 0.824750 0.895583 0.054500 0.026167
14 0.891000 0.908500 0.069500 0.041000
14 0.542875 0.747833 0.078750 0.056333
14 0.103250 0.894417 0.072000 0.041167
