3 0.206782 0.464517 0.127660 0.276145
12 0.146027 0.422186 0.250499 0.357819
3 0.267952 0.217629 0.063165 0.169821
12 0.238780 0.197211 0.123504 0.212649
3 0.699136 0.364666 0.111370 0.350847
12 0.782746 0.319472 0.283245 0.458167
8 0.703624 0.330802 0.106051 0.089890
1 0.780170 0.353461 0.047706 0.118277
1 0.117437 0.516310 0.052028 0.086902
1 0.228059 0.224851 0.019614 0.061753
11 0.490775 0.683640 0.073305 0.121265
11 0.405086 0.640189 0.078790 0.114542
0 0.770362 0.546937 0.459275 0.906125
0 0.292138 0.617903 0.584275 0.746265
