12 0.321464 0.680685 0.088645 0.061835
12 0.213396 0.675615 0.081673 0.065991
3 0.311006 0.686835 0.065239 0.044880
3 0.236678 0.680768 0.030129 0.053358
1 0.352714 0.687999 0.017181 0.025598
1 0.223606 0.682015 0.010458 0.020612
11 0.155876 0.773271 0.061753 0.047207
11 0.209412 0.809840 0.075199 0.046875
8 0.222236 0.789811 0.013695 0.015459
14 0.347361 0.931017 0.045319 0.058178
14 0.267181 0.913564 0.052789 0.059508
14 0.200324 0.972822 0.087898 0.037733
14 0.232694 0.952876 0.049054 0.026762
0 0.264816 0.794880 0.275647 0.320146
0 0.198332 0.810755 0.126743 0.368850
