12 0.158698 0.657974 0.019009 0.030603
12 0.320709 0.624784 0.010657 0.023707
12 0.537730 0.555819 0.013825 0.027155
12 0.798531 0.601509 0.007776 0.013362
11 0.358871 0.680388 0.005760 0.012500
11 0.354119 0.680603 0.004320 0.010345
11 0.597062 0.780603 0.008641 0.019828
11 0.624424 0.768103 0.015553 0.015517
14 0.109879 0.748707 0.022753 0.013793
14 0.146169 0.743966 0.012961 0.013793
10 0.319412 0.620259 0.014401 0.012931
7 0.540467 0.591164 0.077477 0.056466
7 0.681884 0.605172 0.025058 0.039655
7 0.500720 0.624353 0.005472 0.040086
7 0.605415 0.791595 0.010369 0.011638
7 0.806884 0.768534 0.031394 0.030172
14 0.945565 0.736853 0.020737 0.019397
14 0.958669 0.735776 0.009505 0.018966
14 0.514689 0.689655 0.012673 0.011207
16 0.802419 0.611207 0.010945 0.015517
12 0.592310 0.699569 0.021025 0.036207
12 0.633641 0.629095 0.017281 0.027155
3 0.638393 0.632328 0.007200 0.013793
0 0.317108 0.643534 0.018433 0.060345
0 0.133065 0.694181 0.070276 0.126293
0 0.222494 0.616595 0.019297 0.053879
0 0.367079 0.650862 0.045219 0.073276
0 0.618232 0.716595 0.074597 0.147845
0 0.655098 0.638578 0.060196 0.100431
0 0.522609 0.617888 0.048099 0.152155
0 0.948445 0.681466 0.051843 0.128448
0 0.800403 0.606250 0.016129 0.025431
