12 0.395023 0.236066 0.133849 0.102287
3 0.371104 0.243073 0.085045 0.086018
12 0.422083 0.633376 0.122735 0.130155
3 0.428123 0.652465 0.108722 0.091978
11 0.187847 0.767719 0.092534 0.109214
11 0.489249 0.605428 0.056535 0.073293
11 0.367480 0.280606 0.061367 0.036727
11 0.299348 0.401579 0.096158 0.027062
1 0.370259 0.630880 0.018604 0.031411
1 0.420271 0.247745 0.018604 0.027706
0 0.609688 0.547117 0.718773 0.723421
0 0.331723 0.774243 0.502054 0.451514
14 0.517516 0.979623 0.131433 0.040754
14 0.669002 0.880557 0.058468 0.055573
14 0.899613 0.658425 0.138439 0.089079
