12 0.119383 0.423038 0.055667 0.103622
12 0.487592 0.443410 0.053991 0.106640
12 0.844400 0.417882 0.052985 0.098843
1 0.847418 0.426811 0.009390 0.024648
11 0.045104 0.549673 0.031187 0.034960
11 0.065309 0.541373 0.019282 0.020875
11 0.413565 0.548667 0.025654 0.042505
11 0.432596 0.542757 0.021797 0.013581
6 0.424128 0.841801 0.054829 0.040241
6 0.413732 0.798038 0.017606 0.015594
11 0.758216 0.536469 0.027834 0.027163
11 0.783535 0.553068 0.041918 0.028672
5 0.116700 0.420272 0.043595 0.071429
5 0.483820 0.456615 0.037391 0.079225
5 0.832830 0.442279 0.030516 0.051056
7 0.417002 0.509054 0.069416 0.085010
7 0.045020 0.511444 0.087357 0.076710
7 0.728286 0.513078 0.062542 0.089537
8 0.468981 0.461645 0.013414 0.021881
0 0.491533 0.626509 0.189302 0.469819
0 0.113263 0.532319 0.162140 0.321177
0 0.833501 0.565392 0.173374 0.394869
