12 0.194696 0.374315 0.034951 0.049068
3 0.190070 0.381031 0.020354 0.034539
12 0.442845 0.608004 0.047697 0.071820
3 0.452097 0.625000 0.020559 0.035636
1 0.448396 0.612527 0.009457 0.019463
1 0.199733 0.368558 0.006373 0.017270
7 0.036081 0.851288 0.071752 0.066064
7 0.062089 0.733964 0.050576 0.020559
11 0.214947 0.513158 0.022410 0.031250
11 0.205387 0.523300 0.011513 0.030702
11 0.508429 0.792352 0.028783 0.036458
11 0.802015 0.570450 0.007401 0.031798
7 0.787418 0.530976 0.019737 0.090461
0 0.225535 0.516584 0.096628 0.331414
0 0.436883 0.785636 0.173109 0.428728
10 0.191406 0.363761 0.028783 0.027412
7 0.705592 0.983553 0.092516 0.017544
0 0.766961 0.525219 0.108758 0.231360
