11 0.424442 0.594122 0.045759 0.033482
11 0.465848 0.687426 0.062946 0.023363
11 0.614621 0.590848 0.046652 0.040923
12 0.543527 0.517634 0.079464 0.071875
1 0.508147 0.514063 0.009598 0.017708
3 0.542299 0.525298 0.060491 0.055357
1 0.572991 0.525521 0.009821 0.016220
12 0.691071 0.538318 0.087054 0.076042
3 0.664174 0.554241 0.033259 0.043006
0 0.358705 0.643452 0.485268 0.326488
0 0.544420 0.719420 0.480804 0.436458
14 0.164844 0.783705 0.096205 0.037649
14 0.256808 0.783557 0.127009 0.045685
14 0.414509 0.892336 0.160268 0.088244
14 0.360938 0.861086 0.113393 0.081994
