12 0.202856 0.376239 0.046557 0.051382
3 0.203247 0.381455 0.039515 0.039906
12 0.823161 0.444314 0.100156 0.069118
3 0.801056 0.466875 0.028560 0.023996
11 0.758020 0.564945 0.041862 0.023996
1 0.183881 0.387585 0.006260 0.011476
14 0.789710 0.844549 0.105243 0.062076
14 0.868153 0.825378 0.065728 0.058164
0 0.214006 0.491002 0.179186 0.294992
6 0.179382 0.647626 0.027778 0.028169
0 0.824139 0.640845 0.174100 0.472092
7 0.750391 0.559077 0.025039 0.031038
7 0.732394 0.550469 0.031299 0.013824
