12 0.250608 0.357161 0.065451 0.128385
3 0.259462 0.365755 0.046007 0.109635
12 0.377517 0.391927 0.057813 0.106250
3 0.387500 0.403255 0.038194 0.084115
12 0.483247 0.369401 0.051910 0.105469
3 0.483333 0.377474 0.043403 0.089323
12 0.621615 0.381510 0.049132 0.111979
3 0.618576 0.396745 0.042014 0.082031
12 0.735243 0.365755 0.061111 0.113802
3 0.728472 0.376042 0.047569 0.093750
11 0.246788 0.547135 0.048785 0.037500
1 0.230208 0.362500 0.012500 0.031250
1 0.461458 0.390755 0.006597 0.026302
1 0.506684 0.387500 0.005729 0.027083
11 0.533681 0.620703 0.015278 0.020573
11 0.630903 0.538542 0.025694 0.038542
11 0.651649 0.538672 0.029340 0.035677
1 0.641840 0.390104 0.007639 0.026042
11 0.785417 0.542448 0.047569 0.022917
11 0.708594 0.403906 0.029687 0.058333
1 0.756424 0.366536 0.013542 0.039323
0 0.224826 0.638151 0.186458 0.691406
0 0.511545 0.616797 0.149479 0.599740
0 0.642274 0.632943 0.153299 0.615365
0 0.826649 0.622526 0.283160 0.627344
8 0.387760 0.394141 0.046701 0.023177
8 0.239323 0.322135 0.036632 0.065625
0 0.382986 0.639583 0.151389 0.607812
14 0.171354 0.920703 0.045486 0.123698
14 0.281858 0.881120 0.046701 0.078906
14 0.370139 0.916146 0.036458 0.051042
14 0.413281 0.894141 0.049826 0.055469
14 0.484809 0.841016 0.026562 0.082552
14 0.500781 0.881380 0.064757 0.071615
14 0.698872 0.830729 0.040799 0.069792
14 0.641059 0.882292 0.023785 0.108854
14 0.753646 0.887630 0.040972 0.095573
14 0.930556 0.877865 0.077431 0.065104
