3 0.191071 0.444978 0.033929 0.080134
3 0.388690 0.441183 0.037500 0.068973
3 0.721205 0.304129 0.112054 0.197991
12 0.172470 0.435714 0.073214 0.104018
12 0.396429 0.428795 0.054464 0.095982
1 0.411012 0.446540 0.010714 0.022098
1 0.659226 0.259598 0.022619 0.061161
12 0.716518 0.260714 0.140774 0.285268
11 0.232515 0.634040 0.028720 0.060045
11 0.267634 0.645982 0.020089 0.025893
11 0.377679 0.623884 0.030952 0.033929
11 0.405952 0.486719 0.033631 0.058259
11 0.647842 0.629018 0.084375 0.102232
14 0.241592 0.839174 0.068601 0.092187
14 0.137426 0.910937 0.046875 0.102679
14 0.466220 0.805246 0.030060 0.075223
0 0.404390 0.606920 0.172470 0.450446
0 0.660863 0.403348 0.290774 0.565179
0 0.190476 0.670536 0.174107 0.576339
