12 0.689233 0.192853 0.129852 0.083487
12 0.577056 0.191081 0.137939 0.111368
3 0.579482 0.204945 0.111830 0.093192
3 0.668785 0.202403 0.081100 0.093038
1 0.521026 0.183996 0.018946 0.032502
1 0.723429 0.192853 0.027726 0.025570
11 0.370379 0.553219 0.054067 0.052218
11 0.649261 0.594270 0.052218 0.037585
11 0.794131 0.434150 0.073937 0.063001
11 0.644293 0.265250 0.063540 0.076094
8 0.585721 0.204328 0.077634 0.034042
14 0.554529 0.887554 0.079020 0.106593
14 0.715573 0.836183 0.059612 0.098121
14 0.794131 0.851818 0.092884 0.105360
14 0.220541 0.839187 0.173521 0.067776
0 0.414279 0.507856 0.553604 0.849045
0 0.801756 0.522181 0.359519 0.752002
3 0.499884 0.468808 0.058919 0.059304
