12 0.513250 0.394667 0.170000 0.197667
3 0.492375 0.423667 0.127250 0.139667
12 0.666000 0.422917 0.270500 0.253833
3 0.637875 0.456250 0.212750 0.185833
11 0.345125 0.822417 0.175750 0.076167
11 0.358375 0.782417 0.174750 0.046500
11 0.326875 0.711917 0.157750 0.057500
11 0.276375 0.645000 0.095750 0.052000
11 0.281750 0.613833 0.085500 0.034000
0 0.478625 0.517833 0.463750 0.442333
0 0.628625 0.647333 0.742750 0.705333
2 0.504500 0.396417 0.097500 0.200167
2 0.669750 0.433833 0.231500 0.290667
