12 0.198611 0.209770 0.146903 0.211549
3 0.232779 0.220717 0.081491 0.191297
12 0.637493 0.143404 0.114745 0.226054
3 0.626165 0.162972 0.082222 0.184729
1 0.670747 0.133415 0.018637 0.051724
1 0.180888 0.229338 0.031427 0.063492
0 0.213685 0.547482 0.398867 0.905036
0 0.590809 0.515326 0.464645 0.969349
9 0.565686 0.620005 0.047141 0.148057
9 0.588069 0.633826 0.078385 0.105090
9 0.365156 0.843870 0.095925 0.156814
9 0.340764 0.308019 0.070528 0.171593
15 0.591266 0.590449 0.466654 0.819102
15 0.209300 0.634647 0.390097 0.730706
