12 0.286829 0.657701 0.032426 0.024976
12 0.149720 0.686199 0.032026 0.023695
12 0.784027 0.503362 0.037230 0.030099
12 0.844075 0.508806 0.028423 0.026897
12 0.890312 0.539065 0.017614 0.024656
12 0.905124 0.545309 0.014412 0.018572
12 0.927142 0.539545 0.022418 0.023695
12 0.987990 0.521134 0.015212 0.020813
12 0.707966 0.545949 0.021217 0.016010
12 0.672138 0.556196 0.020016 0.021774
3 0.277822 0.661703 0.015212 0.018252
3 0.154524 0.685559 0.018415 0.018572
1 0.282426 0.660743 0.005204 0.008646
1 0.143715 0.688120 0.006405 0.006404
11 0.233187 0.710375 0.014011 0.020813
11 0.317054 0.739513 0.012810 0.025937
11 0.181545 0.733269 0.010809 0.010887
11 0.185148 0.730708 0.010809 0.014729
11 0.902322 0.609350 0.010408 0.015370
11 0.972578 0.606468 0.018815 0.026897
14 0.790432 0.702690 0.042834 0.015690
14 0.758607 0.701889 0.020016 0.013449
14 0.848479 0.670509 0.022018 0.032020
14 0.874900 0.667627 0.014812 0.032661
14 0.821057 0.670349 0.023219 0.017611
14 0.929544 0.665066 0.016013 0.010887
14 0.953963 0.657221 0.014412 0.024015
14 0.890312 0.648255 0.020817 0.020813
14 0.985388 0.659942 0.013211 0.014729
14 0.966974 0.651297 0.014011 0.017931
0 0.275821 0.712136 0.100080 0.131284
0 0.163131 0.726385 0.091673 0.109830
0 0.781825 0.598783 0.073659 0.221582
0 0.843875 0.589817 0.076061 0.189561
0 0.932146 0.598623 0.074059 0.140570
0 0.716974 0.593500 0.056045 0.113673
0 0.669135 0.590618 0.030825 0.086776
