12 0.601125 0.450667 0.019750 0.022000
12 0.692625 0.449417 0.016250 0.019500
11 0.641875 0.454250 0.011250 0.009500
11 0.666875 0.463167 0.012250 0.011000
11 0.615750 0.489500 0.010500 0.010667
14 0.635875 0.512333 0.015250 0.020667
14 0.649125 0.522750 0.025750 0.011833
14 0.668500 0.518250 0.009500 0.009167
6 0.649500 0.522000 0.024500 0.013333
6 0.669250 0.517833 0.008000 0.010000
14 0.618125 0.497167 0.020250 0.020000
0 0.611000 0.477333 0.075000 0.083667
0 0.681250 0.485833 0.088000 0.090667
