12 0.450500 0.373750 0.130000 0.111833
12 0.586375 0.367417 0.147750 0.136833
11 0.277500 0.531833 0.040000 0.039000
11 0.513625 0.534167 0.144750 0.083667
11 0.560625 0.446250 0.079750 0.084167
3 0.464625 0.385667 0.089750 0.084000
3 0.585250 0.385417 0.142500 0.101500
1 0.636500 0.349667 0.029500 0.031667
14 0.142375 0.839333 0.125250 0.080000
14 0.216750 0.779167 0.166000 0.034333
14 0.387250 0.922917 0.304500 0.100167
14 0.343250 0.878667 0.181500 0.079667
0 0.597750 0.635333 0.721000 0.675000
0 0.328500 0.598000 0.501500 0.563333
6 0.151375 0.821667 0.088250 0.049000
