12 0.764426 0.210924 0.151211 0.255582
12 0.263138 0.307798 0.142452 0.219169
11 0.679289 0.838028 0.082432 0.157678
11 0.747810 0.543456 0.075219 0.134662
11 0.562854 0.712298 0.057187 0.092408
11 0.456595 0.790106 0.073416 0.069392
3 0.281942 0.341807 0.102782 0.142219
3 0.757213 0.258846 0.108964 0.135692
1 0.824833 0.233253 0.025245 0.053590
1 0.220891 0.342838 0.031685 0.054964
1 0.322385 0.279629 0.014168 0.046719
6 0.283745 0.705084 0.069809 0.060804
6 0.445003 0.710409 0.058990 0.081072
6 0.668341 0.716936 0.067749 0.068018
0 0.778722 0.470457 0.348789 0.762281
0 0.377383 0.492614 0.398248 0.581931
7 0.582561 0.882686 0.154302 0.203710
14 0.674781 0.717966 0.093509 0.087942
14 0.444230 0.709378 0.063112 0.108554
14 0.282457 0.701821 0.082174 0.098248
