12 0.334311 0.492011 0.089422 0.161119
3 0.352089 0.524501 0.051733 0.098269
12 0.612711 0.461784 0.116800 0.183755
3 0.592533 0.515579 0.077156 0.075100
12 0.821067 0.259920 0.096533 0.182690
3 0.807378 0.294008 0.069156 0.113449
11 0.374667 0.765379 0.044267 0.046338
11 0.586578 0.709454 0.060978 0.092144
11 0.500533 0.750599 0.054222 0.076431
11 0.793244 0.773103 0.060444 0.076698
11 0.729333 0.710786 0.031822 0.092676
1 0.324089 0.512250 0.007822 0.015180
1 0.567111 0.466045 0.019556 0.034088
1 0.851200 0.291212 0.017067 0.029561
8 0.595911 0.505459 0.033778 0.072437
14 0.104622 0.815313 0.080178 0.101997
14 0.123644 0.794407 0.071644 0.036218
0 0.775644 0.491079 0.309333 0.643409
0 0.341778 0.572969 0.662578 0.431691
0 0.231022 0.643542 0.332622 0.478562
