12 0.524347 0.355572 0.102780 0.205711
3 0.514659 0.376674 0.068913 0.135709
1 0.481550 0.333839 0.009099 0.042456
11 0.463521 0.761562 0.065038 0.093252
11 0.568324 0.773692 0.041786 0.093252
7 0.589469 0.459060 0.014659 0.046753
7 0.605560 0.458175 0.011794 0.039929
7 0.616512 0.546753 0.011120 0.076068
7 0.647767 0.515921 0.013648 0.160475
7 0.632519 0.518448 0.015164 0.175133
7 0.617270 0.459439 0.011289 0.048522
7 0.662174 0.519586 0.013142 0.165277
7 0.674389 0.503285 0.018029 0.135203
7 0.684667 0.505307 0.016681 0.141774
7 0.471441 0.773439 0.073799 0.157948
7 0.565543 0.769396 0.053749 0.033611
8 0.516259 0.376674 0.060320 0.068992
0 0.465291 0.549280 0.283572 0.623452
