3 0.357181 0.381053 0.026641 0.062980
3 0.678987 0.407912 0.037227 0.063244
3 0.815808 0.314237 0.036344 0.066420
12 0.817219 0.302064 0.059280 0.093411
12 0.681722 0.392167 0.044460 0.096851
12 0.345889 0.367954 0.049929 0.090236
8 0.350829 0.366499 0.035462 0.026462
14 0.325776 0.952368 0.085921 0.051866
14 0.276464 0.939137 0.020819 0.043398
14 0.619707 0.940725 0.061221 0.039164
14 0.713303 0.955676 0.033522 0.040487
14 0.794901 0.985181 0.049224 0.029637
7 0.382410 0.667108 0.088038 0.199524
0 0.676782 0.659566 0.175723 0.631649
0 0.325953 0.650172 0.118031 0.656258
0 0.843066 0.627415 0.152964 0.745171
