11 0.323914 0.377129 0.014526 0.022890
11 0.258667 0.641366 0.031006 0.049258
11 0.278198 0.567204 0.026855 0.030214
12 0.235718 0.431881 0.042969 0.087347
3 0.246948 0.450925 0.018799 0.049258
12 0.336243 0.224226 0.033325 0.064640
3 0.336853 0.238143 0.028931 0.034243
1 0.322510 0.225783 0.003662 0.009156
0 0.304016 0.353140 0.097534 0.321370
7 0.385193 0.505036 0.119019 0.247574
0 0.214661 0.652811 0.120239 0.528841
6 0.306396 0.495971 0.016357 0.007142
6 0.207397 0.905420 0.033447 0.022523
