6 0.154358 0.153424 0.032349 0.042841
6 0.175720 0.184090 0.032837 0.054742
6 0.260742 0.694434 0.042969 0.040644
6 0.242920 0.846027 0.061768 0.056390
6 0.763000 0.842823 0.060425 0.064262
6 0.716797 0.704138 0.036377 0.041743
6 0.675781 0.381911 0.026367 0.051629
6 0.696777 0.468418 0.043457 0.053643
6 0.330383 0.406170 0.026245 0.061699
6 0.427917 0.340352 0.030151 0.029659
6 0.819763 0.416331 0.030396 0.045405
6 0.887573 0.421824 0.033936 0.049066
14 0.207642 0.338887 0.034180 0.053460
14 0.263245 0.395276 0.031616 0.069938
11 0.826050 0.959539 0.052734 0.080923
11 0.577820 0.627792 0.049438 0.056756
11 0.620361 0.226840 0.024902 0.051263
11 0.644043 0.320762 0.040527 0.043940
9 0.207581 0.806390 0.172974 0.227572
9 0.224731 0.526822 0.093506 0.066825
9 0.880188 0.368180 0.051636 0.084584
9 0.834595 0.280483 0.026367 0.061882
9 0.281921 0.306115 0.052124 0.127060
9 0.417114 0.273160 0.067139 0.166606
7 0.645996 0.220157 0.100098 0.068290
7 0.602295 0.267576 0.068359 0.089161
7 0.800842 0.321128 0.042358 0.105822
7 0.832336 0.357470 0.061157 0.141889
7 0.510193 0.613786 0.124146 0.261260
7 0.316101 0.650952 0.087769 0.154705
7 0.257751 0.307671 0.095093 0.071219
0 0.147217 0.705602 0.294189 0.459905
0 0.746216 0.734804 0.386719 0.530392
0 0.353577 0.252746 0.195679 0.370011
0 0.701355 0.272885 0.212036 0.445075
0 0.902710 0.218418 0.194580 0.435738
0 0.135071 0.105090 0.114380 0.209813
