12 0.570107 0.362201 0.055192 0.093301
12 0.487797 0.353589 0.042112 0.086124
3 0.490908 0.355981 0.036529 0.069856
3 0.555751 0.367464 0.022332 0.060766
1 0.470649 0.356459 0.006221 0.022967
1 0.562131 0.347608 0.003509 0.010526
11 0.589887 0.636124 0.020737 0.044976
11 0.477987 0.559211 0.025044 0.046651
8 0.497129 0.356699 0.032063 0.019617
14 0.435875 0.864593 0.035891 0.084689
14 0.487797 0.845215 0.060935 0.048804
14 0.552879 0.815670 0.058383 0.059569
14 0.583506 0.852392 0.054554 0.070335
0 0.463950 0.607656 0.114691 0.574641
0 0.579119 0.620933 0.098421 0.601196
