12 0.358119 0.377251 0.047848 0.058465
12 0.464160 0.405375 0.037502 0.075921
12 0.698411 0.369216 0.040089 0.075644
3 0.686311 0.383070 0.015518 0.049044
3 0.462498 0.417983 0.034177 0.050707
1 0.694347 0.369493 0.006466 0.018011
1 0.469610 0.394985 0.008868 0.018565
11 0.646961 0.423247 0.017366 0.016348
11 0.635877 0.444722 0.026603 0.027154
11 0.448273 0.494597 0.023832 0.030479
11 0.449104 0.523691 0.025125 0.032142
9 0.491594 0.573843 0.037687 0.015517
9 0.680676 0.551538 0.041567 0.024661
14 0.642250 0.530618 0.046000 0.036575
14 0.627194 0.518288 0.041751 0.033527
0 0.480972 0.471045 0.120266 0.206705
0 0.681323 0.443336 0.151857 0.225547
7 0.611214 0.571488 0.059671 0.011915
7 0.676981 0.557772 0.024201 0.013854
7 0.405321 0.614852 0.065398 0.050429
7 0.328376 0.611665 0.051173 0.051261
0 0.346111 0.477002 0.109182 0.257412
