12 0.428819 0.362253 0.036367 0.067160
12 0.795779 0.356086 0.050987 0.095943
11 0.399397 0.609101 0.018823 0.056469
1 0.414291 0.370340 0.005117 0.019737
1 0.444719 0.370888 0.004203 0.016996
11 0.849050 0.640488 0.017909 0.057292
11 0.715369 0.625137 0.026499 0.050713
1 0.785270 0.363624 0.007310 0.027686
0 0.422789 0.557840 0.133224 0.457237
0 0.780154 0.601151 0.156067 0.584430
14 0.372624 0.740543 0.032529 0.040844
14 0.453216 0.769737 0.030702 0.032346
14 0.742964 0.830181 0.045870 0.044134
14 0.770011 0.870477 0.061586 0.045779
