12 0.850446 0.386942 0.086607 0.146652
12 0.289137 0.599888 0.068750 0.107366
3 0.304092 0.603795 0.037054 0.095982
12 0.199554 0.331362 0.206548 0.350223
3 0.255134 0.386496 0.079315 0.211384
11 0.510342 0.813504 0.090923 0.084152
11 0.310640 0.652232 0.043006 0.081696
11 0.317634 0.645871 0.026339 0.068973
11 0.753869 0.541741 0.025298 0.033929
11 0.927827 0.805134 0.048512 0.055357
8 0.829836 0.396763 0.041518 0.033705
1 0.213765 0.332366 0.040030 0.104464
1 0.837872 0.395536 0.011756 0.030804
0 0.855283 0.572545 0.235268 0.513839
0 0.277753 0.577344 0.555208 0.845313
