11 0.211028 0.569485 0.010496 0.018270
11 0.348387 0.559767 0.007386 0.015938
11 0.168459 0.548591 0.005443 0.007969
14 0.364455 0.630224 0.014902 0.017687
14 0.374692 0.637026 0.009460 0.011856
14 0.800959 0.577843 0.006738 0.017881
14 0.820461 0.584937 0.011533 0.008746
14 0.759751 0.622838 0.013218 0.011856
14 0.779448 0.626822 0.008812 0.007775
14 0.181482 0.658309 0.014643 0.013994
11 0.731696 0.513800 0.004276 0.007969
3 0.734936 0.487755 0.004535 0.006803
0 0.191784 0.564431 0.050797 0.211079
0 0.368861 0.557143 0.058961 0.182119
0 0.773487 0.552478 0.038875 0.156074
0 0.818129 0.532264 0.051445 0.115646
0 0.731631 0.499320 0.020474 0.041205
