12 0.202000 0.486667 0.186000 0.110333
12 0.657875 0.473083 0.106750 0.094500
12 0.852875 0.483917 0.168250 0.100500
3 0.259250 0.502250 0.060500 0.057167
3 0.800375 0.490750 0.063750 0.069500
3 0.644250 0.481167 0.078500 0.078000
1 0.840375 0.496417 0.016250 0.016500
1 0.693000 0.479500 0.020500 0.024667
11 0.764500 0.670917 0.047000 0.049167
11 0.759625 0.671667 0.047250 0.038667
11 0.651125 0.604417 0.058250 0.027833
11 0.455125 0.627167 0.092750 0.047667
11 0.430375 0.632167 0.096750 0.055667
11 0.540375 0.615083 0.050750 0.029833
0 0.654625 0.535250 0.281250 0.224500
0 0.816250 0.717083 0.300500 0.565833
0 0.297375 0.684833 0.487250 0.509333
14 0.370250 0.926250 0.058000 0.031500
14 0.468625 0.853333 0.143750 0.044333
14 0.770750 0.970000 0.071000 0.060000
14 0.829000 0.968250 0.041000 0.063500
6 0.743375 0.968167 0.073750 0.063667
