12 0.267435 0.389353 0.090769 0.184412
12 0.538967 0.206913 0.168393 0.314544
12 0.765270 0.243679 0.102366 0.180237
11 0.544379 0.657388 0.102211 0.122477
11 0.647132 0.679193 0.118448 0.110415
11 0.260786 0.631292 0.066028 0.054976
11 0.266352 0.685456 0.041905 0.044537
11 0.844209 0.423336 0.087367 0.120622
5 0.270373 0.427975 0.071285 0.102528
8 0.272383 0.404778 0.068811 0.052424
5 0.537498 0.267803 0.123705 0.194154
5 0.769677 0.289840 0.093552 0.097657
1 0.485001 0.205289 0.024277 0.077012
1 0.723442 0.261076 0.015308 0.033635
1 0.233648 0.387961 0.012370 0.038274
0 0.793258 0.574693 0.292872 0.845048
0 0.244936 0.644398 0.181846 0.702853
0 0.490413 0.526212 0.430648 0.947576
