12 0.601448 0.391544 0.040671 0.079657
12 0.617762 0.253523 0.032399 0.066483
3 0.604550 0.399663 0.030331 0.047488
3 0.619256 0.268382 0.022059 0.024510
1 0.586742 0.391850 0.008042 0.020221
11 0.542969 0.569087 0.019761 0.035233
11 0.548254 0.582108 0.022059 0.036152
11 0.628562 0.412990 0.015855 0.037990
11 0.603860 0.328738 0.022059 0.025123
14 0.575138 0.825368 0.046415 0.030637
14 0.520335 0.822917 0.057215 0.035539
6 0.669577 0.477328 0.019761 0.021446
14 0.484490 0.354320 0.020910 0.062194
7 0.622932 0.421262 0.011489 0.039216
0 0.657744 0.358303 0.114200 0.264400
0 0.557560 0.575061 0.150506 0.526348
0 0.200368 0.384038 0.022978 0.139400
