8 0.401858 0.412319 0.057315 0.027569
3 0.396624 0.409876 0.069877 0.066306
3 0.551165 0.412406 0.104161 0.076252
12 0.371761 0.399232 0.120649 0.085500
12 0.552866 0.376287 0.121172 0.147793
11 0.433656 0.578259 0.088982 0.046065
11 0.449359 0.550253 0.063334 0.039609
11 0.538602 0.531757 0.074326 0.036817
11 0.443601 0.539347 0.083748 0.024429
14 0.318372 0.761298 0.073541 0.088990
14 0.407878 0.766097 0.121696 0.054266
14 0.579822 0.894521 0.211725 0.086372
14 0.596048 0.852992 0.178749 0.047636
0 0.384847 0.580003 0.384454 0.451230
0 0.623790 0.620921 0.467679 0.635317
6 0.324522 0.757285 0.060194 0.073984
6 0.407092 0.767318 0.113321 0.044495
