12 0.462582 0.359347 0.078638 0.156598
3 0.479606 0.374903 0.045627 0.110967
1 0.456187 0.345605 0.011234 0.032149
0 0.481853 0.351180 0.038023 0.042261
9 0.524974 0.638579 0.049602 0.059113
0 0.438213 0.640783 0.273937 0.718434
7 0.213360 0.328623 0.020221 0.148043
7 0.228050 0.346513 0.008814 0.115375
7 0.233840 0.321623 0.007605 0.060928
7 0.239889 0.321882 0.006568 0.060410
7 0.245334 0.317604 0.007086 0.052891
7 0.252420 0.325382 0.007432 0.070521
7 0.258296 0.330827 0.006049 0.079336
7 0.263999 0.312549 0.005358 0.039150
7 0.270567 0.321753 0.005703 0.064299
7 0.282060 0.312808 0.007605 0.039668
7 0.288541 0.308919 0.005012 0.033446
7 0.329157 0.316438 0.012617 0.071299
7 0.350847 0.326808 0.016937 0.074410
7 0.341082 0.324086 0.013308 0.058076
7 0.343674 0.392792 0.018493 0.043557
7 0.332354 0.371921 0.012098 0.078558
7 0.263308 0.404200 0.023332 0.019186
7 0.279813 0.384496 0.009679 0.012963
7 0.283702 0.387996 0.008469 0.042261
7 0.288109 0.388644 0.005876 0.037853
7 0.291393 0.386051 0.005876 0.035261
7 0.293640 0.393052 0.006222 0.030075
7 0.201175 0.406145 0.009679 0.048483
7 0.243692 0.397978 0.009679 0.059113
7 0.250173 0.396941 0.009160 0.060669
7 0.236260 0.406663 0.005531 0.043816
7 0.235741 0.381903 0.008296 0.035779
7 0.222261 0.409515 0.018666 0.039150
7 0.231075 0.409126 0.011753 0.036816
7 0.210076 0.409904 0.006740 0.038890
7 0.221137 0.480166 0.010197 0.028520
7 0.212669 0.485092 0.009851 0.026964
7 0.204718 0.486777 0.009851 0.029297
7 0.199965 0.490277 0.007605 0.023853
7 0.193484 0.491574 0.006740 0.021779
7 0.187522 0.492092 0.006568 0.014519
7 0.217940 0.550298 0.039060 0.032927
14 0.458780 0.964221 0.083477 0.053928
14 0.330280 0.980944 0.054960 0.038113
