12 0.438527 0.462368 0.025528 0.058539
12 0.373533 0.604093 0.023474 0.045335
12 0.422242 0.735475 0.026408 0.053697
9 0.439114 0.655150 0.012617 0.025088
9 0.406837 0.544674 0.007923 0.015405
9 0.459507 0.556118 0.010563 0.017165
11 0.359302 0.823283 0.011444 0.025968
11 0.435006 0.854313 0.010270 0.016725
14 0.414613 0.933979 0.016432 0.020246
14 0.369718 0.935079 0.015845 0.019806
10 0.424296 0.730414 0.029343 0.043574
10 0.438234 0.453125 0.025528 0.040053
10 0.373093 0.598592 0.020833 0.034331
13 0.399208 0.829886 0.085387 0.187940
13 0.393339 0.678697 0.067782 0.124120
13 0.443222 0.562500 0.068369 0.186620
7 0.368104 0.838468 0.013204 0.084507
0 0.439847 0.545995 0.074531 0.222271
0 0.404049 0.658891 0.092136 0.161972
0 0.397300 0.828565 0.094484 0.241637
