12 0.513024 0.576227 0.029956 0.049477
3 0.506512 0.585479 0.014327 0.027755
12 0.650690 0.549477 0.023444 0.046661
3 0.649909 0.558327 0.017192 0.028158
11 0.483850 0.616653 0.009117 0.016090
9 0.679213 0.648431 0.012243 0.028962
9 0.671920 0.595736 0.013285 0.026549
9 0.371060 0.565567 0.014327 0.030571
14 0.527351 0.836887 0.014327 0.018101
14 0.488539 0.838294 0.029435 0.020113
14 0.640531 0.770113 0.026569 0.016492
14 0.631935 0.732502 0.014587 0.020113
14 0.362334 0.620274 0.021881 0.025744
10 0.375619 0.496179 0.009898 0.026951
10 0.513024 0.569992 0.029435 0.036203
10 0.650430 0.539220 0.023444 0.026951
15 0.654858 0.661706 0.060953 0.184232
15 0.379526 0.574618 0.055744 0.116251
15 0.505210 0.724256 0.060172 0.250603
0 0.654858 0.651046 0.060432 0.253017
0 0.505340 0.700523 0.061474 0.295656
0 0.379526 0.556919 0.056786 0.153258
