12 0.694901 0.302495 0.135051 0.227248
3 0.681012 0.353344 0.098136 0.127193
12 0.169865 0.418997 0.216923 0.368695
1 0.737390 0.299890 0.016813 0.047149
11 0.470669 0.805236 0.121528 0.112664
11 0.343476 0.690378 0.069993 0.107730
11 0.299982 0.693942 0.064876 0.096217
11 0.498355 0.586486 0.057383 0.079221
11 0.700475 0.665707 0.065789 0.072643
11 0.610380 0.897341 0.115497 0.146107
0 0.675164 0.470395 0.410270 0.566338
0 0.335892 0.607593 0.671784 0.779331
0 0.194444 0.512336 0.388889 0.595943
