12 0.195132 0.364488 0.076786 0.088814
3 0.202949 0.381402 0.059964 0.048248
12 0.790125 0.227695 0.050465 0.052695
3 0.788640 0.238140 0.037601 0.027493
11 0.180388 0.609367 0.048882 0.048113
14 0.314467 0.811590 0.105680 0.040431
14 0.117356 0.830526 0.073224 0.024394
1 0.168316 0.372709 0.010885 0.012534
1 0.773204 0.225202 0.009499 0.008356
7 0.214526 0.653437 0.104492 0.141914
7 0.806847 0.301550 0.036810 0.268059
0 0.220364 0.579447 0.298634 0.516307
0 0.751435 0.326617 0.132990 0.259434
